SEF	1.0.0
ID	SUWALKI
Name	SUWALKI
Lat	54.1300
Lon	22.9500
Alt	0.0
Source	ISPDv4
Link	
Vbl	mslp
Stat	point
Units	hPa
Meta	
Year	Month	Day	Hour	Minute	Period	Value	Meta
1952	1	1	6	0	0	1009.30	
1952	1	1	12	0	0	1008.60	
1952	1	2	0	0	0	1002.30	
1952	1	2	6	0	0	1001.80	
1952	1	2	18	0	0	998.40	
1952	1	3	0	0	0	998.40	
1952	1	3	12	0	0	998.40	
1952	1	3	18	0	0	1003.10	
1952	1	4	6	0	0	1008.90	
1952	1	4	12	0	0	1011.60	
1952	1	4	18	0	0	1013.60	
1952	1	5	6	0	0	1013.30	
1952	1	5	12	0	0	1014.90	
1952	1	5	18	0	0	1017.60	
1952	1	6	0	0	0	1020.90	
1952	1	6	6	0	0	1026.20	
1952	1	6	18	0	0	1032.10	
1952	1	7	6	0	0	1029.60	
1952	1	7	18	0	0	1024.20	
1952	1	8	6	0	0	1022.20	
1952	1	9	0	0	0	1020.80	
1952	1	9	6	0	0	1016.10	
1952	1	9	12	0	0	1010.40	
1952	1	10	0	0	0	1003.10	
1952	1	10	6	0	0	1002.20	
1952	1	11	0	0	0	993.30	
1952	1	11	6	0	0	986.20	
1952	1	11	12	0	0	979.50	
1952	1	11	18	0	0	976.50	
1952	1	12	6	0	0	978.70	
1952	1	12	12	0	0	981.90	
1952	1	13	0	0	0	990.30	
1952	1	13	6	0	0	994.60	
1952	1	13	12	0	0	1000.70	
1952	1	13	18	0	0	1006.70	
1952	1	14	0	0	0	1010.90	
1952	1	14	12	0	0	1010.30	
1952	1	14	18	0	0	1004.00	
1952	1	15	0	0	0	1000.50	
1952	1	15	6	0	0	1003.80	
1952	1	15	12	0	0	1006.40	
1952	1	15	18	0	0	1004.20	
1952	1	16	0	0	0	1000.70	
1952	1	16	6	0	0	998.00	
1952	1	16	12	0	0	1000.30	
1952	1	16	18	0	0	1003.70	
1952	1	17	6	0	0	1006.80	
1952	1	17	12	0	0	1009.00	
1952	1	17	18	0	0	1007.30	
1952	1	18	6	0	0	1003.20	
1952	1	18	12	0	0	1003.10	
1952	1	18	18	0	0	1004.40	
1952	1	19	0	0	0	1004.60	
1952	1	19	6	0	0	1005.20	
1952	1	19	12	0	0	1007.20	
1952	1	19	18	0	0	1008.90	
1952	1	20	0	0	0	1009.80	
1952	1	20	12	0	0	1011.50	
1952	1	20	18	0	0	1013.80	
1952	1	22	6	0	0	1031.40	
1952	1	23	6	0	0	1031.90	
1952	1	23	12	0	0	1030.20	
1952	1	25	12	0	0	1005.90	
1952	1	26	0	0	0	1003.20	
1952	1	26	18	0	0	999.70	
1952	1	30	18	0	0	1015.70	
1952	1	31	18	0	0	1012.10	qc_reject
1952	2	1	6	0	0	998.00	
1952	2	1	12	0	0	996.20	
1952	2	2	6	0	0	997.70	
1952	2	2	12	0	0	997.90	
1952	2	3	6	0	0	997.50	
1952	2	3	12	0	0	998.80	
1952	2	4	6	0	0	1005.30	
1952	2	4	12	0	0	1007.40	
1952	2	5	0	0	0	1010.40	
1952	2	5	6	0	0	1011.40	
1952	2	6	0	0	0	1018.90	
1952	2	6	6	0	0	1022.20	
1952	2	6	12	0	0	1024.90	
1952	2	6	18	0	0	1025.50	
1952	2	7	0	0	0	1020.20	
1952	2	7	6	0	0	1012.50	
1952	2	7	12	0	0	1007.90	
1952	2	7	18	0	0	1004.40	
1952	2	8	0	0	0	996.40	
1952	2	8	6	0	0	995.50	
1952	2	8	12	0	0	991.70	
1952	2	8	18	0	0	989.00	
1952	2	9	0	0	0	986.60	
1952	2	9	6	0	0	984.90	
1952	2	9	12	0	0	987.70	
1952	2	9	18	0	0	990.80	
1952	2	10	0	0	0	990.30	
1952	2	10	6	0	0	993.20	
1952	2	10	12	0	0	995.30	
1952	2	10	18	0	0	999.60	
1952	2	11	0	0	0	1001.30	
1952	2	11	6	0	0	1000.60	
1952	2	11	12	0	0	996.30	
1952	2	12	0	0	0	989.00	
1952	2	12	6	0	0	989.20	
1952	2	13	0	0	0	1006.60	
1952	2	13	6	0	0	1010.70	
1952	2	13	12	0	0	1013.10	
1952	2	13	18	0	0	1015.40	
1952	2	14	0	0	0	1016.50	
1952	2	14	6	0	0	1017.80	
1952	2	14	18	0	0	1015.90	
1952	2	15	0	0	0	1013.50	
1952	2	15	6	0	0	1014.10	
1952	2	15	12	0	0	1014.60	
1952	2	15	18	0	0	1015.80	
1952	2	16	0	0	0	1017.40	
1952	2	16	6	0	0	1017.10	
1952	2	17	0	0	0	1017.80	
1952	2	17	6	0	0	1017.20	
1952	2	17	12	0	0	1017.00	
1952	2	17	18	0	0	1018.30	
1952	2	18	6	0	0	1017.00	
1952	2	18	12	0	0	1017.20	
1952	2	18	18	0	0	1017.50	
1952	2	19	0	0	0	1016.40	
1952	2	19	6	0	0	1015.70	
1952	2	19	12	0	0	1013.60	
1952	2	19	18	0	0	1013.10	
1952	2	20	6	0	0	1014.60	
1952	2	20	18	0	0	1019.20	
1952	2	21	0	0	0	1018.00	
1952	2	21	6	0	0	1010.40	
1952	2	21	12	0	0	1004.30	
1952	2	22	0	0	0	1002.30	
1952	2	22	6	0	0	1001.60	
1952	2	22	18	0	0	1005.10	
1952	2	23	0	0	0	1005.70	
1952	2	23	6	0	0	1005.30	
1952	2	23	12	0	0	1002.60	
1952	2	23	18	0	0	1003.00	
1952	2	24	0	0	0	1001.00	qc_reject
1952	2	24	18	0	0	1024.30	
1952	2	25	0	0	0	1026.80	
1952	2	25	6	0	0	1026.90	
1952	2	25	12	0	0	1025.80	
1952	2	25	18	0	0	1025.80	
1952	2	26	0	0	0	1026.00	
1952	2	26	6	0	0	1024.80	
1952	2	26	18	0	0	1017.40	
1952	2	27	0	0	0	1017.30	
1952	2	27	6	0	0	1018.60	
1952	2	27	12	0	0	1020.50	
1952	2	27	18	0	0	1021.30	
1952	2	28	0	0	0	1022.20	
1952	2	28	6	0	0	1023.50	
1952	2	28	18	0	0	1025.20	
1952	2	29	0	0	0	1024.20	
1952	2	29	6	0	0	1022.00	
1952	2	29	12	0	0	1018.20	
1952	2	29	18	0	0	1016.30	
1952	3	1	0	0	0	1014.00	
1952	3	1	6	0	0	1009.40	
1952	3	1	12	0	0	1002.60	
1952	3	1	18	0	0	1004.80	
1952	3	2	0	0	0	1007.20	
1952	3	2	6	0	0	1007.60	
1952	3	2	12	0	0	1007.60	
1952	3	2	18	0	0	1008.90	
1952	3	3	0	0	0	1011.00	
1952	3	3	6	0	0	1013.70	
1952	3	3	12	0	0	1015.70	
1952	3	3	18	0	0	1017.10	
1952	3	4	0	0	0	1021.80	
1952	3	4	6	0	0	1023.80	
1952	3	4	12	0	0	1024.10	
1952	3	4	18	0	0	1023.60	
1952	3	5	0	0	0	1023.00	
1952	3	5	6	0	0	1021.80	
1952	3	5	12	0	0	1022.10	
1952	3	5	18	0	0	1024.10	
1952	3	6	0	0	0	1026.10	
1952	3	6	18	0	0	1032.10	
1952	3	7	0	0	0	1033.70	
1952	3	7	6	0	0	1035.20	
1952	3	7	12	0	0	1036.50	
1952	3	7	18	0	0	1038.20	
1952	3	8	0	0	0	1040.10	
1952	3	8	6	0	0	1041.30	
1952	3	8	12	0	0	1040.10	
1952	3	8	18	0	0	1039.50	
1952	3	9	0	0	0	1038.40	
1952	3	9	6	0	0	1035.80	
1952	3	9	18	0	0	1030.00	
1952	3	10	0	0	0	1028.80	
1952	3	10	6	0	0	1026.30	
1952	3	10	18	0	0	1023.20	
1952	3	11	0	0	0	1023.00	
1952	3	11	6	0	0	1021.70	
1952	3	11	12	0	0	1017.50	
1952	3	11	18	0	0	1015.00	
1952	3	12	0	0	0	1012.50	
1952	3	12	6	0	0	1010.20	
1952	3	12	12	0	0	1009.90	
1952	3	12	18	0	0	1008.50	
1952	3	14	0	0	0	1004.60	
1952	3	14	6	0	0	1010.00	
1952	3	14	12	0	0	1014.70	
1952	3	14	18	0	0	1018.20	
1952	3	15	0	0	0	1019.30	
1952	3	15	6	0	0	1016.70	
1952	3	15	12	0	0	1014.00	
1952	3	15	18	0	0	1014.00	
1952	3	16	0	0	0	1013.20	
1952	3	16	6	0	0	1011.10	
1952	3	16	12	0	0	1010.00	
1952	3	16	18	0	0	1010.00	
1952	3	17	0	0	0	1010.30	
1952	3	17	6	0	0	1012.50	
1952	3	17	12	0	0	1016.00	
1952	3	17	18	0	0	1019.60	
1952	3	18	12	0	0	1026.60	
1952	3	19	0	0	0	1027.50	
1952	3	19	12	0	0	1020.90	
1952	3	19	18	0	0	1020.00	
1952	3	20	0	0	0	1018.80	
1952	3	20	6	0	0	1015.80	
1952	3	20	12	0	0	1012.30	
1952	3	21	12	0	0	1008.90	
1952	3	22	0	0	0	1015.40	
1952	3	22	6	0	0	1016.00	
1952	3	22	18	0	0	1011.40	
1952	3	23	0	0	0	1008.00	
1952	3	23	6	0	0	1006.00	
1952	3	23	12	0	0	1007.80	
1952	3	23	18	0	0	1012.10	
1952	3	24	0	0	0	1011.60	
1952	3	24	6	0	0	1008.00	
1952	3	24	12	0	0	1002.70	
1952	3	24	18	0	0	1002.20	
1952	3	25	0	0	0	1002.80	
1952	3	25	6	0	0	1003.00	
1952	3	25	12	0	0	1005.80	
1952	3	25	18	0	0	1007.60	
1952	3	26	0	0	0	1007.90	
1952	3	26	6	0	0	1010.70	
1952	3	26	12	0	0	1012.60	
1952	3	26	18	0	0	1013.30	
1952	3	27	0	0	0	1013.60	
1952	3	27	6	0	0	1013.10	
1952	3	27	18	0	0	1013.10	
1952	3	28	6	0	0	1013.20	
1952	3	28	12	0	0	1014.10	
1952	3	28	18	0	0	1014.50	
1952	3	29	0	0	0	1014.80	
1952	3	29	6	0	0	1013.40	
1952	3	29	12	0	0	1011.10	
1952	3	29	18	0	0	1010.40	
1952	3	30	0	0	0	1010.40	
1952	3	30	6	0	0	1011.30	
1952	3	30	18	0	0	1007.90	
1952	3	31	0	0	0	1007.40	
1952	3	31	6	0	0	1007.50	
1952	3	31	12	0	0	1007.40	
1952	3	31	18	0	0	1005.40	
1952	4	1	6	0	0	997.50	
1952	4	1	12	0	0	990.90	
1952	4	1	18	0	0	994.20	
1952	4	2	6	0	0	997.30	
1952	4	2	12	0	0	1001.10	
1952	4	2	18	0	0	1005.10	
1952	4	3	0	0	0	1008.60	
1952	4	3	6	0	0	1011.70	
1952	4	3	12	0	0	1013.60	
1952	4	4	6	0	0	1017.10	
1952	4	4	12	0	0	1021.20	
1952	4	4	18	0	0	1023.10	
1952	4	5	0	0	0	1021.30	
1952	4	5	6	0	0	1023.80	
1952	4	5	12	0	0	1023.40	
1952	4	5	18	0	0	1023.20	
1952	4	6	0	0	0	1022.90	
1952	4	6	6	0	0	1022.50	
1952	4	6	12	0	0	1022.20	
1952	4	6	18	0	0	1023.20	
1952	4	7	12	0	0	1027.00	
1952	4	7	18	0	0	1027.70	
1952	4	8	6	0	0	1027.60	
1952	4	8	12	0	0	1026.90	
1952	4	8	18	0	0	1026.60	
1952	4	9	6	0	0	1023.40	
1952	4	9	12	0	0	1022.60	
1952	4	9	18	0	0	1021.60	
1952	4	10	0	0	0	1022.60	
1952	4	10	6	0	0	1024.30	
1952	4	10	12	0	0	1025.90	
1952	4	10	18	0	0	1026.50	
1952	4	11	6	0	0	1027.80	
1952	4	11	12	0	0	1027.30	
1952	4	11	18	0	0	1027.40	
1952	4	12	0	0	0	1027.90	
1952	4	12	12	0	0	1024.50	
1952	4	12	18	0	0	1023.20	
1952	4	13	0	0	0	1023.70	
1952	4	13	6	0	0	1022.70	
1952	4	13	12	0	0	1021.40	
1952	4	13	18	0	0	1021.70	
1952	4	14	6	0	0	1025.40	
1952	4	14	12	0	0	1025.70	
1952	4	14	18	0	0	1025.30	
1952	4	15	0	0	0	1026.10	
1952	4	15	6	0	0	1026.30	
1952	4	15	12	0	0	1023.70	
1952	4	15	18	0	0	1022.40	
1952	4	16	0	0	0	1022.00	
1952	4	16	12	0	0	1016.40	
1952	4	16	18	0	0	1018.20	
1952	4	17	0	0	0	1022.90	
1952	4	17	6	0	0	1025.00	
1952	4	17	18	0	0	1023.00	
1952	4	18	0	0	0	1022.70	
1952	4	18	6	0	0	1018.20	
1952	4	18	12	0	0	1016.40	
1952	4	18	18	0	0	1017.90	
1952	4	19	0	0	0	1017.50	
1952	4	19	6	0	0	1014.90	
1952	4	19	12	0	0	1009.60	
1952	4	20	6	0	0	1011.00	
1952	4	20	18	0	0	1012.10	
1952	4	21	0	0	0	1012.50	
1952	4	21	6	0	0	1011.50	
1952	4	21	12	0	0	1010.30	
1952	4	22	6	0	0	1010.50	
1952	4	22	12	0	0	1010.10	
1952	4	22	18	0	0	1011.40	
1952	4	23	0	0	0	1013.10	
1952	4	23	6	0	0	1014.50	
1952	4	23	12	0	0	1013.70	
1952	4	23	18	0	0	1017.10	
1952	4	24	6	0	0	1016.10	
1952	4	24	12	0	0	1016.50	
1952	4	24	18	0	0	1016.70	
1952	4	25	0	0	0	1017.40	
1952	4	25	6	0	0	1019.10	
1952	4	25	12	0	0	1018.00	
1952	4	25	18	0	0	1019.00	
1952	4	26	0	0	0	1018.20	
1952	4	26	6	0	0	1018.30	
1952	4	26	12	0	0	1018.10	
1952	4	26	18	0	0	1017.80	
1952	4	27	0	0	0	1016.80	
1952	4	27	6	0	0	1016.70	
1952	4	27	12	0	0	1015.30	
1952	4	27	18	0	0	1015.00	
1952	4	28	0	0	0	1017.40	
1952	4	28	6	0	0	1018.60	
1952	4	28	12	0	0	1018.00	
1952	4	28	18	0	0	1016.60	
1952	4	29	0	0	0	1018.20	
1952	4	29	12	0	0	1014.00	
1952	4	29	18	0	0	1015.40	
1952	4	30	6	0	0	1019.40	
1952	4	30	12	0	0	1018.70	
1952	4	30	18	0	0	1016.60	
1952	5	1	0	0	0	1013.20	
1952	5	1	6	0	0	1013.30	
1952	5	1	12	0	0	1010.00	
1952	5	1	18	0	0	1007.80	
1952	5	2	6	0	0	1008.90	
1952	5	2	12	0	0	1011.40	
1952	5	2	18	0	0	1013.60	
1952	5	3	0	0	0	1016.30	
1952	5	3	6	0	0	1017.70	
1952	5	3	12	0	0	1019.90	
1952	5	3	18	0	0	1017.10	
1952	5	6	12	0	0	1011.70	
1952	5	6	18	0	0	1013.50	
1952	5	7	0	0	0	1015.10	
1952	5	8	6	0	0	1021.00	
1952	5	8	12	0	0	1024.00	
1952	5	8	18	0	0	1026.00	
1952	5	9	0	0	0	1029.90	
1952	5	9	6	0	0	1031.00	
1952	5	9	12	0	0	1029.50	
1952	5	9	18	0	0	1026.70	
1952	5	10	0	0	0	1026.10	
1952	5	10	6	0	0	1025.70	
1952	5	10	12	0	0	1018.60	
1952	5	11	0	0	0	1014.50	
1952	5	11	6	0	0	1013.80	
1952	5	11	12	0	0	1012.90	
1952	5	11	18	0	0	1012.90	
1952	5	12	0	0	0	1013.60	
1952	5	12	6	0	0	1014.60	
1952	5	12	12	0	0	1014.10	
1952	5	12	18	0	0	1013.30	
1952	5	13	0	0	0	1013.20	
1952	5	13	6	0	0	1010.60	
1952	5	13	12	0	0	1009.70	
1952	5	13	18	0	0	1008.30	
1952	5	14	0	0	0	1009.50	
1952	5	14	6	0	0	1010.00	
1952	5	14	12	0	0	1011.10	
1952	5	14	18	0	0	1013.00	
1952	5	15	0	0	0	1012.90	
1952	5	15	6	0	0	1010.90	
1952	5	15	12	0	0	1009.90	
1952	5	15	18	0	0	1011.90	
1952	5	16	0	0	0	1014.30	
1952	5	16	6	0	0	1015.90	
1952	5	16	12	0	0	1015.90	
1952	5	16	18	0	0	1015.30	
1952	5	17	6	0	0	1019.30	
1952	5	17	12	0	0	1019.50	
1952	5	18	0	0	0	1019.30	
1952	5	18	6	0	0	1018.30	
1952	5	18	12	0	0	1013.80	
1952	5	18	18	0	0	1010.00	
1952	5	19	0	0	0	1008.70	
1952	5	19	6	0	0	1007.10	
1952	5	19	12	0	0	1006.30	
1952	5	20	0	0	0	1005.00	
1952	5	20	6	0	0	1006.30	
1952	5	20	12	0	0	1012.00	
1952	5	21	0	0	0	1015.70	
1952	5	21	12	0	0	1016.30	
1952	5	21	18	0	0	1018.20	
1952	5	22	0	0	0	1019.30	
1952	5	22	6	0	0	1020.30	
1952	5	22	12	0	0	1020.70	
1952	5	22	18	0	0	1021.20	
1952	5	23	0	0	0	1021.10	
1952	5	23	12	0	0	1020.90	
1952	5	23	18	0	0	1021.10	
1952	5	24	0	0	0	1020.00	
1952	5	24	6	0	0	1018.50	
1952	5	24	12	0	0	1015.80	
1952	5	24	18	0	0	1017.40	
1952	5	25	0	0	0	1016.30	
1952	5	25	6	0	0	1015.90	
1952	5	25	12	0	0	1013.20	
1952	5	25	18	0	0	1010.90	
1952	5	26	0	0	0	1010.30	
1952	5	26	6	0	0	1007.90	
1952	5	26	12	0	0	1007.10	
1952	5	26	18	0	0	1007.70	
1952	5	27	0	0	0	1008.90	
1952	5	27	6	0	0	1011.00	
1952	5	27	18	0	0	1013.10	
1952	5	28	0	0	0	1014.70	
1952	5	28	6	0	0	1014.20	
1952	5	28	12	0	0	1012.00	
1952	5	28	18	0	0	1009.90	
1952	5	29	0	0	0	1008.90	
1952	5	29	6	0	0	1008.80	
1952	5	29	12	0	0	1007.70	
1952	5	30	0	0	0	1006.80	
1952	5	30	12	0	0	1013.90	
1952	5	30	18	0	0	1016.30	
1952	5	31	0	0	0	1018.80	
1952	5	31	6	0	0	1019.00	
1952	5	31	12	0	0	1019.10	
1952	5	31	18	0	0	1017.20	
1952	6	1	0	0	0	1016.40	
1952	6	1	6	0	0	1014.50	
1952	6	1	12	0	0	1013.50	
1952	6	1	18	0	0	1013.10	
1952	6	2	0	0	0	1013.80	
1952	6	2	6	0	0	1015.40	
1952	6	2	12	0	0	1015.10	
1952	6	2	18	0	0	1016.80	
1952	6	3	0	0	0	1019.60	
1952	6	3	6	0	0	1021.70	
1952	6	3	12	0	0	1020.80	
1952	6	3	18	0	0	1020.90	
1952	6	4	0	0	0	1020.90	
1952	6	4	6	0	0	1022.20	
1952	6	4	12	0	0	1022.50	
1952	6	4	18	0	0	1023.70	
1952	6	5	0	0	0	1025.20	
1952	6	5	6	0	0	1026.30	
1952	6	5	12	0	0	1025.70	
1952	6	5	18	0	0	1024.00	
1952	6	6	0	0	0	1025.40	
1952	6	6	6	0	0	1024.90	
1952	6	6	12	0	0	1022.20	
1952	6	6	18	0	0	1018.60	
1952	6	7	0	0	0	1017.80	
1952	6	7	6	0	0	1013.70	
1952	6	7	12	0	0	1010.30	
1952	6	7	18	0	0	1009.90	
1952	6	8	0	0	0	1009.50	
1952	6	8	6	0	0	1009.30	
1952	6	8	18	0	0	1016.90	
1952	6	9	0	0	0	1019.00	
1952	6	9	6	0	0	1019.30	
1952	6	9	18	0	0	1016.20	
1952	6	10	6	0	0	1012.90	
1952	6	10	12	0	0	1011.20	
1952	6	10	18	0	0	1010.90	
1952	6	11	6	0	0	1007.00	
1952	6	11	12	0	0	1005.20	
1952	6	11	18	0	0	1003.50	
1952	6	12	0	0	0	1004.80	
1952	6	12	6	0	0	1008.30	
1952	6	12	12	0	0	1010.40	
1952	6	12	18	0	0	1011.80	
1952	6	13	0	0	0	1012.60	
1952	6	13	6	0	0	1011.60	
1952	6	13	12	0	0	1009.90	
1952	6	14	0	0	0	1010.60	
1952	6	14	6	0	0	1011.00	
1952	6	14	18	0	0	1007.20	
1952	6	15	0	0	0	1005.40	
1952	6	15	6	0	0	1002.40	
1952	6	15	18	0	0	1006.40	
1952	6	16	0	0	0	1009.10	
1952	6	16	6	0	0	1008.30	
1952	6	16	12	0	0	1005.70	
1952	6	16	18	0	0	1010.00	
1952	6	17	0	0	0	1013.30	
1952	6	17	6	0	0	1016.20	
1952	6	17	12	0	0	1018.30	
1952	6	17	18	0	0	1018.50	
1952	6	18	6	0	0	1020.00	
1952	6	18	12	0	0	1018.20	
1952	6	18	18	0	0	1016.60	
1952	6	19	0	0	0	1015.30	
1952	6	19	6	0	0	1011.50	
1952	6	19	12	0	0	1011.60	
1952	6	19	18	0	0	1015.70	
1952	6	20	0	0	0	1019.00	
1952	6	20	6	0	0	1020.40	
1952	6	20	12	0	0	1020.10	
1952	6	20	18	0	0	1019.10	
1952	6	21	0	0	0	1019.30	
1952	6	21	6	0	0	1018.60	
1952	6	21	18	0	0	1014.50	
1952	6	22	6	0	0	1014.20	
1952	6	22	12	0	0	1013.80	
1952	6	22	18	0	0	1013.20	
1952	6	23	0	0	0	1011.20	
1952	6	23	6	0	0	1006.70	
1952	6	23	12	0	0	1004.90	
1952	6	23	18	0	0	1005.20	
1952	6	24	0	0	0	1008.40	
1952	6	24	6	0	0	1009.00	
1952	6	24	12	0	0	1009.50	
1952	6	24	18	0	0	1011.00	
1952	6	25	0	0	0	1014.30	
1952	6	25	6	0	0	1015.00	
1952	6	25	12	0	0	1014.90	
1952	6	25	18	0	0	1013.10	
1952	6	26	0	0	0	1012.40	
1952	6	26	12	0	0	1012.10	
1952	6	26	18	0	0	1013.80	
1952	6	27	0	0	0	1015.00	
1952	6	27	6	0	0	1011.60	
1952	6	27	12	0	0	1015.40	
1952	6	27	18	0	0	1016.70	
1952	6	28	0	0	0	1019.00	
1952	6	28	6	0	0	1020.00	
1952	6	28	12	0	0	1019.70	
1952	6	28	18	0	0	1019.90	
1952	6	29	0	0	0	1020.50	
1952	6	29	6	0	0	1020.20	
1952	6	29	12	0	0	1019.50	
1952	6	29	18	0	0	1018.40	
1952	6	30	0	0	0	1018.80	
1952	6	30	6	0	0	1018.60	
1952	6	30	12	0	0	1017.90	
1952	6	30	18	0	0	1016.30	
1952	7	1	12	0	0	1016.00	
1952	7	1	18	0	0	1017.90	
1952	7	2	6	0	0	1021.70	
1952	7	2	12	0	0	1021.40	
1952	7	2	18	0	0	1020.60	
1952	7	3	0	0	0	1021.60	
1952	7	3	6	0	0	1021.20	
1952	7	3	18	0	0	1020.10	
1952	7	4	0	0	0	1021.40	
1952	7	4	6	0	0	1021.70	
1952	7	4	12	0	0	1022.70	
1952	7	4	18	0	0	1022.80	
1952	7	5	0	0	0	1024.50	
1952	7	5	6	0	0	1025.50	
1952	7	5	12	0	0	1026.50	
1952	7	5	18	0	0	1026.70	
1952	7	6	6	0	0	1028.10	
1952	7	6	12	0	0	1026.00	
1952	7	6	18	0	0	1023.90	
1952	7	7	0	0	0	1024.50	
1952	7	7	6	0	0	1023.30	
1952	7	7	12	0	0	1021.80	
1952	7	7	18	0	0	1020.30	
1952	7	8	0	0	0	1021.30	
1952	7	8	6	0	0	1021.20	
1952	7	8	12	0	0	1019.00	
1952	7	8	18	0	0	1017.60	
1952	7	9	6	0	0	1018.50	
1952	7	9	12	0	0	1018.70	
1952	7	9	18	0	0	1018.80	
1952	7	10	0	0	0	1019.90	
1952	7	10	6	0	0	1020.90	
1952	7	10	12	0	0	1021.40	
1952	7	10	18	0	0	1021.00	
1952	7	11	0	0	0	1021.60	
1952	7	11	6	0	0	1021.10	
1952	7	11	12	0	0	1019.10	
1952	7	11	18	0	0	1019.30	
1952	7	12	0	0	0	1019.00	
1952	7	12	6	0	0	1018.20	
1952	7	12	12	0	0	1015.20	
1952	7	13	0	0	0	1009.90	
1952	7	13	6	0	0	1012.70	
1952	7	13	12	0	0	1014.00	
1952	7	13	18	0	0	1014.60	
1952	7	14	0	0	0	1016.60	
1952	7	14	6	0	0	1014.20	
1952	7	14	12	0	0	1011.50	
1952	7	14	18	0	0	1010.80	
1952	7	15	0	0	0	1011.60	
1952	7	15	6	0	0	1013.20	
1952	7	15	12	0	0	1012.90	
1952	7	15	18	0	0	1012.20	
1952	7	16	0	0	0	1011.70	
1952	7	16	6	0	0	1014.00	
1952	7	16	12	0	0	1015.60	
1952	7	16	18	0	0	1016.10	
1952	7	17	0	0	0	1017.70	
1952	7	17	6	0	0	1017.40	
1952	7	17	12	0	0	1015.30	
1952	7	17	18	0	0	1013.20	
1952	7	18	0	0	0	1014.80	
1952	7	18	6	0	0	1014.90	
1952	7	18	12	0	0	1013.30	
1952	7	18	18	0	0	1009.40	
1952	7	19	0	0	0	1008.40	
1952	7	19	6	0	0	1007.90	
1952	7	19	12	0	0	1008.80	
1952	7	19	18	0	0	1010.10	
1952	7	20	0	0	0	1010.30	
1952	7	20	6	0	0	1012.70	
1952	7	20	18	0	0	1010.30	
1952	7	21	0	0	0	1009.10	
1952	7	21	6	0	0	1010.90	
1952	7	21	12	0	0	1012.50	
1952	7	21	18	0	0	1014.30	
1952	7	22	6	0	0	1016.80	
1952	7	22	12	0	0	1015.30	
1952	7	22	18	0	0	1011.10	
1952	7	23	6	0	0	1007.10	
1952	7	23	12	0	0	1009.00	
1952	7	23	18	0	0	1009.30	
1952	7	24	0	0	0	1011.00	
1952	7	24	6	0	0	1011.90	
1952	7	24	18	0	0	1013.80	
1952	7	25	0	0	0	1015.10	
1952	7	25	6	0	0	1015.80	
1952	7	25	12	0	0	1014.40	
1952	7	25	18	0	0	1014.00	
1952	7	26	6	0	0	1013.90	
1952	7	26	12	0	0	1012.60	
1952	7	26	18	0	0	1012.00	
1952	7	27	6	0	0	1010.60	
1952	7	27	12	0	0	1009.00	
1952	7	27	18	0	0	1008.10	
1952	7	28	0	0	0	1009.70	
1952	7	28	6	0	0	1009.60	
1952	7	28	12	0	0	1008.70	
1952	7	28	18	0	0	1008.40	
1952	7	29	0	0	0	1010.20	
1952	7	29	6	0	0	1010.50	
1952	7	29	12	0	0	1010.50	
1952	7	29	18	0	0	1011.30	
1952	7	30	0	0	0	1015.90	
1952	7	30	6	0	0	1016.10	
1952	7	30	12	0	0	1019.60	
1952	7	30	18	0	0	1019.60	
1952	7	31	0	0	0	1021.20	
1952	7	31	6	0	0	1021.30	
1952	7	31	12	0	0	1020.40	
1952	7	31	18	0	0	1020.20	
1952	8	1	0	0	0	1022.10	
1952	8	1	6	0	0	1020.00	
1952	8	1	12	0	0	1018.10	
1952	8	1	18	0	0	1016.60	
1952	8	2	0	0	0	1017.20	
1952	8	2	6	0	0	1016.50	
1952	8	2	12	0	0	1015.70	
1952	8	2	18	0	0	1015.10	
1952	8	3	6	0	0	1017.50	
1952	8	3	12	0	0	1017.00	
1952	8	3	18	0	0	1017.00	
1952	8	4	0	0	0	1018.60	
1952	8	4	6	0	0	1020.10	
1952	8	4	12	0	0	1018.50	
1952	8	4	18	0	0	1018.60	
1952	8	5	6	0	0	1020.90	
1952	8	5	12	0	0	1020.60	
1952	8	5	18	0	0	1020.10	
1952	8	6	6	0	0	1019.20	
1952	8	6	12	0	0	1016.30	
1952	8	7	0	0	0	1013.00	
1952	8	7	6	0	0	1011.80	
1952	8	7	12	0	0	1010.40	
1952	8	7	18	0	0	1008.40	
1952	8	8	0	0	0	1009.10	
1952	8	8	6	0	0	1011.30	
1952	8	8	12	0	0	1010.80	
1952	8	8	18	0	0	1005.70	
1952	8	9	0	0	0	1010.10	
1952	8	9	18	0	0	1011.50	
1952	8	10	0	0	0	1011.70	
1952	8	10	6	0	0	1011.10	
1952	8	10	12	0	0	1007.10	
1952	8	10	18	0	0	1007.30	
1952	8	11	0	0	0	1009.80	
1952	8	11	6	0	0	1012.10	
1952	8	11	12	0	0	1012.50	
1952	8	11	18	0	0	1015.40	
1952	8	12	6	0	0	1017.00	
1952	8	12	12	0	0	1017.10	
1952	8	12	18	0	0	1017.30	
1952	8	13	0	0	0	1017.50	
1952	8	13	6	0	0	1016.30	
1952	8	13	12	0	0	1014.70	
1952	8	13	18	0	0	1013.40	
1952	8	14	0	0	0	1013.60	
1952	8	14	6	0	0	1014.90	
1952	8	14	18	0	0	1012.70	
1952	8	15	0	0	0	1011.00	
1952	8	15	6	0	0	1010.10	
1952	8	15	12	0	0	1012.60	
1952	8	15	18	0	0	1012.70	
1952	8	16	0	0	0	1013.20	
1952	8	16	6	0	0	1011.10	
1952	8	16	12	0	0	1010.80	
1952	8	16	18	0	0	1010.40	
1952	8	17	0	0	0	1010.20	
1952	8	17	6	0	0	1008.30	
1952	8	17	12	0	0	1009.00	
1952	8	17	18	0	0	1007.10	
1952	8	18	0	0	0	1007.90	
1952	8	18	6	0	0	1006.80	
1952	8	18	12	0	0	1006.00	
1952	8	19	6	0	0	1005.00	
1952	8	19	12	0	0	1006.00	
1952	8	19	18	0	0	1007.40	
1952	8	20	0	0	0	1008.00	
1952	8	20	6	0	0	1008.00	
1952	8	20	12	0	0	1006.10	
1952	8	20	18	0	0	1004.60	
1952	8	21	0	0	0	1003.60	
1952	8	21	6	0	0	1002.10	
1952	8	21	12	0	0	1002.70	
1952	8	21	18	0	0	1005.60	
1952	8	22	6	0	0	1009.40	
1952	8	22	12	0	0	1009.80	
1952	8	22	18	0	0	1011.70	
1952	8	23	0	0	0	1014.20	
1952	8	23	6	0	0	1014.60	
1952	8	23	18	0	0	1014.20	
1952	8	24	0	0	0	1013.30	
1952	8	24	6	0	0	1010.80	
1952	8	24	12	0	0	1011.40	
1952	8	24	18	0	0	1013.00	
1952	8	25	0	0	0	1014.80	
1952	8	25	6	0	0	1015.70	
1952	8	25	12	0	0	1014.10	
1952	8	25	18	0	0	1012.00	
1952	8	26	0	0	0	1011.20	
1952	8	26	6	0	0	1010.50	
1952	8	26	12	0	0	1010.90	
1952	8	26	18	0	0	1013.40	
1952	8	27	0	0	0	1013.30	
1952	8	27	6	0	0	1014.80	
1952	8	27	12	0	0	1012.00	
1952	8	27	18	0	0	1005.90	
1952	8	28	6	0	0	998.60	
1952	8	28	12	0	0	999.20	
1952	8	29	0	0	0	1001.60	
1952	8	29	6	0	0	1000.70	
1952	8	29	12	0	0	1003.20	
1952	8	29	18	0	0	1007.40	
1952	8	30	0	0	0	1008.90	
1952	8	30	6	0	0	1008.00	
1952	8	30	12	0	0	1007.60	
1952	8	30	18	0	0	1010.00	
1952	8	31	0	0	0	1013.80	
1952	8	31	6	0	0	1015.90	
1952	8	31	12	0	0	1017.00	
1952	8	31	18	0	0	1016.80	
1952	9	1	0	0	0	1017.50	
1952	9	1	6	0	0	1017.40	
1952	9	1	12	0	0	1015.20	
1952	9	1	18	0	0	1013.70	
1952	9	2	6	0	0	1011.60	
1952	9	2	12	0	0	1011.00	
1952	9	2	18	0	0	1011.60	
1952	9	3	0	0	0	1011.90	
1952	9	3	6	0	0	1010.70	
1952	9	3	12	0	0	1008.80	
1952	9	3	18	0	0	1007.10	
1952	9	4	0	0	0	1004.10	
1952	9	4	6	0	0	995.90	
1952	9	4	12	0	0	997.30	
1952	9	4	18	0	0	1002.20	
1952	9	5	0	0	0	1006.20	
1952	9	5	6	0	0	1009.40	
1952	9	5	12	0	0	1011.10	
1952	9	5	18	0	0	1011.60	
1952	9	6	6	0	0	1007.30	
1952	9	6	12	0	0	1003.20	
1952	9	6	18	0	0	1005.00	
1952	9	7	18	0	0	1014.90	
1952	9	8	6	0	0	1014.00	
1952	9	8	12	0	0	1012.30	
1952	9	9	6	0	0	1017.30	
1952	9	9	12	0	0	1017.50	
1952	9	9	18	0	0	1017.90	
1952	9	10	0	0	0	1015.90	
1952	9	10	6	0	0	1013.70	
1952	9	10	12	0	0	1010.90	
1952	9	10	18	0	0	1009.20	
1952	9	11	0	0	0	1007.10	
1952	9	11	6	0	0	1009.70	
1952	9	11	12	0	0	1011.40	
1952	9	11	18	0	0	1013.10	
1952	9	12	0	0	0	1014.10	
1952	9	12	6	0	0	1015.20	
1952	9	12	12	0	0	1014.60	
1952	9	13	6	0	0	1008.90	
1952	9	13	12	0	0	1006.90	
1952	9	13	18	0	0	1006.00	
1952	9	14	6	0	0	1012.70	
1952	9	14	18	0	0	1010.60	qc_reject
1952	9	15	12	0	0	1023.60	
1952	9	16	6	0	0	1028.80	
1952	9	16	12	0	0	1027.30	
1952	9	16	18	0	0	1025.40	
1952	9	17	6	0	0	1020.50	
1952	9	17	12	0	0	1015.30	
1952	9	17	18	0	0	1010.80	
1952	9	18	0	0	0	1007.00	
1952	9	18	6	0	0	1006.00	
1952	9	18	12	0	0	1005.60	
1952	9	18	18	0	0	1007.00	
1952	9	19	0	0	0	1008.20	
1952	9	19	6	0	0	1007.90	
1952	9	19	12	0	0	1006.00	
1952	9	19	18	0	0	1006.20	
1952	9	20	0	0	0	1006.10	
1952	9	20	6	0	0	1005.70	
1952	9	20	12	0	0	1005.70	
1952	9	20	18	0	0	1007.40	
1952	9	21	6	0	0	1012.10	
1952	9	21	12	0	0	1012.90	
1952	9	21	18	0	0	1011.00	
1952	9	22	0	0	0	1007.70	
1952	9	22	6	0	0	1003.00	
1952	9	22	18	0	0	1009.90	qc_reject
1952	9	23	6	0	0	1006.00	
1952	9	23	12	0	0	1008.00	
1952	9	23	18	0	0	1004.70	
1952	9	24	0	0	0	1000.20	
1952	9	24	6	0	0	1002.00	
1952	9	24	12	0	0	1005.70	
1952	9	24	18	0	0	1007.10	
1952	9	25	0	0	0	1005.10	
1952	9	25	6	0	0	1005.50	
1952	9	25	12	0	0	1005.80	
1952	9	25	18	0	0	1004.10	
1952	9	26	6	0	0	999.90	
1952	9	26	12	0	0	1000.30	
1952	9	26	18	0	0	1002.50	
1952	9	27	0	0	0	1002.40	
1952	9	27	6	0	0	1001.60	
1952	9	27	12	0	0	1001.50	
1952	9	27	18	0	0	1003.30	
1952	9	28	0	0	0	1003.10	
1952	9	28	6	0	0	1001.00	
1952	9	28	18	0	0	1000.70	
1952	9	29	12	0	0	1008.60	
1952	9	29	18	0	0	1009.20	
1952	9	30	0	0	0	1007.30	
1952	9	30	6	0	0	1004.30	
1952	9	30	12	0	0	1006.90	
1952	10	1	0	0	0	1013.60	
1952	10	1	6	0	0	1014.60	
1952	10	1	18	0	0	1016.80	
1952	10	2	6	0	0	1013.00	
1952	10	2	12	0	0	1008.70	
1952	10	2	18	0	0	1007.10	
1952	10	3	6	0	0	1011.70	
1952	10	3	12	0	0	1011.20	
1952	10	3	18	0	0	1011.40	
1952	10	4	6	0	0	1009.30	
1952	10	4	12	0	0	1008.60	
1952	10	4	18	0	0	1007.90	
1952	10	5	0	0	0	1008.40	
1952	10	5	18	0	0	1008.30	
1952	10	6	0	0	0	1009.60	
1952	10	6	6	0	0	1012.00	
1952	10	6	12	0	0	1013.10	
1952	10	6	18	0	0	1012.00	
1952	10	7	6	0	0	1000.90	
1952	10	7	12	0	0	998.80	
1952	10	7	18	0	0	997.00	
1952	10	8	0	0	0	996.00	
1952	10	8	6	0	0	999.70	
1952	10	8	12	0	0	1003.30	
1952	10	8	18	0	0	1009.60	
1952	10	9	0	0	0	1013.00	
1952	10	9	6	0	0	1014.10	
1952	10	9	12	0	0	1012.20	
1952	10	9	18	0	0	1010.40	
1952	10	10	0	0	0	1008.70	
1952	10	10	6	0	0	1007.40	
1952	10	10	18	0	0	1008.40	
1952	10	11	6	0	0	1008.60	
1952	10	11	12	0	0	1007.90	
1952	10	11	18	0	0	1009.10	
1952	10	12	0	0	0	1010.00	
1952	10	12	6	0	0	1010.50	
1952	10	12	12	0	0	1010.10	
1952	10	12	18	0	0	1010.00	
1952	10	13	0	0	0	1007.60	
1952	10	13	6	0	0	1009.90	
1952	10	13	12	0	0	997.30	
1952	10	13	18	0	0	993.90	
1952	10	14	0	0	0	990.10	
1952	10	14	6	0	0	989.80	
1952	10	14	18	0	0	994.90	
1952	10	15	0	0	0	999.80	
1952	10	15	6	0	0	1005.00	
1952	10	15	12	0	0	1008.20	
1952	10	15	18	0	0	1011.00	
1952	10	16	0	0	0	1013.20	
1952	10	16	6	0	0	1016.50	
1952	10	16	12	0	0	1018.30	
1952	10	16	18	0	0	1018.70	
1952	10	17	6	0	0	1017.20	
1952	10	17	12	0	0	1018.30	
1952	10	17	18	0	0	1020.20	
1952	10	18	6	0	0	1019.00	
1952	10	18	12	0	0	1020.30	
1952	10	18	18	0	0	1021.20	
1952	10	19	0	0	0	1020.60	
1952	10	19	6	0	0	1020.60	
1952	10	19	18	0	0	1021.70	
1952	10	20	0	0	0	1021.90	
1952	10	20	6	0	0	1020.50	
1952	10	20	12	0	0	1019.60	
1952	10	20	18	0	0	1019.60	
1952	10	21	0	0	0	1020.60	
1952	10	21	6	0	0	1021.00	
1952	10	21	12	0	0	1020.90	
1952	10	21	18	0	0	1020.20	
1952	10	22	0	0	0	1018.50	
1952	10	22	6	0	0	1017.90	
1952	10	22	12	0	0	1017.30	
1952	10	22	18	0	0	1017.20	
1952	10	23	0	0	0	1016.60	
1952	10	23	6	0	0	1014.90	
1952	10	23	18	0	0	1011.60	
1952	10	24	0	0	0	1009.80	
1952	10	24	6	0	0	1009.10	
1952	10	24	12	0	0	1008.20	
1952	10	24	18	0	0	1009.20	
1952	10	25	0	0	0	1007.80	
1952	10	25	6	0	0	1005.90	
1952	10	25	12	0	0	1004.40	
1952	10	25	18	0	0	1005.80	
1952	10	26	0	0	0	1009.10	
1952	10	26	6	0	0	1011.70	
1952	10	26	12	0	0	1012.10	
1952	10	27	0	0	0	1011.00	
1952	10	27	6	0	0	1011.00	
1952	10	27	12	0	0	1012.40	
1952	10	27	18	0	0	1015.30	
1952	10	28	0	0	0	1018.90	
1952	10	28	6	0	0	1022.10	
1952	10	28	12	0	0	1023.90	
1952	10	28	18	0	0	1023.30	
1952	10	29	0	0	0	1020.00	
1952	10	29	6	0	0	1013.20	
1952	10	29	12	0	0	1007.90	
1952	10	29	18	0	0	1006.70	
1952	10	30	0	0	0	1004.60	
1952	10	30	6	0	0	1003.90	
1952	10	30	12	0	0	1004.90	
1952	10	30	18	0	0	1007.30	
1952	10	31	0	0	0	1009.90	
1952	10	31	6	0	0	1008.80	
1952	10	31	12	0	0	1009.40	
1952	10	31	18	0	0	1010.20	
1952	11	1	0	0	0	1010.80	
1952	11	1	6	0	0	1009.70	
1952	11	1	12	0	0	1008.00	
1952	11	2	0	0	0	1007.30	
1952	11	2	6	0	0	1008.00	
1952	11	2	18	0	0	1009.50	
1952	11	3	0	0	0	1009.20	
1952	11	3	6	0	0	1008.60	
1952	11	3	12	0	0	1007.40	
1952	11	3	18	0	0	1009.10	
1952	11	4	0	0	0	1011.50	
1952	11	4	6	0	0	1014.00	
1952	11	4	12	0	0	1015.00	
1952	11	4	18	0	0	1016.20	
1952	11	5	0	0	0	1013.20	
1952	11	5	6	0	0	1012.60	
1952	11	5	12	0	0	1009.40	
1952	11	5	18	0	0	1004.10	
1952	11	6	0	0	0	1004.80	
1952	11	6	6	0	0	1002.30	
1952	11	6	18	0	0	993.60	
1952	11	7	0	0	0	991.40	
1952	11	7	6	0	0	990.00	
1952	11	7	12	0	0	991.20	
1952	11	7	18	0	0	994.10	
1952	11	8	0	0	0	995.60	
1952	11	8	6	0	0	995.30	
1952	11	8	12	0	0	997.40	
1952	11	8	18	0	0	995.40	
1952	11	9	0	0	0	990.70	
1952	11	9	6	0	0	983.30	
1952	11	9	18	0	0	986.30	
1952	11	10	0	0	0	993.60	
1952	11	10	6	0	0	1000.30	
1952	11	10	12	0	0	1001.60	
1952	11	10	18	0	0	1001.40	
1952	11	11	0	0	0	1001.20	
1952	11	11	6	0	0	1001.10	
1952	11	11	12	0	0	1003.20	
1952	11	11	18	0	0	1007.50	
1952	11	12	0	0	0	1011.00	
1952	11	12	6	0	0	1012.80	
1952	11	12	12	0	0	1015.60	
1952	11	12	18	0	0	1017.80	
1952	11	13	0	0	0	1020.50	
1952	11	13	6	0	0	1024.20	
1952	11	13	18	0	0	1025.10	
1952	11	14	0	0	0	1027.50	
1952	11	14	6	0	0	1025.70	
1952	11	14	12	0	0	1023.30	
1952	11	15	0	0	0	1027.10	
1952	11	15	6	0	0	1030.30	
1952	11	15	12	0	0	1030.50	
1952	11	15	18	0	0	1027.20	
1952	11	16	0	0	0	1026.10	
1952	11	16	6	0	0	1023.00	
1952	11	16	12	0	0	1021.80	
1952	11	17	0	0	0	1027.90	
1952	11	17	6	0	0	1027.70	
1952	11	17	12	0	0	1027.70	
1952	11	18	0	0	0	1024.60	
1952	11	18	6	0	0	1024.00	
1952	11	18	12	0	0	1025.10	
1952	11	18	18	0	0	1026.80	
1952	11	19	0	0	0	1028.00	
1952	11	19	6	0	0	1028.60	
1952	11	19	12	0	0	1029.00	
1952	11	19	18	0	0	1028.70	
1952	11	20	0	0	0	1028.50	
1952	11	20	6	0	0	1027.30	
1952	11	20	12	0	0	1026.60	
1952	11	20	18	0	0	1025.40	
1952	11	21	0	0	0	1024.20	
1952	11	21	6	0	0	1021.50	
1952	11	21	12	0	0	1020.40	
1952	11	21	18	0	0	1018.30	
1952	11	22	0	0	0	1015.60	
1952	11	22	18	0	0	1009.30	
1952	11	23	0	0	0	1008.40	
1952	11	23	6	0	0	1008.90	
1952	11	23	12	0	0	1008.90	
1952	11	23	18	0	0	1008.20	
1952	11	24	0	0	0	1006.20	
1952	11	24	6	0	0	1004.70	
1952	11	24	12	0	0	1004.10	
1952	11	24	18	0	0	1005.50	
1952	11	25	0	0	0	1005.00	
1952	11	25	6	0	0	1002.10	
1952	11	25	12	0	0	1002.10	
1952	11	25	18	0	0	1001.30	
1952	11	26	0	0	0	1000.70	
1952	11	26	6	0	0	998.80	
1952	11	26	12	0	0	999.20	
1952	11	26	18	0	0	999.00	
1952	11	27	0	0	0	999.00	
1952	11	27	6	0	0	999.40	
1952	11	27	12	0	0	1003.10	
1952	11	27	18	0	0	1005.10	
1952	11	28	0	0	0	1004.90	
1952	11	28	6	0	0	1004.40	
1952	11	28	12	0	0	1004.50	
1952	11	28	18	0	0	1004.40	
1952	11	29	0	0	0	1005.40	
1952	11	29	6	0	0	1010.50	
1952	11	29	12	0	0	1015.20	
1952	11	30	0	0	0	1023.50	
1952	11	30	6	0	0	1023.80	
1952	11	30	12	0	0	1023.00	
1952	11	30	18	0	0	1020.30	
1952	12	1	0	0	0	1019.20	
1952	12	1	6	0	0	1018.80	
1952	12	1	12	0	0	1020.40	
1952	12	1	18	0	0	1021.10	
1952	12	2	6	0	0	1022.00	
1952	12	2	12	0	0	1021.70	
1952	12	2	18	0	0	1019.60	
1952	12	3	0	0	0	1017.40	
1952	12	3	6	0	0	1014.50	
1952	12	3	12	0	0	1013.40	
1952	12	3	18	0	0	1014.00	
1952	12	4	0	0	0	1015.70	
1952	12	4	6	0	0	1017.00	
1952	12	4	12	0	0	1018.50	
1952	12	4	18	0	0	1020.70	
1952	12	5	0	0	0	1020.40	
1952	12	5	6	0	0	1022.20	
1952	12	5	12	0	0	1028.00	
1952	12	6	0	0	0	1039.30	
1952	12	6	6	0	0	1039.40	
1952	12	6	12	0	0	1036.90	
1952	12	6	18	0	0	1034.30	
1952	12	7	6	0	0	1028.30	
1952	12	7	12	0	0	1034.90	
1952	12	8	0	0	0	1039.60	
1952	12	8	6	0	0	1036.90	
1952	12	8	12	0	0	1033.00	
1952	12	8	18	0	0	1028.00	
1952	12	9	0	0	0	1025.70	
1952	12	9	6	0	0	1024.10	
1952	12	9	18	0	0	1032.30	
1952	12	10	6	0	0	1031.50	
1952	12	10	12	0	0	1028.00	
1952	12	10	18	0	0	1025.50	
1952	12	11	0	0	0	1022.40	
1952	12	11	12	0	0	1015.50	
1952	12	11	18	0	0	1011.60	
1952	12	12	0	0	0	1009.30	
1952	12	12	6	0	0	1007.70	
1952	12	12	12	0	0	1004.80	
1952	12	12	18	0	0	1003.70	
1952	12	13	0	0	0	1002.40	
1952	12	13	6	0	0	1000.40	
1952	12	13	12	0	0	998.40	
1952	12	13	18	0	0	994.60	
1952	12	14	0	0	0	992.00	
1952	12	14	6	0	0	992.50	
1952	12	14	12	0	0	993.90	
1952	12	14	18	0	0	995.60	
1952	12	15	0	0	0	997.90	
1952	12	15	6	0	0	998.90	
1952	12	15	18	0	0	981.20	
1952	12	16	0	0	0	979.00	
1952	12	16	12	0	0	1004.40	
1952	12	16	18	0	0	1009.00	
1952	12	17	0	0	0	1009.10	
1952	12	17	6	0	0	1005.50	
1952	12	17	12	0	0	998.90	
1952	12	17	18	0	0	994.90	
1952	12	18	0	0	0	995.40	
1952	12	18	6	0	0	999.10	
1952	12	18	12	0	0	1002.90	
1952	12	18	18	0	0	1008.40	
1952	12	19	0	0	0	1013.50	
1952	12	19	6	0	0	1016.80	
1952	12	19	12	0	0	1018.60	
1952	12	19	18	0	0	1017.40	
1952	12	20	0	0	0	1012.60	
1952	12	20	6	0	0	1010.10	
1952	12	20	12	0	0	1013.10	
1952	12	21	0	0	0	1011.20	
1952	12	21	6	0	0	1007.50	
1952	12	21	12	0	0	1004.50	
1952	12	21	18	0	0	1004.30	
1952	12	22	0	0	0	1005.10	
1952	12	22	6	0	0	1008.00	
1952	12	22	12	0	0	1012.20	
1952	12	22	18	0	0	1016.20	
1952	12	23	0	0	0	1018.50	
1952	12	23	6	0	0	1019.60	
1952	12	23	12	0	0	1020.30	
1952	12	23	18	0	0	1021.60	
1952	12	24	0	0	0	1022.40	
1952	12	24	6	0	0	1023.70	
1952	12	24	12	0	0	1024.50	
1952	12	24	18	0	0	1024.30	
1952	12	25	0	0	0	1023.00	
1952	12	25	12	0	0	1018.60	
1952	12	25	18	0	0	1019.40	
1952	12	26	0	0	0	1021.00	
1952	12	26	12	0	0	1022.60	
1952	12	26	18	0	0	1022.30	
1952	12	27	0	0	0	1022.50	
1952	12	27	6	0	0	1021.30	
1952	12	27	12	0	0	1020.00	
1952	12	27	18	0	0	1018.20	
1952	12	28	0	0	0	1016.50	
1952	12	28	6	0	0	1015.30	
1952	12	28	12	0	0	1015.20	
1952	12	29	0	0	0	1015.30	
1952	12	29	6	0	0	1015.20	
1952	12	29	12	0	0	1015.60	
1952	12	29	18	0	0	1015.90	
1952	12	30	0	0	0	1016.20	
1952	12	30	6	0	0	1016.10	
1952	12	30	12	0	0	1016.30	
1952	12	30	18	0	0	1016.20	
1952	12	31	0	0	0	1015.10	
1952	12	31	6	0	0	1014.00	
1952	12	31	12	0	0	1012.70	
1952	12	31	18	0	0	1013.50	
1953	1	1	0	0	0	1014.30	
1953	1	1	6	0	0	1014.10	
1953	1	1	12	0	0	1013.50	
1953	1	1	18	0	0	1011.80	
1953	1	2	0	0	0	1010.80	
1953	1	2	6	0	0	1007.10	
1953	1	2	12	0	0	1004.40	
1953	1	3	0	0	0	1001.50	
1953	1	3	6	0	0	998.30	
1953	1	3	12	0	0	996.80	
1953	1	3	18	0	0	998.30	
1953	1	4	0	0	0	1000.30	
1953	1	4	6	0	0	1003.90	
1953	1	4	12	0	0	1009.30	
1953	1	4	18	0	0	1011.50	
1953	1	5	0	0	0	1014.50	
1953	1	5	6	0	0	1016.90	
1953	1	5	18	0	0	1020.40	
1953	1	6	0	0	0	1020.80	
1953	1	6	6	0	0	1021.20	
1953	1	6	12	0	0	1020.90	
1953	1	6	18	0	0	1020.40	
1953	1	7	0	0	0	1019.90	
1953	1	7	6	0	0	1018.20	
1953	1	7	12	0	0	1016.40	
1953	1	7	18	0	0	1014.40	
1953	1	8	0	0	0	1013.60	
1953	1	8	6	0	0	1012.90	
1953	1	8	12	0	0	1012.10	
1953	1	8	18	0	0	1012.20	
1953	1	9	0	0	0	1013.20	
1953	1	9	6	0	0	1010.50	
1953	1	9	12	0	0	1009.40	
1953	1	9	18	0	0	1009.10	
1953	1	10	0	0	0	1008.90	
1953	1	10	6	0	0	1009.40	
1953	1	10	12	0	0	1010.80	
1953	1	10	18	0	0	1013.90	
1953	1	11	0	0	0	1015.50	
1953	1	11	6	0	0	1016.50	
1953	1	11	12	0	0	1020.10	
1953	1	11	18	0	0	1023.90	
1953	1	12	0	0	0	1026.70	
1953	1	12	6	0	0	1030.40	
1953	1	12	12	0	0	1031.80	
1953	1	12	18	0	0	1033.20	
1953	1	13	0	0	0	1035.40	
1953	1	13	6	0	0	1034.50	
1953	1	13	12	0	0	1034.20	
1953	1	14	6	0	0	1030.20	
1953	1	15	6	0	0	1027.10	
1953	1	15	12	0	0	1024.50	
1953	1	15	18	0	0	1021.70	
1953	1	16	0	0	0	1019.20	
1953	1	16	6	0	0	1016.80	
1953	1	16	12	0	0	1017.30	
1953	1	16	18	0	0	1020.10	
1953	1	17	0	0	0	1023.70	
1953	1	17	6	0	0	1026.70	
1953	1	17	12	0	0	1028.90	
1953	1	17	18	0	0	1029.80	
1953	1	18	0	0	0	1027.80	
1953	1	18	6	0	0	1025.40	
1953	1	18	12	0	0	1021.10	
1953	1	18	18	0	0	1018.30	
1953	1	19	0	0	0	1015.00	
1953	1	19	6	0	0	1014.50	
1953	1	19	12	0	0	1015.70	
1953	1	19	18	0	0	1020.50	
1953	1	20	0	0	0	1025.90	
1953	1	20	6	0	0	1028.90	
1953	1	20	12	0	0	1028.70	
1953	1	20	18	0	0	1025.70	
1953	1	21	0	0	0	1021.80	
1953	1	21	6	0	0	1016.90	
1953	1	21	12	0	0	1013.50	
1953	1	22	6	0	0	1006.70	
1953	1	22	12	0	0	1008.70	
1953	1	23	0	0	0	1009.10	
1953	1	23	6	0	0	1009.00	
1953	1	23	12	0	0	1010.80	
1953	1	23	18	0	0	1012.00	
1953	1	24	0	0	0	1012.20	
1953	1	24	6	0	0	1010.90	
1953	1	24	12	0	0	1009.70	
1953	1	24	18	0	0	1007.30	
1953	1	25	0	0	0	1004.60	
1953	1	25	12	0	0	1006.10	
1953	1	25	18	0	0	1008.70	
1953	1	26	0	0	0	1011.40	
1953	1	26	6	0	0	1012.40	
1953	1	26	12	0	0	1017.80	
1953	1	26	18	0	0	1018.40	
1953	1	27	0	0	0	1018.80	
1953	1	27	6	0	0	1014.50	
1953	1	27	12	0	0	1009.20	
1953	1	27	18	0	0	1009.30	qc_reject
1953	1	28	0	0	0	994.70	
1953	1	28	6	0	0	989.70	
1953	1	28	12	0	0	981.80	
1953	1	28	18	0	0	982.20	
1953	1	29	0	0	0	985.00	
1953	1	29	12	0	0	991.30	
1953	1	29	18	0	0	995.60	
1953	1	30	0	0	0	999.00	
1953	1	30	6	0	0	1007.30	
1953	1	30	12	0	0	1011.30	
1953	1	30	18	0	0	1013.50	
1953	1	31	0	0	0	1012.60	
1953	1	31	6	0	0	1007.80	
1953	1	31	12	0	0	1002.60	
1953	2	1	0	0	0	993.90	
1953	2	1	6	0	0	993.40	
1953	2	1	12	0	0	994.80	
1953	2	1	18	0	0	997.20	
1953	2	2	0	0	0	1000.20	
1953	2	2	6	0	0	1002.50	
1953	2	2	12	0	0	1006.70	
1953	2	2	18	0	0	1011.40	
1953	2	3	0	0	0	1016.90	
1953	2	3	6	0	0	1020.30	
1953	2	3	12	0	0	1022.00	
1953	2	3	18	0	0	1022.60	
1953	2	4	0	0	0	1021.90	
1953	2	4	6	0	0	1020.50	
1953	2	4	12	0	0	1015.20	
1953	2	4	18	0	0	1010.10	
1953	2	5	0	0	0	1006.00	
1953	2	5	6	0	0	1000.90	
1953	2	5	18	0	0	997.00	
1953	2	6	0	0	0	997.20	
1953	2	6	6	0	0	998.60	
1953	2	6	12	0	0	999.70	
1953	2	6	18	0	0	1001.20	
1953	2	7	0	0	0	1003.10	
1953	2	7	6	0	0	1005.50	
1953	2	7	12	0	0	1007.80	
1953	2	7	18	0	0	1010.30	
1953	2	8	0	0	0	1011.80	
1953	2	8	6	0	0	1013.50	
1953	2	8	18	0	0	1014.70	
1953	2	9	0	0	0	1018.40	
1953	2	9	6	0	0	1018.40	
1953	2	9	12	0	0	1016.00	
1953	2	9	18	0	0	1013.00	
1953	2	10	0	0	0	1010.80	
1953	2	10	6	0	0	1008.60	
1953	2	10	12	0	0	1007.20	
1953	2	10	18	0	0	1007.70	
1953	2	11	0	0	0	1008.70	
1953	2	11	6	0	0	1007.90	
1953	2	11	12	0	0	1008.70	
1953	2	11	18	0	0	1010.10	
1953	2	12	6	0	0	1009.80	
1953	2	12	12	0	0	1010.40	
1953	2	12	18	0	0	1012.70	
1953	2	13	0	0	0	1015.30	
1953	2	13	12	0	0	1018.60	
1953	2	13	18	0	0	1020.30	
1953	2	14	0	0	0	1022.40	
1953	2	14	6	0	0	1023.70	
1953	2	14	18	0	0	1024.30	
1953	2	15	0	0	0	1025.40	
1953	2	15	6	0	0	1025.60	
1953	2	15	12	0	0	1025.00	
1953	2	15	18	0	0	1025.30	
1953	2	16	0	0	0	1024.60	
1953	2	16	6	0	0	1023.20	
1953	2	16	12	0	0	1021.70	
1953	2	16	18	0	0	1021.30	
1953	2	17	0	0	0	1019.30	
1953	2	17	6	0	0	1014.80	
1953	2	17	12	0	0	1009.30	
1953	2	17	18	0	0	1003.20	
1953	2	18	0	0	0	999.70	
1953	2	18	6	0	0	1000.20	
1953	2	18	12	0	0	1003.10	
1953	2	18	18	0	0	1004.00	
1953	2	19	6	0	0	995.30	
1953	2	19	12	0	0	995.40	
1953	2	19	18	0	0	1002.00	
1953	2	20	0	0	0	1007.20	
1953	2	20	6	0	0	1011.70	
1953	2	20	12	0	0	1015.30	
1953	2	20	18	0	0	1017.30	
1953	2	21	6	0	0	1004.30	
1953	2	21	12	0	0	1004.20	
1953	2	21	18	0	0	995.80	
1953	2	22	0	0	0	990.60	
1953	2	22	6	0	0	1000.80	
1953	2	22	12	0	0	1005.50	
1953	2	22	18	0	0	1004.80	
1953	2	23	6	0	0	1008.10	
1953	2	24	6	0	0	1000.90	
1953	2	24	12	0	0	1013.80	
1953	2	24	18	0	0	1025.40	
1953	2	25	6	0	0	1033.50	
1953	2	25	12	0	0	1035.80	
1953	2	25	18	0	0	1038.00	
1953	2	26	0	0	0	1039.20	
1953	2	26	6	0	0	1037.60	
1953	2	26	12	0	0	1035.00	
1953	2	26	18	0	0	1033.00	
1953	2	27	0	0	0	1031.20	
1953	2	27	6	0	0	1029.30	
1953	2	27	12	0	0	1027.00	
1953	2	27	18	0	0	1024.70	
1953	2	28	6	0	0	1019.20	
1953	2	28	12	0	0	1027.70	
1953	2	28	18	0	0	1033.60	
1953	3	1	0	0	0	1037.80	
1953	3	1	6	0	0	1038.30	
1953	3	1	12	0	0	1037.80	
1953	3	1	18	0	0	1035.20	
1953	3	3	6	0	0	1014.30	
1953	3	3	12	0	0	1011.20	
1953	3	3	18	0	0	1017.80	
1953	3	4	0	0	0	1021.50	
1953	3	4	6	0	0	1020.70	
1953	3	4	12	0	0	1018.10	
1953	3	4	18	0	0	1017.60	
1953	3	5	0	0	0	1022.30	
1953	3	5	6	0	0	1028.40	
1953	3	5	12	0	0	1032.50	
1953	3	6	0	0	0	1027.60	
1953	3	6	6	0	0	1023.30	
1953	3	6	12	0	0	1022.50	
1953	3	6	18	0	0	1019.60	
1953	3	7	6	0	0	1009.00	
1953	3	7	12	0	0	1003.80	
1953	3	8	12	0	0	1022.50	
1953	3	8	18	0	0	1026.30	
1953	3	9	0	0	0	1027.90	
1953	3	9	6	0	0	1026.70	
1953	3	9	12	0	0	1020.60	
1953	3	9	18	0	0	1015.00	
1953	3	10	12	0	0	1017.80	
1953	3	11	0	0	0	1020.80	
1953	3	11	6	0	0	1020.20	
1953	3	11	18	0	0	1019.70	
1953	3	12	0	0	0	1020.00	
1953	3	12	6	0	0	1021.40	
1953	3	12	12	0	0	1024.00	
1953	3	12	18	0	0	1027.20	
1953	3	13	0	0	0	1028.90	
1953	3	13	6	0	0	1028.70	
1953	3	13	12	0	0	1029.30	
1953	3	13	18	0	0	1034.50	
1953	3	14	0	0	0	1039.30	
1953	3	14	12	0	0	1038.60	
1953	3	14	18	0	0	1035.30	
1953	3	15	0	0	0	1035.40	
1953	3	15	6	0	0	1033.00	
1953	3	15	12	0	0	1034.40	
1953	3	15	18	0	0	1033.60	
1953	3	16	6	0	0	1035.60	
1953	3	16	12	0	0	1036.60	
1953	3	16	18	0	0	1036.40	
1953	3	17	0	0	0	1038.00	
1953	3	17	6	0	0	1037.40	
1953	3	17	12	0	0	1035.80	
1953	3	17	18	0	0	1034.70	
1953	3	18	0	0	0	1034.00	
1953	3	18	6	0	0	1032.80	
1953	3	18	12	0	0	1031.10	
1953	3	18	18	0	0	1030.30	
1953	3	19	0	0	0	1031.20	
1953	3	19	6	0	0	1032.70	
1953	3	19	18	0	0	1035.70	
1953	3	20	6	0	0	1039.80	
1953	3	20	12	0	0	1039.70	
1953	3	20	18	0	0	1038.50	
1953	3	21	0	0	0	1038.30	
1953	3	21	6	0	0	1037.60	
1953	3	21	12	0	0	1035.00	
1953	3	21	18	0	0	1033.30	
1953	3	22	0	0	0	1031.70	
1953	3	22	12	0	0	1028.30	
1953	3	22	18	0	0	1028.70	
1953	3	23	0	0	0	1030.00	
1953	3	23	6	0	0	1030.70	
1953	3	23	12	0	0	1029.20	
1953	3	23	18	0	0	1028.20	
1953	3	24	0	0	0	1028.70	
1953	3	24	6	0	0	1027.30	
1953	3	24	12	0	0	1024.60	
1953	3	24	18	0	0	1021.30	
1953	3	25	0	0	0	1019.20	
1953	3	25	12	0	0	1022.30	
1953	3	25	18	0	0	1022.30	
1953	3	26	0	0	0	1021.80	
1953	3	26	6	0	0	1021.80	
1953	3	26	12	0	0	1017.90	
1953	3	27	6	0	0	1006.30	
1953	3	27	12	0	0	1007.70	
1953	3	27	18	0	0	1008.00	
1953	3	28	6	0	0	1011.20	
1953	3	28	12	0	0	1014.70	
1953	3	28	18	0	0	1017.90	
1953	3	29	0	0	0	1019.60	
1953	3	29	6	0	0	1014.80	
1953	3	29	12	0	0	1013.10	
1953	3	29	18	0	0	1012.30	
1953	3	30	0	0	0	1010.90	
1953	3	30	6	0	0	1010.00	
1953	3	30	12	0	0	1008.10	
1953	3	30	18	0	0	1005.80	
1953	3	31	0	0	0	1002.20	
1953	3	31	6	0	0	997.10	
1953	3	31	18	0	0	1010.50	
1953	4	1	0	0	0	1015.50	
1953	4	1	6	0	0	1015.40	
1953	4	1	12	0	0	1018.70	
1953	4	2	0	0	0	1024.30	
1953	4	2	6	0	0	1027.80	
1953	4	2	12	0	0	1027.30	
1953	4	2	18	0	0	1026.90	
1953	4	3	0	0	0	1027.40	
1953	4	3	6	0	0	1026.90	
1953	4	3	12	0	0	1025.70	
1953	4	3	18	0	0	1024.80	
1953	4	4	0	0	0	1025.40	
1953	4	4	6	0	0	1025.20	
1953	4	4	12	0	0	1024.10	
1953	4	4	18	0	0	1023.60	
1953	4	5	0	0	0	1024.80	
1953	4	5	6	0	0	1023.10	
1953	4	5	12	0	0	1020.80	
1953	4	5	18	0	0	1020.20	
1953	4	6	0	0	0	1020.70	
1953	4	6	6	0	0	1020.10	
1953	4	6	12	0	0	1017.90	
1953	4	6	18	0	0	1017.10	
1953	4	7	0	0	0	1015.70	
1953	4	7	12	0	0	1011.90	
1953	4	7	18	0	0	1011.00	
1953	4	8	0	0	0	1011.60	
1953	4	8	6	0	0	1014.40	
1953	4	8	12	0	0	1017.90	
1953	4	8	18	0	0	1019.20	
1953	4	9	0	0	0	1018.20	
1953	4	9	6	0	0	1016.30	
1953	4	9	12	0	0	1010.80	
1953	4	9	18	0	0	1007.30	
1953	4	10	0	0	0	1005.20	
1953	4	10	6	0	0	1007.10	
1953	4	10	18	0	0	1018.70	
1953	4	11	0	0	0	1025.80	
1953	4	11	6	0	0	1030.30	
1953	4	11	12	0	0	1031.00	
1953	4	11	18	0	0	1031.20	
1953	4	12	0	0	0	1033.00	
1953	4	12	6	0	0	1032.20	
1953	4	12	12	0	0	1029.50	
1953	4	12	18	0	0	1026.50	
1953	4	13	0	0	0	1026.50	
1953	4	13	6	0	0	1024.70	
1953	4	13	12	0	0	1021.80	
1953	4	13	18	0	0	1020.60	
1953	4	14	0	0	0	1021.20	
1953	4	14	6	0	0	1019.10	
1953	4	14	18	0	0	1014.00	
1953	4	15	0	0	0	1013.90	
1953	4	15	12	0	0	1013.40	
1953	4	15	18	0	0	1015.20	
1953	4	16	0	0	0	1017.50	
1953	4	16	6	0	0	1019.20	
1953	4	16	12	0	0	1019.10	
1953	4	16	18	0	0	1019.30	
1953	4	17	0	0	0	1020.10	
1953	4	17	12	0	0	1015.50	
1953	4	17	18	0	0	1014.30	
1953	4	18	0	0	0	1014.30	
1953	4	18	6	0	0	1015.50	
1953	4	18	12	0	0	1016.20	
1953	4	19	0	0	0	1015.70	
1953	4	19	6	0	0	1014.60	
1953	4	19	12	0	0	1012.60	
1953	4	20	0	0	0	1020.50	
1953	4	20	6	0	0	1022.20	
1953	4	20	12	0	0	1022.70	
1953	4	20	18	0	0	1023.00	
1953	4	21	0	0	0	1023.20	
1953	4	21	6	0	0	1021.60	
1953	4	21	12	0	0	1019.90	
1953	4	21	18	0	0	1019.40	
1953	4	22	0	0	0	1019.10	
1953	4	22	6	0	0	1018.80	
1953	4	22	12	0	0	1017.40	
1953	4	22	18	0	0	1017.90	
1953	4	23	0	0	0	1019.00	
1953	4	23	6	0	0	1019.30	
1953	4	23	12	0	0	1019.50	
1953	4	23	18	0	0	1019.60	
1953	4	24	0	0	0	1019.90	
1953	4	24	6	0	0	1020.10	
1953	4	24	12	0	0	1018.10	
1953	4	24	18	0	0	1015.90	
1953	4	25	0	0	0	1015.20	
1953	4	25	6	0	0	1014.60	
1953	4	25	12	0	0	1012.60	
1953	4	25	18	0	0	1010.20	
1953	4	26	0	0	0	1009.10	
1953	4	26	6	0	0	1007.70	
1953	4	26	12	0	0	1007.30	
1953	4	26	18	0	0	1010.80	
1953	4	27	0	0	0	1014.00	
1953	4	27	6	0	0	1015.50	
1953	4	27	12	0	0	1014.90	
1953	4	27	18	0	0	1013.70	
1953	4	28	0	0	0	1014.60	
1953	4	28	6	0	0	1013.10	
1953	4	28	12	0	0	1010.40	
1953	4	28	18	0	0	1009.60	
1953	4	29	0	0	0	1009.20	
1953	4	29	12	0	0	1011.20	
1953	4	29	18	0	0	1013.10	
1953	4	30	0	0	0	1013.80	
1953	4	30	6	0	0	1015.00	
1953	4	30	12	0	0	1016.60	
1953	4	30	18	0	0	1018.20	
1953	5	1	0	0	0	1021.50	
1953	5	1	6	0	0	1022.30	
1953	5	1	12	0	0	1021.40	
1953	5	1	18	0	0	1021.30	
1953	5	2	0	0	0	1024.40	
1953	5	2	6	0	0	1026.30	
1953	5	2	12	0	0	1026.10	
1953	5	3	0	0	0	1025.70	
1953	5	3	6	0	0	1024.20	
1953	5	3	12	0	0	1020.60	
1953	5	3	18	0	0	1017.60	
1953	5	4	0	0	0	1016.90	
1953	5	4	6	0	0	1016.10	
1953	5	4	12	0	0	1013.90	
1953	5	5	0	0	0	1014.30	
1953	5	5	18	0	0	1008.00	
1953	5	6	0	0	0	1006.70	
1953	5	6	6	0	0	1004.80	
1953	5	6	12	0	0	1004.90	
1953	5	6	18	0	0	1006.10	
1953	5	7	0	0	0	1006.90	
1953	5	7	6	0	0	1011.50	
1953	5	7	12	0	0	1013.40	
1953	5	7	18	0	0	1015.30	
1953	5	8	0	0	0	1015.50	
1953	5	8	6	0	0	1014.60	
1953	5	8	12	0	0	1012.40	
1953	5	8	18	0	0	1010.60	
1953	5	9	6	0	0	1007.70	
1953	5	9	12	0	0	1006.50	
1953	5	9	18	0	0	1006.20	
1953	5	10	0	0	0	1005.40	
1953	5	10	6	0	0	1005.40	
1953	5	10	12	0	0	1007.10	
1953	5	10	18	0	0	1008.60	
1953	5	11	0	0	0	1009.00	
1953	5	11	6	0	0	1008.20	
1953	5	11	12	0	0	1005.10	
1953	5	11	18	0	0	1002.60	
1953	5	12	0	0	0	1000.90	
1953	5	12	6	0	0	1001.30	
1953	5	12	12	0	0	1003.90	
1953	5	12	18	0	0	1006.00	
1953	5	13	0	0	0	1007.80	
1953	5	13	6	0	0	1009.50	
1953	5	13	12	0	0	1007.60	
1953	5	13	18	0	0	1008.60	
1953	5	14	0	0	0	1007.60	
1953	5	14	6	0	0	1008.20	
1953	5	14	12	0	0	1009.70	
1953	5	14	18	0	0	1010.80	
1953	5	15	0	0	0	1011.80	
1953	5	15	6	0	0	1012.10	
1953	5	15	12	0	0	1012.80	
1953	5	15	18	0	0	1014.80	
1953	5	16	0	0	0	1017.70	
1953	5	16	6	0	0	1018.90	
1953	5	16	12	0	0	1018.60	
1953	5	16	18	0	0	1018.80	
1953	5	17	0	0	0	1019.50	
1953	5	17	6	0	0	1018.70	
1953	5	17	12	0	0	1017.80	
1953	5	17	18	0	0	1017.70	
1953	5	18	0	0	0	1018.70	
1953	5	18	6	0	0	1019.40	
1953	5	18	12	0	0	1023.50	
1953	5	18	18	0	0	1024.80	
1953	5	19	0	0	0	1028.80	
1953	5	19	6	0	0	1028.40	
1953	5	19	12	0	0	1028.40	
1953	5	19	18	0	0	1026.90	
1953	5	20	0	0	0	1027.90	
1953	5	20	6	0	0	1028.40	
1953	5	20	12	0	0	1025.40	
1953	5	20	18	0	0	1022.70	
1953	5	21	0	0	0	1024.10	
1953	5	21	12	0	0	1021.90	
1953	5	21	18	0	0	1020.20	
1953	5	22	0	0	0	1020.90	
1953	5	22	6	0	0	1020.00	
1953	5	22	12	0	0	1019.40	
1953	5	22	18	0	0	1018.40	
1953	5	23	0	0	0	1021.10	
1953	5	23	6	0	0	1021.10	
1953	5	23	12	0	0	1020.40	
1953	5	23	18	0	0	1018.70	
1953	5	24	0	0	0	1020.10	
1953	5	24	6	0	0	1020.10	
1953	5	24	12	0	0	1019.50	
1953	5	24	18	0	0	1017.20	
1953	5	25	0	0	0	1018.00	
1953	5	25	6	0	0	1020.00	
1953	5	25	12	0	0	1023.80	
1953	5	25	18	0	0	1026.10	
1953	5	26	0	0	0	1028.80	
1953	5	26	6	0	0	1029.40	
1953	5	26	18	0	0	1017.00	
1953	5	27	0	0	0	1008.80	
1953	5	27	6	0	0	1007.30	
1953	5	27	12	0	0	1008.90	
1953	5	27	18	0	0	1006.90	
1953	5	28	0	0	0	1004.30	
1953	5	28	6	0	0	1004.60	
1953	5	28	12	0	0	1007.60	
1953	5	28	18	0	0	1009.10	
1953	5	29	0	0	0	1010.70	
1953	5	29	6	0	0	1004.30	
1953	5	29	12	0	0	1008.00	
1953	5	29	18	0	0	1011.30	
1953	5	30	0	0	0	1012.20	
1953	5	30	6	0	0	1011.00	
1953	5	30	12	0	0	1006.60	
1953	5	30	18	0	0	1007.90	
1953	5	31	0	0	0	1006.80	
1953	5	31	6	0	0	1006.80	
1953	5	31	12	0	0	1006.00	
1953	5	31	18	0	0	1004.10	
1953	6	1	0	0	0	1000.70	
1953	6	1	6	0	0	1001.60	
1953	6	1	12	0	0	1002.90	
1953	6	1	18	0	0	1001.10	
1953	6	2	0	0	0	993.20	
1953	6	2	6	0	0	993.40	
1953	6	2	12	0	0	995.90	
1953	6	2	18	0	0	997.30	
1953	6	3	0	0	0	1000.50	
1953	6	3	6	0	0	999.20	
1953	6	3	12	0	0	1002.20	
1953	6	3	18	0	0	1003.60	
1953	6	4	0	0	0	1005.00	
1953	6	4	6	0	0	1009.90	
1953	6	4	12	0	0	1012.40	
1953	6	4	18	0	0	1012.20	
1953	6	5	0	0	0	1016.90	
1953	6	5	6	0	0	1018.40	
1953	6	5	12	0	0	1018.00	
1953	6	6	0	0	0	1021.80	
1953	6	6	6	0	0	1022.90	
1953	6	6	12	0	0	1022.60	
1953	6	6	18	0	0	1021.20	
1953	6	7	0	0	0	1020.00	
1953	6	7	6	0	0	1017.90	
1953	6	7	12	0	0	1018.80	
1953	6	7	18	0	0	1020.00	
1953	6	8	0	0	0	1021.00	
1953	6	8	6	0	0	1021.20	
1953	6	8	12	0	0	1020.80	
1953	6	8	18	0	0	1019.80	
1953	6	9	0	0	0	1020.50	
1953	6	9	6	0	0	1019.70	
1953	6	9	12	0	0	1016.90	
1953	6	9	18	0	0	1019.30	
1953	6	10	0	0	0	1014.80	
1953	6	10	6	0	0	1014.30	
1953	6	10	12	0	0	1012.90	
1953	6	11	0	0	0	1012.30	
1953	6	11	6	0	0	1011.60	
1953	6	11	12	0	0	1010.00	
1953	6	11	18	0	0	1007.50	
1953	6	12	0	0	0	1011.00	
1953	6	12	6	0	0	1010.80	
1953	6	12	12	0	0	1011.10	
1953	6	12	18	0	0	1010.40	
1953	6	13	0	0	0	1011.40	
1953	6	13	12	0	0	1010.80	
1953	6	13	18	0	0	1010.00	
1953	6	14	0	0	0	1010.00	
1953	6	14	6	0	0	1009.90	
1953	6	14	12	0	0	1009.10	
1953	6	14	18	0	0	1009.70	
1953	6	15	0	0	0	1010.30	
1953	6	15	6	0	0	1010.50	
1953	6	15	18	0	0	1010.50	
1953	6	16	0	0	0	1012.50	
1953	6	16	6	0	0	1012.50	
1953	6	16	12	0	0	1012.20	
1953	6	16	18	0	0	1011.30	
1953	6	17	0	0	0	1012.60	
1953	6	17	6	0	0	1012.50	
1953	6	17	12	0	0	1010.80	
1953	6	17	18	0	0	1009.30	
1953	6	18	0	0	0	1010.00	
1953	6	18	6	0	0	1010.50	
1953	6	18	12	0	0	1009.90	
1953	6	18	18	0	0	1010.20	
1953	6	19	0	0	0	1011.60	
1953	6	19	6	0	0	1011.10	
1953	6	19	12	0	0	1011.60	
1953	6	19	18	0	0	1017.40	qc_reject
1953	6	20	0	0	0	1017.60	
1953	6	20	6	0	0	1019.40	
1953	6	20	12	0	0	1020.60	
1953	6	20	18	0	0	1021.00	
1953	6	21	0	0	0	1022.60	
1953	6	21	6	0	0	1023.30	
1953	6	21	12	0	0	1022.90	
1953	6	21	18	0	0	1021.60	
1953	6	22	0	0	0	1022.20	
1953	6	22	6	0	0	1022.40	
1953	6	22	18	0	0	1020.90	
1953	6	23	0	0	0	1022.00	
1953	6	23	6	0	0	1022.80	
1953	6	23	12	0	0	1021.50	
1953	6	23	18	0	0	1019.90	
1953	6	24	0	0	0	1020.30	
1953	6	24	6	0	0	1020.20	
1953	6	24	12	0	0	1019.30	
1953	6	24	18	0	0	1018.80	
1953	6	25	0	0	0	1020.30	
1953	6	25	6	0	0	1020.70	
1953	6	25	12	0	0	1019.00	
1953	6	25	18	0	0	1017.30	
1953	6	26	0	0	0	1017.70	
1953	6	26	6	0	0	1016.40	
1953	6	26	12	0	0	1013.50	
1953	6	27	0	0	0	1011.90	
1953	6	27	6	0	0	1011.20	
1953	6	27	12	0	0	1009.20	
1953	6	27	18	0	0	1010.00	
1953	6	28	0	0	0	1015.80	
1953	6	28	6	0	0	1016.30	
1953	6	28	12	0	0	1015.80	
1953	6	28	18	0	0	1016.60	
1953	6	29	0	0	0	1019.70	
1953	6	29	6	0	0	1019.50	
1953	6	29	12	0	0	1017.30	
1953	6	29	18	0	0	1014.40	
1953	6	30	0	0	0	1014.10	
1953	6	30	6	0	0	1014.80	
1953	6	30	18	0	0	1014.10	
1953	7	1	0	0	0	1014.60	
1953	7	1	6	0	0	1013.80	
1953	7	1	12	0	0	1012.70	
1953	7	1	18	0	0	1012.00	
1953	7	2	0	0	0	1013.60	
1953	7	2	6	0	0	1012.60	
1953	7	2	18	0	0	1011.00	
1953	7	3	0	0	0	1012.90	
1953	7	3	18	0	0	1012.20	
1953	7	4	0	0	0	1013.90	
1953	7	4	6	0	0	1012.50	
1953	7	4	12	0	0	1010.40	
1953	7	4	18	0	0	1008.80	
1953	7	5	0	0	0	1008.60	
1953	7	5	6	0	0	1008.00	
1953	7	5	12	0	0	1007.60	
1953	7	5	18	0	0	1006.60	
1953	7	6	0	0	0	1006.60	
1953	7	6	6	0	0	1008.40	
1953	7	6	12	0	0	1010.70	
1953	7	6	18	0	0	1011.30	
1953	7	7	0	0	0	1010.90	
1953	7	7	6	0	0	1008.50	
1953	7	7	12	0	0	1009.10	
1953	7	7	18	0	0	1010.30	
1953	7	8	0	0	0	1012.70	
1953	7	8	6	0	0	1011.50	
1953	7	8	18	0	0	1010.00	
1953	7	9	0	0	0	1011.80	
1953	7	9	12	0	0	1013.80	
1953	7	9	18	0	0	1013.40	
1953	7	10	0	0	0	1013.50	
1953	7	10	6	0	0	1013.60	
1953	7	10	12	0	0	1011.70	
1953	7	10	18	0	0	1010.10	
1953	7	11	0	0	0	1008.60	
1953	7	11	6	0	0	1007.80	
1953	7	11	12	0	0	1009.90	
1953	7	11	18	0	0	1010.90	
1953	7	12	0	0	0	1011.90	
1953	7	12	6	0	0	1012.50	
1953	7	12	12	0	0	1012.60	
1953	7	13	0	0	0	1013.10	
1953	7	13	6	0	0	1011.90	
1953	7	13	12	0	0	1009.90	
1953	7	13	18	0	0	1008.00	
1953	7	14	0	0	0	1008.80	
1953	7	14	6	0	0	1007.30	
1953	7	14	12	0	0	1007.30	
1953	7	14	18	0	0	1007.80	
1953	7	15	0	0	0	1009.30	
1953	7	15	6	0	0	1009.90	
1953	7	15	12	0	0	1009.50	
1953	7	15	18	0	0	1009.90	
1953	7	16	0	0	0	1011.60	
1953	7	16	6	0	0	1011.90	
1953	7	16	12	0	0	1013.30	
1953	7	16	18	0	0	1013.00	
1953	7	17	0	0	0	1016.20	
1953	7	17	6	0	0	1017.00	
1953	7	17	12	0	0	1017.50	
1953	7	17	18	0	0	1017.40	
1953	7	18	0	0	0	1019.10	
1953	7	18	6	0	0	1018.60	
1953	7	18	12	0	0	1016.50	
1953	7	18	18	0	0	1019.10	
1953	7	19	6	0	0	1009.60	
1953	7	19	12	0	0	1011.80	
1953	7	19	18	0	0	1014.50	
1953	7	20	0	0	0	1016.30	
1953	7	20	6	0	0	1016.40	
1953	7	20	12	0	0	1015.90	
1953	7	20	18	0	0	1016.80	
1953	7	21	0	0	0	1017.50	
1953	7	21	12	0	0	1019.10	
1953	7	21	18	0	0	1018.70	
1953	7	22	0	0	0	1019.80	
1953	7	22	6	0	0	1020.10	
1953	7	22	12	0	0	1018.20	
1953	7	23	0	0	0	1015.60	
1953	7	23	6	0	0	1016.20	
1953	7	23	12	0	0	1015.60	
1953	7	23	18	0	0	1015.70	
1953	7	24	0	0	0	1014.40	
1953	7	24	18	0	0	1019.80	
1953	7	25	0	0	0	1019.50	
1953	7	25	6	0	0	1020.70	
1953	7	25	12	0	0	1020.50	
1953	7	25	18	0	0	1019.70	
1953	7	26	0	0	0	1019.40	
1953	7	26	6	0	0	1018.00	
1953	7	26	12	0	0	1015.80	
1953	7	26	18	0	0	1013.50	
1953	7	27	0	0	0	1012.70	
1953	7	27	6	0	0	1011.40	
1953	7	27	12	0	0	1010.20	
1953	7	28	0	0	0	1008.50	
1953	7	28	6	0	0	1008.50	
1953	7	28	12	0	0	1010.10	
1953	7	28	18	0	0	1010.50	
1953	7	29	0	0	0	1012.50	
1953	7	29	6	0	0	1013.70	
1953	7	29	12	0	0	1012.20	
1953	7	29	18	0	0	1013.10	
1953	7	30	0	0	0	1013.30	
1953	7	30	6	0	0	1013.10	
1953	7	30	12	0	0	1011.80	
1953	7	30	18	0	0	1010.30	
1953	7	31	0	0	0	1009.00	
1953	7	31	6	0	0	1004.20	
1953	7	31	12	0	0	1006.40	
1953	7	31	18	0	0	1008.40	
1953	8	1	0	0	0	1010.50	
1953	8	1	6	0	0	1010.20	
1953	8	1	12	0	0	1008.70	
1953	8	1	18	0	0	1009.20	
1953	8	2	0	0	0	1010.20	
1953	8	2	6	0	0	1011.00	
1953	8	2	18	0	0	1011.30	
1953	8	3	0	0	0	1011.70	
1953	8	3	6	0	0	1012.10	
1953	8	3	18	0	0	1014.90	
1953	8	4	0	0	0	1017.00	
1953	8	4	6	0	0	1018.60	
1953	8	4	18	0	0	1019.10	
1953	8	5	0	0	0	1019.50	
1953	8	5	6	0	0	1017.40	
1953	8	5	12	0	0	1013.70	
1953	8	5	18	0	0	1011.50	
1953	8	6	0	0	0	1009.40	
1953	8	6	6	0	0	1007.60	
1953	8	6	12	0	0	1007.40	
1953	8	6	18	0	0	1007.70	
1953	8	7	0	0	0	1007.70	
1953	8	7	6	0	0	1006.70	
1953	8	7	12	0	0	1006.30	
1953	8	7	18	0	0	1006.70	
1953	8	8	0	0	0	1006.90	
1953	8	8	6	0	0	1008.10	
1953	8	8	12	0	0	1009.00	
1953	8	8	18	0	0	1010.80	
1953	8	9	0	0	0	1011.90	
1953	8	9	6	0	0	1013.40	
1953	8	9	12	0	0	1014.90	
1953	8	9	18	0	0	1016.40	
1953	8	10	0	0	0	1017.00	
1953	8	10	6	0	0	1017.80	
1953	8	10	18	0	0	1020.60	
1953	8	11	0	0	0	1021.60	
1953	8	11	6	0	0	1021.80	
1953	8	11	12	0	0	1021.50	
1953	8	11	18	0	0	1021.40	
1953	8	12	0	0	0	1024.20	
1953	8	12	6	0	0	1025.80	
1953	8	12	18	0	0	1024.80	
1953	8	13	0	0	0	1025.70	
1953	8	13	6	0	0	1025.40	
1953	8	13	12	0	0	1024.40	
1953	8	13	18	0	0	1023.50	
1953	8	14	0	0	0	1023.70	
1953	8	14	6	0	0	1023.70	
1953	8	14	18	0	0	1020.30	
1953	8	15	0	0	0	1019.50	
1953	8	15	6	0	0	1019.10	
1953	8	15	12	0	0	1017.00	
1953	8	16	0	0	0	1016.10	
1953	8	16	6	0	0	1015.30	
1953	8	16	12	0	0	1013.60	
1953	8	16	18	0	0	1012.60	
1953	8	17	0	0	0	1012.90	
1953	8	17	12	0	0	1013.50	
1953	8	17	18	0	0	1015.00	
1953	8	18	0	0	0	1016.90	
1953	8	18	6	0	0	1017.70	
1953	8	18	12	0	0	1018.00	
1953	8	18	18	0	0	1020.80	
1953	8	19	0	0	0	1019.70	
1953	8	19	6	0	0	1018.90	
1953	8	19	12	0	0	1019.70	
1953	8	19	18	0	0	1017.40	
1953	8	20	0	0	0	1019.50	
1953	8	20	6	0	0	1019.70	
1953	8	20	12	0	0	1018.60	
1953	8	20	18	0	0	1017.40	
1953	8	21	0	0	0	1015.90	
1953	8	21	6	0	0	1012.00	
1953	8	21	12	0	0	1010.00	
1953	8	22	0	0	0	1007.70	
1953	8	22	6	0	0	1005.00	
1953	8	22	12	0	0	1004.10	
1953	8	22	18	0	0	1008.50	
1953	8	23	0	0	0	1009.70	
1953	8	23	6	0	0	1011.20	
1953	8	23	12	0	0	1013.20	
1953	8	23	18	0	0	1014.70	
1953	8	24	0	0	0	1016.80	
1953	8	24	6	0	0	1018.00	
1953	8	24	12	0	0	1018.50	
1953	8	24	18	0	0	1017.70	
1953	8	25	0	0	0	1018.10	
1953	8	25	12	0	0	1012.80	
1953	8	25	18	0	0	1011.50	
1953	8	26	0	0	0	1012.20	
1953	8	26	6	0	0	1012.60	
1953	8	26	12	0	0	1012.50	
1953	8	26	18	0	0	1012.20	
1953	8	27	0	0	0	1012.70	
1953	8	27	6	0	0	1013.40	
1953	8	27	12	0	0	1013.50	
1953	8	27	18	0	0	1014.00	
1953	8	28	0	0	0	1011.10	
1953	8	28	6	0	0	1017.10	
1953	8	28	12	0	0	1016.50	
1953	8	28	18	0	0	1017.50	
1953	8	29	0	0	0	1018.00	
1953	8	29	6	0	0	1017.70	
1953	8	29	18	0	0	1014.20	
1953	8	30	0	0	0	1013.80	
1953	8	30	6	0	0	1014.60	
1953	8	30	18	0	0	1015.70	
1953	8	31	0	0	0	1014.30	
1953	8	31	6	0	0	1012.40	
1953	8	31	12	0	0	1009.70	
1953	8	31	18	0	0	1011.70	
1953	9	1	0	0	0	1012.70	
1953	9	1	6	0	0	1014.60	
1953	9	1	12	0	0	1016.90	
1953	9	1	18	0	0	1020.00	
1953	9	2	6	0	0	1021.20	
1953	9	2	12	0	0	1017.30	
1953	9	2	18	0	0	1018.20	
1953	9	3	0	0	0	1016.00	
1953	9	3	6	0	0	1013.80	
1953	9	3	12	0	0	1010.30	
1953	9	3	18	0	0	1009.80	
1953	9	4	6	0	0	1009.70	
1953	9	4	12	0	0	1011.90	
1953	9	4	18	0	0	1014.10	
1953	9	5	0	0	0	1014.00	
1953	9	5	6	0	0	1013.20	
1953	9	5	12	0	0	1014.60	
1953	9	5	18	0	0	1018.60	
1953	9	6	0	0	0	1022.00	
1953	9	6	6	0	0	1023.80	
1953	9	6	12	0	0	1025.70	
1953	9	6	18	0	0	1028.70	
1953	9	7	0	0	0	1032.30	
1953	9	7	12	0	0	1032.20	
1953	9	7	18	0	0	1028.30	
1953	9	8	6	0	0	1014.80	
1953	9	8	12	0	0	1010.40	
1953	9	8	18	0	0	1008.70	
1953	9	9	0	0	0	1007.20	
1953	9	9	6	0	0	1005.20	
1953	9	9	12	0	0	1001.10	
1953	9	9	18	0	0	998.50	
1953	9	10	0	0	0	997.00	
1953	9	10	6	0	0	996.70	
1953	9	10	12	0	0	997.50	
1953	9	10	18	0	0	998.90	
1953	9	11	0	0	0	1000.70	
1953	9	11	6	0	0	1002.40	
1953	9	11	12	0	0	1005.70	
1953	9	11	18	0	0	1006.70	
1953	9	12	0	0	0	1007.90	
1953	9	12	6	0	0	1006.70	
1953	9	12	12	0	0	1002.00	
1953	9	12	18	0	0	997.00	
1953	9	13	0	0	0	995.10	
1953	9	13	6	0	0	995.70	
1953	9	13	12	0	0	997.70	
1953	9	13	18	0	0	1001.40	
1953	9	14	0	0	0	1003.50	
1953	9	14	6	0	0	1006.30	
1953	9	14	12	0	0	1011.50	
1953	9	14	18	0	0	1016.00	
1953	9	15	0	0	0	1019.20	
1953	9	15	6	0	0	1021.70	
1953	9	15	12	0	0	1022.40	
1953	9	15	18	0	0	1023.50	
1953	9	16	0	0	0	1025.30	
1953	9	16	6	0	0	1026.80	
1953	9	16	12	0	0	1026.00	
1953	9	16	18	0	0	1025.80	
1953	9	17	0	0	0	1026.20	
1953	9	17	6	0	0	1026.70	
1953	9	17	12	0	0	1024.20	
1953	9	17	18	0	0	1023.60	
1953	9	18	0	0	0	1023.80	
1953	9	18	6	0	0	1023.10	
1953	9	18	18	0	0	1020.00	
1953	9	19	0	0	0	1019.30	
1953	9	19	6	0	0	1017.60	
1953	9	19	12	0	0	1014.90	
1953	9	19	18	0	0	1013.70	
1953	9	20	0	0	0	1010.90	
1953	9	20	6	0	0	1009.20	
1953	9	20	12	0	0	1006.90	
1953	9	21	0	0	0	1005.20	
1953	9	21	6	0	0	1006.40	
1953	9	21	12	0	0	1008.50	
1953	9	21	18	0	0	1008.00	
1953	9	22	0	0	0	1008.70	
1953	9	22	6	0	0	1008.40	
1953	9	22	12	0	0	1009.80	
1953	9	22	18	0	0	1007.80	
1953	9	23	0	0	0	1009.10	
1953	9	23	6	0	0	1010.90	
1953	9	23	18	0	0	1013.10	
1953	9	24	6	0	0	1013.90	
1953	9	24	12	0	0	1012.80	
1953	9	24	18	0	0	1012.60	
1953	9	25	0	0	0	1011.10	
1953	9	25	6	0	0	1013.30	
1953	9	25	12	0	0	1015.70	
1953	9	25	18	0	0	1016.30	
1953	9	26	0	0	0	1017.40	
1953	9	26	6	0	0	1018.10	
1953	9	26	12	0	0	1017.30	
1953	9	26	18	0	0	1018.60	
1953	9	27	0	0	0	1019.30	
1953	9	27	6	0	0	1020.40	
1953	9	27	12	0	0	1020.90	
1953	9	27	18	0	0	1021.90	
1953	9	28	0	0	0	1022.40	
1953	9	28	6	0	0	1022.40	
1953	9	28	12	0	0	1021.40	
1953	9	28	18	0	0	1019.80	
1953	9	29	0	0	0	1018.70	
1953	9	29	6	0	0	1016.20	
1953	9	29	12	0	0	1016.90	
1953	9	29	18	0	0	1020.40	
1953	9	30	0	0	0	1023.70	
1953	9	30	6	0	0	1026.30	
1953	9	30	12	0	0	1026.90	
1953	9	30	18	0	0	1027.50	
1953	10	1	6	0	0	1025.10	
1953	10	1	12	0	0	1022.00	
1953	10	1	18	0	0	1021.90	
1953	10	2	0	0	0	1020.40	
1953	10	2	6	0	0	1018.50	
1953	10	2	12	0	0	1019.70	
1953	10	2	18	0	0	1021.60	
1953	10	3	0	0	0	1023.10	
1953	10	3	6	0	0	1024.30	
1953	10	3	12	0	0	1022.80	
1953	10	3	18	0	0	1021.30	
1953	10	4	0	0	0	1018.30	
1953	10	4	6	0	0	1013.90	
1953	10	4	12	0	0	1013.40	
1953	10	4	18	0	0	1013.60	
1953	10	5	6	0	0	1011.40	
1953	10	5	12	0	0	1010.50	
1953	10	5	18	0	0	1009.30	
1953	10	6	0	0	0	1006.90	
1953	10	6	6	0	0	1005.50	
1953	10	6	12	0	0	1004.80	
1953	10	6	18	0	0	1006.70	
1953	10	7	0	0	0	1007.20	
1953	10	7	6	0	0	1006.80	
1953	10	7	12	0	0	1008.50	
1953	10	7	18	0	0	1010.70	
1953	10	8	0	0	0	1011.90	
1953	10	8	6	0	0	1014.30	
1953	10	8	12	0	0	1016.30	
1953	10	8	18	0	0	1019.70	
1953	10	9	0	0	0	1023.80	
1953	10	9	6	0	0	1025.80	
1953	10	9	12	0	0	1026.40	
1953	10	9	18	0	0	1026.60	
1953	10	10	0	0	0	1025.60	
1953	10	10	6	0	0	1024.80	
1953	10	10	12	0	0	1024.90	
1953	10	10	18	0	0	1025.00	
1953	10	11	0	0	0	1024.90	
1953	10	11	6	0	0	1025.40	
1953	10	11	12	0	0	1025.90	
1953	10	11	18	0	0	1025.90	
1953	10	12	0	0	0	1027.00	
1953	10	12	12	0	0	1024.80	
1953	10	12	18	0	0	1023.80	
1953	10	13	0	0	0	1023.40	
1953	10	13	6	0	0	1022.70	
1953	10	13	18	0	0	1019.10	
1953	10	14	0	0	0	1018.30	
1953	10	14	6	0	0	1017.10	
1953	10	14	12	0	0	1015.50	
1953	10	14	18	0	0	1015.50	
1953	10	15	0	0	0	1016.80	
1953	10	15	6	0	0	1016.80	
1953	10	15	12	0	0	1015.60	
1953	10	15	18	0	0	1016.40	
1953	10	16	0	0	0	1016.40	
1953	10	16	6	0	0	1017.10	
1953	10	16	12	0	0	1017.10	
1953	10	16	18	0	0	1018.60	
1953	10	17	0	0	0	1020.30	
1953	10	17	6	0	0	1022.40	
1953	10	17	12	0	0	1024.10	
1953	10	17	18	0	0	1024.90	
1953	10	18	6	0	0	1026.30	
1953	10	18	18	0	0	1028.00	
1953	10	19	6	0	0	1021.70	qc_reject
1953	10	19	12	0	0	1033.30	
1953	10	19	18	0	0	1033.50	
1953	10	20	0	0	0	1033.90	
1953	10	20	6	0	0	1034.40	
1953	10	20	12	0	0	1034.40	
1953	10	20	18	0	0	1034.00	
1953	10	21	0	0	0	1032.50	
1953	10	21	6	0	0	1033.10	
1953	10	21	12	0	0	1032.10	
1953	10	21	18	0	0	1031.90	
1953	10	22	6	0	0	1030.90	
1953	10	22	12	0	0	1029.90	
1953	10	22	18	0	0	1029.40	
1953	10	23	0	0	0	1029.40	
1953	10	23	6	0	0	1029.40	
1953	10	23	18	0	0	1025.80	
1953	10	24	0	0	0	1024.50	
1953	10	24	6	0	0	1023.10	
1953	10	24	12	0	0	1022.20	
1953	10	24	18	0	0	1022.30	
1953	10	25	0	0	0	1022.20	
1953	10	25	6	0	0	1023.40	
1953	10	25	12	0	0	1023.80	
1953	10	26	6	0	0	1023.40	
1953	10	26	12	0	0	1027.20	qc_reject
1953	10	26	18	0	0	1021.70	
1953	10	27	0	0	0	1023.10	
1953	10	27	6	0	0	1024.30	
1953	10	27	18	0	0	1026.20	
1953	10	28	0	0	0	1029.10	
1953	10	28	6	0	0	1027.70	
1953	10	28	12	0	0	1026.40	
1953	10	28	18	0	0	1026.40	
1953	10	29	0	0	0	1025.60	
1953	10	29	6	0	0	1024.40	
1953	10	29	12	0	0	1023.20	
1953	10	29	18	0	0	1022.70	
1953	10	30	0	0	0	1023.40	
1953	10	30	12	0	0	1024.80	
1953	10	30	18	0	0	1026.90	
1953	10	31	6	0	0	1031.70	
1953	10	31	12	0	0	1032.00	
1953	11	1	0	0	0	1036.50	
1953	11	1	6	0	0	1036.30	
1953	11	1	12	0	0	1034.60	
1953	11	1	18	0	0	1034.00	
1953	11	2	0	0	0	1033.00	
1953	11	2	6	0	0	1030.50	
1953	11	2	12	0	0	1027.50	
1953	11	2	18	0	0	1025.80	
1953	11	3	0	0	0	1025.30	
1953	11	3	6	0	0	1025.60	
1953	11	3	12	0	0	1025.00	
1953	11	3	18	0	0	1025.20	
1953	11	4	0	0	0	1026.60	
1953	11	4	6	0	0	1025.10	
1953	11	4	12	0	0	1023.00	
1953	11	5	0	0	0	1023.00	
1953	11	5	6	0	0	1023.00	
1953	11	5	12	0	0	1023.10	
1953	11	5	18	0	0	1024.20	
1953	11	6	0	0	0	1024.60	
1953	11	6	6	0	0	1025.70	
1953	11	6	12	0	0	1026.60	
1953	11	6	18	0	0	1028.00	
1953	11	7	0	0	0	1025.80	
1953	11	7	6	0	0	1030.10	
1953	11	7	12	0	0	1030.70	
1953	11	8	0	0	0	1029.00	
1953	11	8	6	0	0	1027.30	
1953	11	8	12	0	0	1025.10	
1953	11	8	18	0	0	1024.60	
1953	11	9	0	0	0	1024.80	
1953	11	9	6	0	0	1024.40	
1953	11	9	12	0	0	1023.00	
1953	11	10	0	0	0	1020.60	
1953	11	10	6	0	0	1019.10	
1953	11	10	12	0	0	1020.20	
1953	11	10	18	0	0	1022.30	
1953	11	11	0	0	0	1025.30	
1953	11	11	6	0	0	1027.30	
1953	11	11	18	0	0	1026.20	
1953	11	12	0	0	0	1024.40	
1953	11	12	6	0	0	1021.20	
1953	11	12	12	0	0	1017.40	
1953	11	13	0	0	0	1015.10	
1953	11	13	6	0	0	1012.30	
1953	11	13	12	0	0	1009.10	
1953	11	13	18	0	0	1007.80	
1953	11	14	0	0	0	1016.00	
1953	11	14	6	0	0	1021.10	
1953	11	14	12	0	0	1022.60	
1953	11	14	18	0	0	1022.00	
1953	11	15	0	0	0	1020.70	
1953	11	15	6	0	0	1018.90	
1953	11	15	12	0	0	1015.50	
1953	11	15	18	0	0	1037.40	qc_reject
1953	11	16	0	0	0	1035.50	qc_reject
1953	11	16	6	0	0	1031.00	
1953	11	16	12	0	0	1034.80	
1953	11	16	18	0	0	1037.90	
1953	11	17	0	0	0	1041.10	
1953	11	17	6	0	0	1038.60	
1953	11	18	6	0	0	1029.70	
1953	11	18	12	0	0	1027.50	
1953	11	18	18	0	0	1026.00	
1953	11	19	0	0	0	1023.80	
1953	11	19	6	0	0	1019.40	
1953	11	19	12	0	0	1015.80	
1953	11	19	18	0	0	1015.00	
1953	11	20	0	0	0	1018.60	
1953	11	20	6	0	0	1018.10	
1953	11	20	12	0	0	1016.00	
1953	11	20	18	0	0	1017.50	
1953	11	21	0	0	0	1020.00	
1953	11	21	6	0	0	1019.30	
1953	11	21	12	0	0	1014.70	
1953	11	21	18	0	0	1009.90	
1953	11	22	0	0	0	1011.80	
1953	11	22	6	0	0	1014.50	
1953	11	22	12	0	0	1016.90	
1953	11	22	18	0	0	1018.60	
1953	11	23	0	0	0	1023.00	
1953	11	23	6	0	0	1027.20	
1953	11	23	12	0	0	1030.00	
1953	11	23	18	0	0	1032.60	
1953	11	24	0	0	0	1035.30	
1953	11	24	6	0	0	1038.40	
1953	11	24	12	0	0	1041.20	
1953	11	24	18	0	0	1043.90	
1953	11	25	0	0	0	1045.50	
1953	11	25	6	0	0	1045.00	
1953	11	25	12	0	0	1043.60	
1953	11	25	18	0	0	1042.20	
1953	11	26	0	0	0	1040.90	
1953	11	26	6	0	0	1038.20	
1953	11	26	18	0	0	1033.80	
1953	11	27	0	0	0	1031.60	
1953	11	27	6	0	0	1029.70	
1953	11	27	12	0	0	1029.50	
1953	11	27	18	0	0	1029.60	
1953	11	28	0	0	0	1029.50	
1953	11	28	6	0	0	1028.20	
1953	11	28	12	0	0	1025.00	
1953	11	28	18	0	0	1022.30	
1953	11	29	0	0	0	1015.80	
1953	11	29	6	0	0	1008.50	
1953	11	29	12	0	0	1004.20	
1953	11	29	18	0	0	1004.20	
1953	11	30	0	0	0	1007.30	
1953	11	30	6	0	0	1008.90	
1953	11	30	12	0	0	1008.20	
1953	11	30	18	0	0	1007.50	
1953	12	1	0	0	0	1007.20	
1953	12	1	6	0	0	1007.00	
1953	12	1	12	0	0	1010.80	
1953	12	1	18	0	0	1023.80	
1953	12	2	6	0	0	1021.10	
1953	12	2	12	0	0	1020.60	
1953	12	3	0	0	0	1020.20	
1953	12	3	6	0	0	1019.50	
1953	12	3	12	0	0	1019.30	
1953	12	3	18	0	0	1018.70	
1953	12	4	0	0	0	1018.80	
1953	12	4	6	0	0	1018.60	
1953	12	4	12	0	0	1018.20	
1953	12	4	18	0	0	1017.80	
1953	12	5	0	0	0	1017.20	
1953	12	5	6	0	0	1016.20	
1953	12	5	12	0	0	1018.70	
1953	12	5	18	0	0	1025.60	
1953	12	6	0	0	0	1029.50	
1953	12	6	6	0	0	1030.80	
1953	12	6	12	0	0	1032.50	
1953	12	6	18	0	0	1035.50	
1953	12	7	0	0	0	1038.40	
1953	12	7	6	0	0	1039.60	
1953	12	7	12	0	0	1040.00	
1953	12	7	18	0	0	1039.70	
1953	12	8	0	0	0	1038.30	
1953	12	8	6	0	0	1036.10	
1953	12	8	12	0	0	1034.10	
1953	12	8	18	0	0	1032.40	
1953	12	9	0	0	0	1030.30	
1953	12	9	6	0	0	1029.00	
1953	12	9	12	0	0	1027.90	
1953	12	9	18	0	0	1028.30	
1953	12	10	0	0	0	1028.60	
1953	12	10	6	0	0	1027.50	
1953	12	10	12	0	0	1030.30	
1953	12	10	18	0	0	1031.70	
1953	12	11	0	0	0	1032.00	
1953	12	11	6	0	0	1033.10	
1953	12	11	12	0	0	1035.90	
1953	12	11	18	0	0	1039.20	
1953	12	12	0	0	0	1040.80	
1953	12	12	6	0	0	1040.10	
1953	12	12	18	0	0	1040.20	
1953	12	13	0	0	0	1039.90	
1953	12	13	6	0	0	1040.40	
1953	12	13	12	0	0	1039.90	
1953	12	13	18	0	0	1041.20	
1953	12	14	0	0	0	1040.60	
1953	12	14	6	0	0	1040.00	
1953	12	14	12	0	0	1038.50	
1953	12	14	18	0	0	1038.60	
1953	12	15	0	0	0	1038.90	
1953	12	15	6	0	0	1039.30	
1953	12	15	12	0	0	1039.90	
1953	12	15	18	0	0	1040.90	
1953	12	16	0	0	0	1041.00	
1953	12	16	6	0	0	1041.10	
1953	12	16	12	0	0	1041.80	
1953	12	16	18	0	0	1041.90	
1953	12	17	0	0	0	1041.60	
1953	12	17	6	0	0	1041.10	
1953	12	17	12	0	0	1039.70	
1953	12	17	18	0	0	1038.90	
1953	12	18	0	0	0	1037.90	
1953	12	18	6	0	0	1036.90	
1953	12	18	18	0	0	1034.70	
1953	12	19	0	0	0	1033.30	
1953	12	19	6	0	0	1031.50	
1953	12	19	12	0	0	1030.30	
1953	12	19	18	0	0	1029.80	
1953	12	20	0	0	0	1029.90	
1953	12	20	6	0	0	1029.00	
1953	12	20	12	0	0	1028.70	
1953	12	21	0	0	0	1028.80	
1953	12	21	6	0	0	1028.00	
1953	12	21	12	0	0	1027.70	
1953	12	21	18	0	0	1025.30	
1953	12	22	0	0	0	1023.20	
1953	12	22	6	0	0	1021.30	
1953	12	22	12	0	0	1021.70	
1953	12	22	18	0	0	1022.80	
1953	12	23	0	0	0	1022.70	
1953	12	23	6	0	0	1022.60	
1953	12	23	12	0	0	1022.60	
1953	12	23	18	0	0	1023.20	
1953	12	24	0	0	0	1024.00	
1953	12	24	6	0	0	1024.50	
1953	12	24	12	0	0	1024.70	
1953	12	24	18	0	0	1024.60	
1953	12	25	6	0	0	1023.30	
1953	12	25	12	0	0	1022.30	
1953	12	25	18	0	0	1021.90	
1953	12	26	0	0	0	1022.10	
1953	12	26	6	0	0	1022.20	
1953	12	26	12	0	0	1022.70	
1953	12	26	18	0	0	1022.30	
1953	12	27	0	0	0	1019.70	
1953	12	27	6	0	0	1015.60	
1953	12	27	12	0	0	1010.50	
1953	12	27	18	0	0	1006.00	
1953	12	28	0	0	0	1000.50	
1953	12	28	6	0	0	998.10	
1953	12	28	12	0	0	1001.60	
1953	12	29	0	0	0	1004.00	
1953	12	29	6	0	0	1004.70	
1953	12	29	12	0	0	1006.30	
1953	12	29	18	0	0	1013.40	
1953	12	30	0	0	0	1018.20	
1953	12	30	6	0	0	1021.30	
1953	12	30	12	0	0	1023.30	
1953	12	30	18	0	0	1025.60	
1953	12	31	0	0	0	1027.00	
1953	12	31	6	0	0	1022.70	
1953	12	31	12	0	0	1027.30	
1954	1	1	6	0	0	1031.50	
1954	1	1	12	0	0	1033.30	
1954	1	1	18	0	0	1035.30	
1954	1	2	6	0	0	1032.70	
1954	1	2	18	0	0	1019.70	
1954	1	3	0	0	0	1010.30	
1954	1	3	6	0	0	1001.60	
1954	1	3	12	0	0	999.20	
1954	1	3	18	0	0	1001.30	
1954	1	4	0	0	0	1003.20	
1954	1	4	6	0	0	1010.50	
1954	1	4	18	0	0	1024.60	
1954	1	5	0	0	0	1028.50	
1954	1	5	6	0	0	1030.50	
1954	1	5	12	0	0	1030.30	
1954	1	5	18	0	0	1030.20	
1954	1	6	0	0	0	1028.50	
1954	1	6	12	0	0	1022.50	
1954	1	6	18	0	0	1021.90	
1954	1	7	0	0	0	1018.70	
1954	1	7	6	0	0	1016.50	
1954	1	7	12	0	0	1015.30	
1954	1	7	18	0	0	1016.60	
1954	1	8	0	0	0	1017.00	
1954	1	8	6	0	0	1017.90	
1954	1	8	12	0	0	1018.50	
1954	1	8	18	0	0	1020.40	
1954	1	9	0	0	0	1020.00	
1954	1	9	6	0	0	1017.60	
1954	1	9	12	0	0	1008.70	
1954	1	9	18	0	0	1000.60	
1954	1	10	0	0	0	997.30	
1954	1	10	6	0	0	995.80	
1954	1	10	12	0	0	994.90	
1954	1	10	18	0	0	994.70	
1954	1	11	0	0	0	993.90	
1954	1	11	6	0	0	993.90	
1954	1	11	12	0	0	995.50	
1954	1	11	18	0	0	998.00	
1954	1	12	0	0	0	1001.90	
1954	1	12	6	0	0	1004.90	
1954	1	12	12	0	0	1008.70	
1954	1	12	18	0	0	1011.90	
1954	1	13	0	0	0	1014.40	
1954	1	13	6	0	0	1015.50	
1954	1	13	12	0	0	1015.80	
1954	1	13	18	0	0	1014.40	
1954	1	14	0	0	0	1012.60	
1954	1	14	6	0	0	1009.20	
1954	1	14	12	0	0	1006.40	
1954	1	14	18	0	0	1005.10	
1954	1	15	0	0	0	1007.80	
1954	1	15	6	0	0	1008.10	
1954	1	15	12	0	0	1007.60	
1954	1	15	18	0	0	1002.70	
1954	1	16	0	0	0	989.60	
1954	1	16	6	0	0	987.50	
1954	1	16	12	0	0	986.60	
1954	1	16	18	0	0	988.60	
1954	1	17	0	0	0	993.50	
1954	1	17	6	0	0	996.30	
1954	1	17	18	0	0	996.70	
1954	1	18	0	0	0	1000.70	
1954	1	18	6	0	0	1007.20	
1954	1	18	12	0	0	1010.80	
1954	1	18	18	0	0	1015.20	
1954	1	19	0	0	0	1019.40	
1954	1	19	6	0	0	1020.30	
1954	1	19	12	0	0	1021.50	
1954	1	19	18	0	0	1021.00	
1954	1	20	0	0	0	1016.10	
1954	1	20	6	0	0	1007.00	
1954	1	20	18	0	0	989.00	
1954	1	21	0	0	0	986.20	
1954	1	21	6	0	0	992.70	
1954	1	21	12	0	0	1002.70	
1954	1	21	18	0	0	1011.20	
1954	1	22	0	0	0	1019.50	
1954	1	22	6	0	0	1024.80	
1954	1	22	12	0	0	1030.80	
1954	1	22	18	0	0	1034.70	
1954	1	23	0	0	0	1034.60	
1954	1	23	6	0	0	1035.50	
1954	1	23	12	0	0	1034.80	
1954	1	23	18	0	0	1036.20	
1954	1	24	0	0	0	1036.80	
1954	1	24	6	0	0	1034.50	
1954	1	24	12	0	0	1032.40	
1954	1	24	18	0	0	1031.50	
1954	1	25	0	0	0	1031.10	
1954	1	25	6	0	0	1030.20	
1954	1	25	12	0	0	1025.60	
1954	1	26	0	0	0	1030.70	
1954	1	26	6	0	0	1028.90	
1954	1	26	18	0	0	1027.30	
1954	1	27	0	0	0	1027.40	
1954	1	27	6	0	0	1026.80	
1954	1	27	12	0	0	1023.60	
1954	1	27	18	0	0	1020.40	
1954	1	28	0	0	0	1016.70	
1954	1	28	6	0	0	1014.90	
1954	1	28	12	0	0	1014.40	
1954	1	28	18	0	0	1015.30	
1954	1	29	0	0	0	1016.90	
1954	1	29	6	0	0	1016.50	
1954	1	29	12	0	0	1015.60	
1954	1	29	18	0	0	1017.10	
1954	1	30	6	0	0	1022.50	
1954	1	30	12	0	0	1024.90	
1954	1	30	18	0	0	1027.30	
1954	1	31	0	0	0	1029.10	
1954	1	31	6	0	0	1029.20	
1954	1	31	12	0	0	1028.80	
1954	1	31	18	0	0	1030.80	
1954	2	1	0	0	0	1026.70	qc_reject
1954	2	1	6	0	0	1035.80	
1954	2	1	12	0	0	1036.10	
1954	2	1	18	0	0	1035.80	
1954	2	2	0	0	0	1035.80	
1954	2	2	6	0	0	1034.10	
1954	2	2	12	0	0	1034.20	
1954	2	3	0	0	0	1032.70	
1954	2	3	6	0	0	1031.20	
1954	2	3	12	0	0	1031.30	
1954	2	3	18	0	0	1032.90	
1954	2	4	6	0	0	1034.30	
1954	2	4	12	0	0	1034.60	
1954	2	4	18	0	0	1031.10	
1954	2	5	0	0	0	1026.40	
1954	2	5	6	0	0	1021.90	
1954	2	5	12	0	0	1021.50	
1954	2	6	0	0	0	1026.80	
1954	2	6	6	0	0	1026.90	
1954	2	6	12	0	0	1028.20	
1954	2	6	18	0	0	1028.00	
1954	2	7	0	0	0	1028.60	
1954	2	7	6	0	0	1027.60	
1954	2	7	12	0	0	1026.70	
1954	2	7	18	0	0	1026.40	
1954	2	8	0	0	0	1022.90	
1954	2	8	6	0	0	1022.50	
1954	2	8	12	0	0	1019.30	
1954	2	9	0	0	0	1019.90	
1954	2	9	6	0	0	1017.40	
1954	2	9	12	0	0	1017.20	
1954	2	9	18	0	0	1017.20	
1954	2	10	0	0	0	1019.00	
1954	2	10	6	0	0	1019.60	
1954	2	10	12	0	0	1018.70	
1954	2	10	18	0	0	1018.40	
1954	2	11	0	0	0	1016.60	
1954	2	11	6	0	0	1014.30	
1954	2	11	12	0	0	1011.90	
1954	2	11	18	0	0	1010.70	
1954	2	12	0	0	0	1011.40	
1954	2	12	6	0	0	1014.90	
1954	2	12	12	0	0	1017.80	
1954	2	13	0	0	0	1018.00	
1954	2	13	6	0	0	1016.20	
1954	2	13	12	0	0	1015.50	
1954	2	13	18	0	0	1015.70	
1954	2	14	0	0	0	1016.30	
1954	2	14	6	0	0	1017.40	
1954	2	14	12	0	0	1017.60	
1954	2	14	18	0	0	1018.30	
1954	2	15	0	0	0	1019.20	
1954	2	15	6	0	0	1021.30	
1954	2	15	12	0	0	1023.60	
1954	2	15	18	0	0	1025.70	
1954	2	16	0	0	0	1028.80	
1954	2	16	6	0	0	1029.70	
1954	2	16	12	0	0	1029.90	
1954	2	16	18	0	0	1030.70	
1954	2	17	0	0	0	1031.00	
1954	2	17	6	0	0	1032.50	
1954	2	17	12	0	0	1032.80	
1954	2	17	18	0	0	1032.60	
1954	2	18	0	0	0	1032.50	
1954	2	18	6	0	0	1031.40	
1954	2	18	12	0	0	1031.20	
1954	2	19	0	0	0	1032.90	
1954	2	19	6	0	0	1032.90	
1954	2	19	12	0	0	1031.40	
1954	2	19	18	0	0	1030.00	
1954	2	20	0	0	0	1030.10	
1954	2	20	6	0	0	1030.90	
1954	2	20	12	0	0	1032.20	
1954	2	20	18	0	0	1034.80	
1954	2	21	0	0	0	1036.50	
1954	2	21	6	0	0	1037.60	
1954	2	21	12	0	0	1036.30	
1954	2	21	18	0	0	1037.20	
1954	2	22	0	0	0	1036.80	
1954	2	22	6	0	0	1036.20	
1954	2	22	12	0	0	1035.20	
1954	2	23	0	0	0	1037.10	
1954	2	23	6	0	0	1038.00	
1954	2	23	12	0	0	1036.80	
1954	2	23	18	0	0	1036.00	
1954	2	24	6	0	0	1032.30	
1954	2	24	18	0	0	1028.70	
1954	2	25	0	0	0	1026.10	
1954	2	25	6	0	0	1023.80	
1954	2	25	12	0	0	1021.20	
1954	2	25	18	0	0	1019.40	
1954	2	26	0	0	0	1017.00	
1954	2	26	6	0	0	1013.70	
1954	2	26	12	0	0	1010.60	
1954	2	26	18	0	0	1008.40	
1954	2	27	0	0	0	1005.80	
1954	2	27	6	0	0	1006.70	
1954	2	27	12	0	0	1008.00	
1954	2	27	18	0	0	1008.30	
1954	2	28	0	0	0	1008.10	
1954	2	28	6	0	0	1006.50	
1954	2	28	12	0	0	1006.90	
1954	2	28	18	0	0	1008.40	
1954	3	1	6	0	0	1008.90	
1954	3	1	12	0	0	1005.50	
1954	3	1	18	0	0	1006.00	
1954	3	2	0	0	0	1009.80	
1954	3	2	6	0	0	1010.50	
1954	3	2	12	0	0	1010.80	
1954	3	3	0	0	0	1009.20	
1954	3	3	6	0	0	1006.00	
1954	3	3	12	0	0	1004.20	
1954	3	3	18	0	0	1003.40	
1954	3	4	0	0	0	1000.30	
1954	3	4	6	0	0	995.40	
1954	3	4	12	0	0	994.20	
1954	3	5	6	0	0	996.20	
1954	3	5	12	0	0	996.00	
1954	3	5	18	0	0	996.10	
1954	3	6	0	0	0	999.00	
1954	3	6	6	0	0	1002.50	
1954	3	6	12	0	0	1007.20	
1954	3	6	18	0	0	1010.60	
1954	3	7	0	0	0	1012.70	
1954	3	7	6	0	0	1014.40	
1954	3	7	12	0	0	1016.50	
1954	3	7	18	0	0	1016.50	
1954	3	8	6	0	0	1016.70	
1954	3	8	12	0	0	1018.80	
1954	3	8	18	0	0	1020.90	
1954	3	9	0	0	0	1022.80	
1954	3	9	12	0	0	1023.70	
1954	3	9	18	0	0	1024.30	
1954	3	10	0	0	0	1024.60	
1954	3	10	6	0	0	1024.60	
1954	3	10	12	0	0	1024.60	
1954	3	10	18	0	0	1024.60	
1954	3	11	0	0	0	1023.70	
1954	3	11	6	0	0	1024.60	
1954	3	11	12	0	0	1024.80	
1954	3	11	18	0	0	1025.20	
1954	3	12	0	0	0	1025.70	
1954	3	12	6	0	0	1025.70	
1954	3	13	6	0	0	1028.80	
1954	3	13	12	0	0	1030.60	
1954	3	13	18	0	0	1032.50	
1954	3	14	0	0	0	1032.60	
1954	3	14	6	0	0	1033.00	
1954	3	14	12	0	0	1031.40	
1954	3	14	18	0	0	1029.40	
1954	3	15	6	0	0	1024.00	
1954	3	15	12	0	0	1021.10	
1954	3	15	18	0	0	1018.80	
1954	3	16	0	0	0	1017.10	
1954	3	16	6	0	0	1015.00	
1954	3	16	12	0	0	1012.70	
1954	3	17	0	0	0	1014.30	
1954	3	17	18	0	0	1017.70	
1954	3	18	6	0	0	1016.10	
1954	3	18	12	0	0	1011.90	
1954	3	18	18	0	0	1010.40	
1954	3	19	0	0	0	1010.70	
1954	3	19	6	0	0	1014.00	
1954	3	20	0	0	0	1025.80	
1954	3	20	6	0	0	1029.10	
1954	3	20	12	0	0	1029.20	
1954	3	20	18	0	0	1029.00	
1954	3	21	0	0	0	1030.00	
1954	3	21	6	0	0	1029.40	
1954	3	21	12	0	0	1026.60	
1954	3	21	18	0	0	1024.80	
1954	3	22	6	0	0	1024.20	
1954	3	22	12	0	0	1022.70	
1954	3	22	18	0	0	1021.60	
1954	3	23	0	0	0	1021.00	
1954	3	23	6	0	0	1020.60	
1954	3	23	12	0	0	1018.50	
1954	3	23	18	0	0	1018.30	
1954	3	24	0	0	0	1018.20	
1954	3	24	6	0	0	1016.60	
1954	3	24	18	0	0	1008.80	
1954	3	25	6	0	0	1006.00	
1954	3	25	12	0	0	1005.90	
1954	3	25	18	0	0	1007.20	
1954	3	26	0	0	0	1009.50	
1954	3	26	6	0	0	1010.50	
1954	3	26	12	0	0	1010.60	
1954	3	26	18	0	0	1011.20	
1954	3	27	0	0	0	1010.50	
1954	3	27	6	0	0	1010.50	
1954	3	27	12	0	0	1009.60	
1954	3	27	18	0	0	1009.80	
1954	3	28	6	0	0	1010.70	
1954	3	28	12	0	0	1009.20	
1954	3	28	18	0	0	1009.30	
1954	3	29	0	0	0	1010.50	
1954	3	29	6	0	0	1012.50	
1954	3	29	12	0	0	1014.00	
1954	3	29	18	0	0	1016.00	
1954	3	30	0	0	0	1017.30	
1954	3	30	6	0	0	1017.80	
1954	3	30	12	0	0	1017.40	
1954	3	30	18	0	0	1017.40	
1954	3	31	6	0	0	1017.60	
1954	3	31	12	0	0	1016.90	
1954	3	31	18	0	0	1017.00	
1954	4	1	0	0	0	1017.80	
1954	4	1	12	0	0	1012.30	
1954	4	1	18	0	0	1011.80	
1954	4	2	0	0	0	1010.30	
1954	4	2	6	0	0	1008.70	
1954	4	2	12	0	0	1008.80	
1954	4	2	18	0	0	1008.70	
1954	4	3	6	0	0	1009.60	
1954	4	3	12	0	0	1010.50	
1954	4	3	18	0	0	1011.80	
1954	4	4	0	0	0	1012.20	
1954	4	4	6	0	0	1012.30	
1954	4	4	12	0	0	1011.80	
1954	4	4	18	0	0	1010.00	
1954	4	5	0	0	0	1008.20	
1954	4	5	6	0	0	1010.80	
1954	4	5	12	0	0	1014.90	
1954	4	5	18	0	0	1017.10	
1954	4	6	0	0	0	1019.10	
1954	4	6	6	0	0	1019.60	
1954	4	6	12	0	0	1014.80	
1954	4	7	0	0	0	1018.50	
1954	4	7	6	0	0	1022.30	
1954	4	7	12	0	0	1023.40	
1954	4	7	18	0	0	1024.60	
1954	4	8	0	0	0	1025.80	
1954	4	8	6	0	0	1025.70	
1954	4	8	12	0	0	1026.90	
1954	4	8	18	0	0	1027.70	
1954	4	9	0	0	0	1029.80	
1954	4	9	6	0	0	1031.10	
1954	4	9	12	0	0	1030.20	
1954	4	9	18	0	0	1029.30	
1954	4	10	0	0	0	1029.70	
1954	4	10	6	0	0	1028.20	
1954	4	10	18	0	0	1027.60	
1954	4	11	0	0	0	1028.50	
1954	4	11	6	0	0	1028.00	
1954	4	11	12	0	0	1026.80	
1954	4	11	18	0	0	1026.00	
1954	4	12	6	0	0	1023.00	
1954	4	12	12	0	0	1020.60	
1954	4	12	18	0	0	1018.20	
1954	4	13	6	0	0	1013.00	
1954	4	13	12	0	0	1011.70	
1954	4	13	18	0	0	1013.90	
1954	4	14	0	0	0	1011.30	
1954	4	14	6	0	0	1009.00	
1954	4	14	12	0	0	1008.90	
1954	4	14	18	0	0	1009.70	
1954	4	15	0	0	0	1007.20	
1954	4	15	6	0	0	1001.60	
1954	4	15	12	0	0	998.90	
1954	4	15	18	0	0	1001.20	
1954	4	16	0	0	0	1002.90	
1954	4	16	6	0	0	1003.20	
1954	4	16	12	0	0	1003.40	
1954	4	16	18	0	0	1007.10	
1954	4	17	6	0	0	1012.50	
1954	4	17	12	0	0	1016.90	
1954	4	17	18	0	0	1020.20	
1954	4	18	0	0	0	1023.30	
1954	4	18	6	0	0	1022.90	
1954	4	18	12	0	0	1022.50	
1954	4	19	0	0	0	1017.50	
1954	4	19	6	0	0	1013.00	
1954	4	19	12	0	0	1012.50	
1954	4	19	18	0	0	1013.20	
1954	4	20	0	0	0	1014.50	
1954	4	20	6	0	0	1014.80	
1954	4	20	12	0	0	1014.50	
1954	4	20	18	0	0	1014.90	
1954	4	21	0	0	0	1015.70	
1954	4	21	12	0	0	1012.40	
1954	4	21	18	0	0	1011.10	
1954	4	22	0	0	0	1013.50	
1954	4	22	6	0	0	1014.80	
1954	4	22	12	0	0	1015.60	
1954	4	22	18	0	0	1018.10	
1954	4	23	0	0	0	1020.20	
1954	4	23	6	0	0	1021.30	
1954	4	23	12	0	0	1019.60	
1954	4	24	0	0	0	1014.50	
1954	4	24	6	0	0	1011.70	
1954	4	24	12	0	0	1013.80	
1954	4	24	18	0	0	1014.70	
1954	4	25	0	0	0	1015.80	
1954	4	25	6	0	0	1016.70	
1954	4	25	12	0	0	1016.70	
1954	4	25	18	0	0	1016.20	
1954	4	26	6	0	0	1017.60	
1954	4	26	18	0	0	1017.80	
1954	4	27	0	0	0	1019.00	
1954	4	27	6	0	0	1019.30	
1954	4	27	12	0	0	1018.70	
1954	4	27	18	0	0	1018.90	
1954	4	28	0	0	0	1019.50	
1954	4	28	6	0	0	1021.60	
1954	4	28	12	0	0	1020.10	
1954	4	28	18	0	0	1020.40	
1954	4	29	0	0	0	1020.10	
1954	4	29	6	0	0	1019.10	
1954	4	29	12	0	0	1016.70	
1954	4	29	18	0	0	1013.50	
1954	4	30	0	0	0	1010.60	
1954	4	30	12	0	0	1012.10	
1954	4	30	18	0	0	1011.30	
1954	5	1	0	0	0	1011.00	
1954	5	1	12	0	0	1008.10	
1954	5	1	18	0	0	1007.30	
1954	5	2	0	0	0	1007.90	
1954	5	2	6	0	0	1008.90	
1954	5	2	12	0	0	1008.80	
1954	5	2	18	0	0	1007.40	
1954	5	3	6	0	0	1007.30	
1954	5	3	12	0	0	1006.00	
1954	5	3	18	0	0	1006.60	
1954	5	4	0	0	0	1008.70	
1954	5	4	6	0	0	1009.60	
1954	5	4	12	0	0	1009.60	
1954	5	4	18	0	0	1008.10	
1954	5	5	0	0	0	1011.70	
1954	5	5	6	0	0	1012.30	
1954	5	5	12	0	0	1013.50	
1954	5	5	18	0	0	1015.80	
1954	5	6	0	0	0	1017.20	
1954	5	6	12	0	0	1013.60	
1954	5	7	0	0	0	1014.30	
1954	5	7	6	0	0	1015.00	
1954	5	7	12	0	0	1013.50	
1954	5	7	18	0	0	1014.30	
1954	5	8	0	0	0	1017.00	
1954	5	8	6	0	0	1017.90	
1954	5	8	12	0	0	1017.10	
1954	5	8	18	0	0	1017.40	
1954	5	9	0	0	0	1018.80	
1954	5	9	6	0	0	1019.30	
1954	5	9	12	0	0	1018.50	
1954	5	9	18	0	0	1017.90	
1954	5	10	0	0	0	1018.80	
1954	5	10	12	0	0	1017.80	
1954	5	10	18	0	0	1019.00	
1954	5	11	0	0	0	1021.40	
1954	5	11	6	0	0	1022.50	
1954	5	11	12	0	0	1021.10	
1954	5	11	18	0	0	1018.90	
1954	5	12	0	0	0	1019.60	
1954	5	12	6	0	0	1018.30	
1954	5	12	12	0	0	1018.50	
1954	5	12	18	0	0	1018.80	
1954	5	13	0	0	0	1019.60	
1954	5	13	6	0	0	1020.70	
1954	5	13	12	0	0	1021.90	
1954	5	13	18	0	0	1022.00	
1954	5	14	0	0	0	1021.50	
1954	5	14	6	0	0	1020.90	
1954	5	14	12	0	0	1019.90	
1954	5	14	18	0	0	1018.20	
1954	5	15	0	0	0	1018.10	
1954	5	15	6	0	0	1016.60	
1954	5	15	12	0	0	1015.80	
1954	5	15	18	0	0	1016.50	
1954	5	16	0	0	0	1017.00	
1954	5	16	6	0	0	1017.70	
1954	5	16	12	0	0	1017.10	
1954	5	16	18	0	0	1017.00	
1954	5	17	0	0	0	1018.70	
1954	5	17	12	0	0	1013.00	
1954	5	17	18	0	0	1011.70	
1954	5	18	0	0	0	1012.80	
1954	5	18	6	0	0	1011.80	
1954	5	18	12	0	0	1010.60	
1954	5	18	18	0	0	1010.60	
1954	5	19	0	0	0	1010.30	
1954	5	19	6	0	0	1009.50	
1954	5	20	0	0	0	1010.00	
1954	5	20	6	0	0	1010.50	
1954	5	20	12	0	0	1009.90	
1954	5	20	18	0	0	1009.00	
1954	5	21	0	0	0	1006.60	
1954	5	21	6	0	0	1005.90	
1954	5	21	12	0	0	1008.80	
1954	5	21	18	0	0	1009.40	
1954	5	22	0	0	0	1010.80	
1954	5	22	6	0	0	1012.40	
1954	5	22	12	0	0	1012.50	
1954	5	22	18	0	0	1011.90	
1954	5	23	0	0	0	1010.80	
1954	5	23	6	0	0	1010.70	
1954	5	23	12	0	0	1010.10	
1954	5	23	18	0	0	1010.10	
1954	5	24	0	0	0	1010.50	
1954	5	24	6	0	0	1011.50	
1954	5	24	12	0	0	1013.10	
1954	5	24	18	0	0	1014.60	
1954	5	25	0	0	0	1017.60	
1954	5	25	6	0	0	1019.50	
1954	5	25	12	0	0	1021.30	
1954	5	25	18	0	0	1021.30	
1954	5	26	0	0	0	1022.90	
1954	5	26	6	0	0	1023.80	
1954	5	26	18	0	0	1021.70	
1954	5	27	0	0	0	1021.90	
1954	5	27	6	0	0	1021.30	
1954	5	27	12	0	0	1019.50	
1954	5	27	18	0	0	1018.70	
1954	5	28	0	0	0	1018.10	
1954	5	28	6	0	0	1018.00	
1954	5	28	12	0	0	1016.40	
1954	5	28	18	0	0	1016.70	
1954	5	29	0	0	0	1017.30	
1954	5	29	6	0	0	1017.50	
1954	5	29	12	0	0	1016.40	
1954	5	30	0	0	0	1017.40	
1954	5	30	6	0	0	1017.40	
1954	5	30	12	0	0	1016.70	
1954	5	30	18	0	0	1015.10	
1954	5	31	0	0	0	1015.90	
1954	5	31	6	0	0	1014.40	
1954	5	31	18	0	0	1010.30	
1954	6	1	0	0	0	1010.20	
1954	6	1	6	0	0	1009.30	
1954	6	1	12	0	0	1008.50	
1954	6	1	18	0	0	1008.80	
1954	6	2	0	0	0	1011.00	
1954	6	2	6	0	0	1012.40	
1954	6	2	12	0	0	1012.70	
1954	6	2	18	0	0	1012.50	
1954	6	3	0	0	0	1014.70	
1954	6	3	6	0	0	1014.60	
1954	6	3	18	0	0	1016.20	
1954	6	4	0	0	0	1020.70	
1954	6	4	6	0	0	1022.60	
1954	6	4	12	0	0	1021.90	
1954	6	4	18	0	0	1020.10	
1954	6	5	0	0	0	1020.80	
1954	6	5	6	0	0	1019.00	
1954	6	5	12	0	0	1016.30	
1954	6	5	18	0	0	1013.10	
1954	6	6	0	0	0	1013.30	
1954	6	6	6	0	0	1011.40	
1954	6	6	12	0	0	1008.30	
1954	6	6	18	0	0	1006.60	
1954	6	7	0	0	0	1007.80	
1954	6	7	6	0	0	1008.10	
1954	6	7	12	0	0	1006.90	
1954	6	7	18	0	0	1006.40	
1954	6	8	0	0	0	1007.30	
1954	6	8	6	0	0	1008.00	
1954	6	8	12	0	0	1007.30	
1954	6	8	18	0	0	1008.40	
1954	6	9	0	0	0	1009.90	
1954	6	9	6	0	0	1010.70	
1954	6	9	12	0	0	1015.00	qc_reject
1954	6	9	18	0	0	1010.30	
1954	6	10	0	0	0	1011.50	
1954	6	10	6	0	0	1011.20	
1954	6	10	12	0	0	1010.00	
1954	6	10	18	0	0	1009.60	
1954	6	11	6	0	0	1010.10	
1954	6	11	12	0	0	1009.10	
1954	6	12	0	0	0	1014.10	
1954	6	12	6	0	0	1012.60	
1954	6	12	12	0	0	1012.70	
1954	6	13	6	0	0	1020.00	
1954	6	13	12	0	0	1019.70	
1954	6	13	18	0	0	1018.00	
1954	6	14	0	0	0	1018.60	
1954	6	14	6	0	0	1017.70	
1954	6	14	12	0	0	1017.40	
1954	6	15	0	0	0	1019.70	
1954	6	15	6	0	0	1020.80	
1954	6	15	12	0	0	1021.40	
1954	6	16	0	0	0	1023.30	
1954	6	16	6	0	0	1023.70	
1954	6	16	18	0	0	1023.50	
1954	6	17	0	0	0	1025.30	
1954	6	17	6	0	0	1025.00	
1954	6	17	12	0	0	1024.60	
1954	6	17	18	0	0	1023.40	
1954	6	18	0	0	0	1024.60	
1954	6	18	6	0	0	1024.70	
1954	6	18	12	0	0	1025.10	
1954	6	19	0	0	0	1026.20	
1954	6	19	6	0	0	1026.40	
1954	6	19	12	0	0	1025.10	
1954	6	19	18	0	0	1023.10	
1954	6	20	6	0	0	1022.60	
1954	6	20	12	0	0	1020.90	
1954	6	20	18	0	0	1019.40	
1954	6	21	0	0	0	1019.90	
1954	6	21	6	0	0	1019.30	
1954	6	21	12	0	0	1018.50	
1954	6	21	18	0	0	1016.60	
1954	6	22	0	0	0	1016.70	
1954	6	22	6	0	0	1015.90	
1954	6	22	12	0	0	1013.70	
1954	6	22	18	0	0	1012.20	
1954	6	23	0	0	0	1013.60	
1954	6	23	6	0	0	1014.30	
1954	6	23	12	0	0	1013.50	
1954	6	24	0	0	0	1012.40	
1954	6	24	6	0	0	1011.80	
1954	6	24	12	0	0	1011.70	
1954	6	24	18	0	0	1012.20	
1954	6	25	0	0	0	1014.20	
1954	6	25	6	0	0	1013.80	
1954	6	25	12	0	0	1013.40	
1954	6	25	18	0	0	1011.90	
1954	6	26	0	0	0	1010.80	
1954	6	26	6	0	0	1008.60	
1954	6	26	12	0	0	1004.80	
1954	6	26	18	0	0	1006.60	
1954	6	27	0	0	0	1007.10	
1954	6	27	6	0	0	1007.10	
1954	6	27	18	0	0	1005.30	
1954	6	28	6	0	0	1009.30	
1954	6	28	12	0	0	1011.00	
1954	6	28	18	0	0	1011.90	
1954	6	29	0	0	0	1013.70	
1954	6	29	12	0	0	1016.10	
1954	6	29	18	0	0	1016.80	
1954	6	30	0	0	0	1020.00	
1954	6	30	6	0	0	1021.40	
1954	6	30	12	0	0	1021.80	
1954	6	30	18	0	0	1021.70	
1954	7	1	6	0	0	1021.50	
1954	7	1	12	0	0	1018.50	
1954	7	1	18	0	0	1014.10	
1954	7	2	0	0	0	1011.00	
1954	7	2	6	0	0	1006.80	
1954	7	2	12	0	0	1004.30	
1954	7	2	18	0	0	1001.80	
1954	7	3	0	0	0	1000.90	
1954	7	3	6	0	0	1002.90	
1954	7	3	12	0	0	1002.90	
1954	7	4	0	0	0	1007.40	
1954	7	4	6	0	0	1008.80	
1954	7	4	12	0	0	1009.10	
1954	7	4	18	0	0	1009.50	
1954	7	5	0	0	0	1011.80	
1954	7	5	6	0	0	1011.80	
1954	7	5	18	0	0	1009.80	
1954	7	6	0	0	0	1009.40	
1954	7	6	6	0	0	1009.10	
1954	7	6	12	0	0	1011.60	
1954	7	6	18	0	0	1013.00	
1954	7	7	0	0	0	1016.50	
1954	7	7	6	0	0	1018.20	
1954	7	7	12	0	0	1017.60	
1954	7	7	18	0	0	1016.50	
1954	7	8	0	0	0	1016.90	
1954	7	8	6	0	0	1016.70	
1954	7	9	0	0	0	1014.40	
1954	7	9	6	0	0	1013.60	
1954	7	9	12	0	0	1013.00	
1954	7	9	18	0	0	1011.20	
1954	7	10	0	0	0	1010.40	
1954	7	10	12	0	0	1006.00	
1954	7	10	18	0	0	1006.50	
1954	7	11	0	0	0	1004.30	
1954	7	11	6	0	0	1004.70	
1954	7	11	12	0	0	1007.40	
1954	7	11	18	0	0	1006.60	
1954	7	12	0	0	0	1007.00	
1954	7	12	6	0	0	1005.30	
1954	7	12	12	0	0	1004.00	
1954	7	12	18	0	0	1003.10	
1954	7	13	0	0	0	1003.60	
1954	7	13	6	0	0	1003.50	
1954	7	13	12	0	0	1002.90	
1954	7	14	0	0	0	1004.00	
1954	7	14	6	0	0	1004.40	
1954	7	14	12	0	0	1004.10	
1954	7	14	18	0	0	1003.60	
1954	7	15	0	0	0	1005.30	
1954	7	15	6	0	0	1005.30	
1954	7	15	12	0	0	1005.70	
1954	7	15	18	0	0	1007.50	
1954	7	16	6	0	0	1008.60	
1954	7	16	12	0	0	1008.60	
1954	7	17	0	0	0	1009.40	
1954	7	17	6	0	0	1008.30	
1954	7	17	12	0	0	1007.10	
1954	7	17	18	0	0	1005.60	
1954	7	18	0	0	0	1002.80	
1954	7	18	6	0	0	998.60	
1954	7	18	12	0	0	996.50	
1954	7	18	18	0	0	996.50	
1954	7	19	0	0	0	997.80	
1954	7	19	6	0	0	1000.20	
1954	7	19	12	0	0	1002.40	
1954	7	19	18	0	0	1004.20	
1954	7	20	0	0	0	1006.10	
1954	7	20	6	0	0	1009.60	
1954	7	20	12	0	0	1012.10	
1954	7	20	18	0	0	1015.10	
1954	7	21	0	0	0	1016.30	
1954	7	21	6	0	0	1015.70	
1954	7	21	12	0	0	1014.10	
1954	7	21	18	0	0	1013.40	
1954	7	22	0	0	0	1012.60	
1954	7	22	6	0	0	1013.00	
1954	7	22	12	0	0	1012.60	
1954	7	22	18	0	0	1012.70	
1954	7	23	0	0	0	1013.20	
1954	7	23	6	0	0	1014.00	
1954	7	23	12	0	0	1014.40	
1954	7	23	18	0	0	1014.80	
1954	7	24	0	0	0	1015.10	
1954	7	24	6	0	0	1016.70	
1954	7	24	12	0	0	1017.40	
1954	7	24	18	0	0	1018.10	
1954	7	25	0	0	0	1018.40	
1954	7	25	6	0	0	1017.10	
1954	7	25	12	0	0	1014.10	
1954	7	25	18	0	0	1010.70	
1954	7	26	0	0	0	1009.50	
1954	7	26	6	0	0	1007.60	
1954	7	26	12	0	0	1001.80	
1954	7	26	18	0	0	998.30	
1954	7	27	6	0	0	993.40	
1954	7	27	12	0	0	997.80	
1954	7	28	0	0	0	1003.70	
1954	7	28	6	0	0	1004.70	
1954	7	28	12	0	0	1004.20	
1954	7	29	0	0	0	1003.60	
1954	7	29	6	0	0	1001.00	
1954	7	29	12	0	0	1001.60	
1954	7	30	0	0	0	1002.30	
1954	7	30	6	0	0	1003.80	
1954	7	30	12	0	0	1006.20	
1954	7	30	18	0	0	1007.50	
1954	7	31	0	0	0	1009.40	
1954	7	31	6	0	0	1010.40	
1954	7	31	12	0	0	1010.30	
1954	7	31	18	0	0	1010.40	
1954	8	1	0	0	0	1010.30	
1954	8	1	6	0	0	1007.60	
1954	8	1	12	0	0	1007.30	
1954	8	1	18	0	0	1009.80	
1954	8	2	0	0	0	1012.50	
1954	8	2	6	0	0	1013.70	
1954	8	2	12	0	0	1015.50	
1954	8	2	18	0	0	1016.00	
1954	8	3	0	0	0	1016.10	
1954	8	3	6	0	0	1015.20	
1954	8	3	12	0	0	1014.40	
1954	8	4	6	0	0	1009.80	
1954	8	4	12	0	0	1007.90	
1954	8	4	18	0	0	1008.30	
1954	8	5	0	0	0	1008.10	
1954	8	5	6	0	0	1007.60	
1954	8	5	12	0	0	1007.50	
1954	8	5	18	0	0	1009.50	
1954	8	6	0	0	0	1012.60	
1954	8	6	12	0	0	1013.50	
1954	8	6	18	0	0	1012.20	
1954	8	7	6	0	0	1011.70	
1954	8	7	12	0	0	1009.10	
1954	8	7	18	0	0	1007.20	
1954	8	8	0	0	0	1006.60	
1954	8	8	6	0	0	1010.00	
1954	8	9	0	0	0	1009.90	
1954	8	9	6	0	0	1007.30	
1954	8	9	12	0	0	1002.70	
1954	8	9	18	0	0	1000.80	
1954	8	10	0	0	0	1001.40	
1954	8	10	6	0	0	1002.10	
1954	8	10	12	0	0	999.90	
1954	8	10	18	0	0	997.70	
1954	8	11	0	0	0	999.30	
1954	8	11	6	0	0	1003.00	
1954	8	11	12	0	0	1003.90	
1954	8	11	18	0	0	1005.20	
1954	8	12	0	0	0	1006.40	
1954	8	12	6	0	0	1006.60	
1954	8	12	18	0	0	1008.70	
1954	8	13	0	0	0	1010.30	
1954	8	13	6	0	0	1010.50	
1954	8	13	12	0	0	1010.10	
1954	8	13	18	0	0	1009.10	
1954	8	14	0	0	0	1009.70	
1954	8	14	6	0	0	1010.50	
1954	8	14	12	0	0	1011.00	
1954	8	14	18	0	0	1009.40	
1954	8	15	0	0	0	1006.00	
1954	8	15	6	0	0	1002.70	
1954	8	15	12	0	0	1000.70	
1954	8	15	18	0	0	1003.90	
1954	8	16	0	0	0	1007.20	
1954	8	16	6	0	0	1008.20	
1954	8	16	12	0	0	1009.10	
1954	8	16	18	0	0	1011.20	
1954	8	17	0	0	0	1012.00	
1954	8	17	6	0	0	1016.10	
1954	8	17	12	0	0	1017.90	
1954	8	17	18	0	0	1019.80	
1954	8	18	0	0	0	1020.20	
1954	8	18	6	0	0	1018.80	
1954	8	18	12	0	0	1018.30	
1954	8	19	0	0	0	1016.10	
1954	8	19	6	0	0	1013.90	
1954	8	19	18	0	0	1011.40	
1954	8	20	0	0	0	1009.30	
1954	8	20	6	0	0	1008.50	
1954	8	20	12	0	0	1008.10	
1954	8	20	18	0	0	1008.60	
1954	8	21	0	0	0	1008.20	
1954	8	21	6	0	0	1009.30	
1954	8	21	12	0	0	1011.90	
1954	8	21	18	0	0	1013.80	
1954	8	22	0	0	0	1014.70	
1954	8	22	6	0	0	1015.50	
1954	8	22	18	0	0	1012.00	
1954	8	23	0	0	0	1010.80	
1954	8	23	6	0	0	1009.20	
1954	8	23	12	0	0	1007.60	
1954	8	23	18	0	0	1006.90	
1954	8	24	0	0	0	1009.40	
1954	8	24	6	0	0	1010.60	
1954	8	24	12	0	0	1010.90	
1954	8	24	18	0	0	1011.20	
1954	8	25	0	0	0	1012.80	
1954	8	25	6	0	0	1012.90	
1954	8	25	12	0	0	1012.20	
1954	8	25	18	0	0	1012.20	
1954	8	26	0	0	0	1013.50	
1954	8	26	6	0	0	1014.60	
1954	8	26	12	0	0	1015.50	
1954	8	27	0	0	0	1016.80	
1954	8	27	12	0	0	1018.00	
1954	8	28	0	0	0	1019.00	
1954	8	28	6	0	0	1019.40	
1954	8	28	12	0	0	1018.60	
1954	8	28	18	0	0	1017.70	
1954	8	29	0	0	0	1018.20	
1954	8	29	6	0	0	1017.30	
1954	8	29	12	0	0	1016.80	
1954	8	29	18	0	0	1016.20	
1954	8	30	0	0	0	1017.40	
1954	8	30	6	0	0	1016.30	
1954	8	30	12	0	0	1012.70	
1954	8	30	18	0	0	1009.90	
1954	8	31	0	0	0	1007.10	
1954	8	31	6	0	0	1007.00	
1954	8	31	12	0	0	1009.70	
1954	8	31	18	0	0	1011.00	
1954	9	1	0	0	0	1012.60	
1954	9	1	6	0	0	1013.80	
1954	9	1	12	0	0	1016.00	
1954	9	1	18	0	0	1017.80	
1954	9	2	0	0	0	1020.60	
1954	9	2	6	0	0	1022.10	
1954	9	2	12	0	0	1022.70	
1954	9	2	18	0	0	1022.50	
1954	9	3	0	0	0	1022.40	
1954	9	3	6	0	0	1022.00	
1954	9	3	12	0	0	1020.30	
1954	9	3	18	0	0	1016.40	
1954	9	4	0	0	0	1020.20	
1954	9	4	6	0	0	1019.90	
1954	9	4	12	0	0	1017.90	
1954	9	4	18	0	0	1017.10	
1954	9	5	0	0	0	1011.70	qc_reject
1954	9	5	6	0	0	1018.10	
1954	9	5	12	0	0	1016.60	
1954	9	5	18	0	0	1016.10	
1954	9	6	12	0	0	1013.90	
1954	9	6	18	0	0	1013.20	
1954	9	7	0	0	0	1013.50	
1954	9	7	6	0	0	1014.20	
1954	9	7	12	0	0	1015.40	
1954	9	7	18	0	0	1016.00	
1954	9	8	0	0	0	1016.40	
1954	9	8	6	0	0	1017.00	
1954	9	8	12	0	0	1017.40	
1954	9	8	18	0	0	1017.80	
1954	9	9	0	0	0	1018.00	
1954	9	9	6	0	0	1018.40	
1954	9	9	12	0	0	1018.10	
1954	9	9	18	0	0	1018.20	
1954	9	10	0	0	0	1018.60	
1954	9	10	6	0	0	1017.60	
1954	9	10	12	0	0	1016.40	
1954	9	10	18	0	0	1016.00	
1954	9	11	0	0	0	1014.90	
1954	9	11	6	0	0	1012.80	
1954	9	11	12	0	0	1010.10	
1954	9	11	18	0	0	1008.80	
1954	9	12	0	0	0	1010.20	
1954	9	12	6	0	0	1004.90	
1954	9	12	12	0	0	1009.10	
1954	9	12	18	0	0	1010.00	
1954	9	13	0	0	0	1009.50	
1954	9	13	6	0	0	1010.00	
1954	9	13	12	0	0	1012.90	
1954	9	13	18	0	0	1016.10	
1954	9	14	0	0	0	1019.20	
1954	9	14	6	0	0	1021.30	
1954	9	14	12	0	0	1020.60	
1954	9	14	18	0	0	1019.00	
1954	9	15	0	0	0	1014.10	
1954	9	15	6	0	0	1011.00	
1954	9	15	12	0	0	1011.80	
1954	9	15	18	0	0	1012.70	
1954	9	16	0	0	0	1012.80	
1954	9	16	6	0	0	1011.10	
1954	9	16	12	0	0	1010.60	
1954	9	16	18	0	0	1007.70	
1954	9	17	0	0	0	1005.00	
1954	9	17	6	0	0	1005.60	
1954	9	17	12	0	0	1007.00	
1954	9	17	18	0	0	1008.40	
1954	9	18	0	0	0	1008.70	
1954	9	18	6	0	0	1008.10	
1954	9	18	12	0	0	1006.60	
1954	9	18	18	0	0	1008.00	
1954	9	19	0	0	0	1010.50	
1954	9	19	6	0	0	1014.00	
1954	9	19	12	0	0	1014.70	
1954	9	19	18	0	0	1016.00	
1954	9	20	0	0	0	1015.80	
1954	9	20	6	0	0	1014.20	
1954	9	20	12	0	0	1011.50	
1954	9	20	18	0	0	1009.10	
1954	9	21	6	0	0	1012.80	
1954	9	21	18	0	0	1011.30	
1954	9	22	6	0	0	1009.00	
1954	9	22	18	0	0	1008.80	
1954	9	23	0	0	0	1008.80	
1954	9	23	6	0	0	1009.70	
1954	9	23	18	0	0	1015.00	
1954	9	24	6	0	0	1018.70	
1954	9	24	18	0	0	1019.60	
1954	9	25	6	0	0	1016.70	
1954	9	25	18	0	0	1010.10	
1954	9	26	6	0	0	1005.40	
1954	9	26	18	0	0	1006.10	
1954	9	27	0	0	0	1006.20	
1954	9	27	6	0	0	1005.40	
1954	9	27	18	0	0	1004.70	
1954	9	28	18	0	0	1012.90	
1954	9	29	18	0	0	1009.40	
1954	9	30	6	0	0	1006.40	
1954	9	30	18	0	0	1003.90	
1954	10	1	6	0	0	1001.50	
1954	10	1	18	0	0	1005.70	
1954	10	2	6	0	0	1011.70	
1954	10	2	18	0	0	1018.20	
1954	10	3	6	0	0	1023.90	
1954	10	4	6	0	0	1021.80	
1954	10	4	18	0	0	1019.50	
1954	10	5	6	0	0	1016.50	
1954	10	5	18	0	0	1020.80	
1954	10	6	6	0	0	1022.30	
1954	10	6	18	0	0	1016.20	
1954	10	7	6	0	0	1011.60	
1954	10	7	18	0	0	1017.50	
1954	10	8	6	0	0	1019.00	
1954	10	8	18	0	0	1019.00	
1954	10	9	6	0	0	1020.20	
1954	10	10	6	0	0	1024.90	
1954	10	10	18	0	0	1023.70	
1954	10	11	6	0	0	1021.40	
1954	10	11	18	0	0	1020.70	
1954	10	12	6	0	0	1022.80	
1954	10	12	18	0	0	1025.20	
1954	10	13	6	0	0	1021.20	
1954	10	13	18	0	0	1021.00	
1954	10	14	6	0	0	1016.70	
1954	10	14	18	0	0	1013.00	
1954	10	15	6	0	0	1014.10	
1954	10	15	18	0	0	1015.20	
1954	10	16	6	0	0	1012.80	
1954	10	16	18	0	0	1011.20	
1954	10	17	6	0	0	1007.00	
1954	10	17	18	0	0	1016.20	
1954	10	18	6	0	0	1017.60	
1954	10	18	18	0	0	1001.40	
1954	10	19	6	0	0	1007.90	
1954	10	19	18	0	0	996.30	
1954	10	20	6	0	0	994.30	
1954	10	20	18	0	0	1002.20	
1954	10	21	6	0	0	1005.30	
1954	10	21	18	0	0	1008.40	
1954	10	22	6	0	0	1008.70	
1954	10	22	18	0	0	1008.70	
1954	10	23	6	0	0	1001.10	
1954	10	23	18	0	0	1003.20	
1954	10	24	6	0	0	1011.50	
1954	10	24	18	0	0	1008.00	
1954	10	25	6	0	0	1004.10	
1954	10	25	18	0	0	1001.20	
1954	10	26	6	0	0	1005.80	
1954	10	26	18	0	0	1010.90	
1954	10	27	6	0	0	1013.80	
1954	10	28	6	0	0	1021.40	
1954	10	28	18	0	0	1023.00	
1954	10	29	6	0	0	1022.90	
1954	10	29	18	0	0	1022.80	
1954	10	30	6	0	0	1017.40	
1954	10	30	18	0	0	1012.50	
1954	10	31	6	0	0	1007.50	
1954	10	31	18	0	0	1013.90	
1954	11	1	6	0	0	1019.40	
1954	11	1	18	0	0	1022.20	
1954	11	2	6	0	0	1023.40	
1954	11	2	18	0	0	1018.00	
1954	11	3	6	0	0	1009.60	
1954	11	3	18	0	0	1005.60	
1954	11	4	6	0	0	1008.70	
1954	11	4	18	0	0	1017.60	
1954	11	5	6	0	0	1023.50	
1954	11	5	18	0	0	1024.70	
1954	11	6	6	0	0	1021.80	
1954	11	6	18	0	0	1015.10	
1954	11	7	6	0	0	1008.50	
1954	11	7	18	0	0	1010.90	
1954	11	8	6	0	0	1010.90	
1954	11	8	12	0	0	1002.10	
1954	11	8	18	0	0	1001.80	
1954	11	9	6	0	0	1001.90	
1954	11	9	18	0	0	1006.30	
1954	11	10	6	0	0	1012.20	
1954	11	11	6	0	0	1018.70	
1954	11	11	18	0	0	1013.00	
1954	11	12	6	0	0	1013.00	
1954	11	12	18	0	0	1010.90	
1954	11	13	6	0	0	1009.50	
1954	11	13	18	0	0	1011.70	
1954	11	14	6	0	0	1014.70	
1954	11	15	6	0	0	1006.60	
1954	11	15	18	0	0	1010.10	
1954	11	16	6	0	0	1018.40	
1954	11	16	18	0	0	1027.40	
1954	11	17	6	0	0	1029.80	
1954	11	17	18	0	0	1027.10	
1954	11	18	0	0	0	1026.30	
1954	11	18	6	0	0	1026.70	
1954	11	18	12	0	0	1026.40	
1954	11	18	18	0	0	1028.00	
1954	11	19	6	0	0	1028.80	
1954	11	19	12	0	0	1028.10	
1954	11	19	18	0	0	1029.10	
1954	11	20	0	0	0	1028.60	
1954	11	20	6	0	0	1028.50	
1954	11	20	12	0	0	1028.00	
1954	11	20	18	0	0	1027.90	
1954	11	21	6	0	0	1028.40	
1954	11	21	12	0	0	1029.50	
1954	11	21	18	0	0	1031.50	
1954	11	22	0	0	0	1033.00	
1954	11	22	6	0	0	1033.80	
1954	11	22	12	0	0	1033.70	
1954	11	22	18	0	0	1034.00	
1954	11	23	0	0	0	1032.70	
1954	11	23	12	0	0	1029.70	
1954	11	23	18	0	0	1028.90	
1954	11	24	0	0	0	1027.70	
1954	11	24	6	0	0	1027.30	
1954	11	24	18	0	0	1027.30	
1954	11	25	0	0	0	1027.70	
1954	11	25	6	0	0	1028.00	
1954	11	25	12	0	0	1027.50	
1954	11	25	18	0	0	1029.20	
1954	11	26	0	0	0	1028.40	
1954	11	26	6	0	0	1027.40	
1954	11	26	12	0	0	1027.60	
1954	11	26	18	0	0	1027.60	
1954	11	27	0	0	0	1027.80	
1954	11	27	6	0	0	1026.20	
1954	11	27	12	0	0	1025.30	
1954	11	27	18	0	0	1024.90	
1954	11	28	0	0	0	1024.10	
1954	11	28	6	0	0	1022.20	
1954	11	28	12	0	0	1020.80	
1954	11	28	18	0	0	1021.00	
1954	11	29	0	0	0	1021.20	
1954	11	29	6	0	0	1021.40	
1954	11	29	12	0	0	1020.70	
1954	11	29	18	0	0	1022.20	
1954	11	30	6	0	0	1020.00	
1954	11	30	12	0	0	1017.10	
1954	12	1	0	0	0	1016.80	
1954	12	1	6	0	0	1016.10	
1954	12	2	0	0	0	1020.50	
1954	12	2	6	0	0	1022.40	
1954	12	2	12	0	0	1026.80	
1954	12	2	18	0	0	1030.60	
1954	12	3	0	0	0	1032.40	
1954	12	3	12	0	0	1030.50	
1954	12	3	18	0	0	1027.50	
1954	12	4	0	0	0	1025.30	
1954	12	4	6	0	0	1025.30	
1954	12	4	12	0	0	1026.30	
1954	12	4	18	0	0	1022.40	
1954	12	5	0	0	0	1010.90	
1954	12	5	6	0	0	1001.50	
1954	12	5	18	0	0	999.00	
1954	12	6	0	0	0	1001.60	
1954	12	6	6	0	0	1000.30	
1954	12	6	12	0	0	1001.20	
1954	12	6	18	0	0	1002.10	
1954	12	7	0	0	0	1002.70	
1954	12	7	6	0	0	1000.70	
1954	12	7	18	0	0	998.10	
1954	12	8	0	0	0	997.30	
1954	12	8	6	0	0	997.90	
1954	12	8	12	0	0	999.50	
1954	12	9	6	0	0	1005.60	
1954	12	9	12	0	0	1009.10	
1954	12	9	18	0	0	1010.30	
1954	12	10	6	0	0	1009.60	
1954	12	10	12	0	0	1010.90	
1954	12	10	18	0	0	1015.20	
1954	12	11	6	0	0	1018.20	
1954	12	11	18	0	0	1013.40	
1954	12	12	0	0	0	1012.20	
1954	12	12	6	0	0	1010.30	
1954	12	12	18	0	0	1014.70	
1954	12	13	0	0	0	1014.60	
1954	12	13	6	0	0	1012.40	
1954	12	13	18	0	0	1011.50	
1954	12	14	0	0	0	1012.00	
1954	12	14	6	0	0	1013.30	
1954	12	14	12	0	0	1016.20	
1954	12	14	18	0	0	1019.40	
1954	12	15	0	0	0	1022.60	
1954	12	15	6	0	0	1023.90	
1954	12	15	12	0	0	1023.50	
1954	12	15	18	0	0	1022.10	
1954	12	16	0	0	0	1019.60	
1954	12	16	6	0	0	1017.80	
1954	12	16	12	0	0	1018.20	
1954	12	16	18	0	0	1021.20	
1954	12	17	0	0	0	1022.70	
1954	12	17	6	0	0	1023.50	
1954	12	17	12	0	0	1022.90	
1954	12	17	18	0	0	1022.90	
1954	12	18	0	0	0	1022.40	
1954	12	18	6	0	0	1022.60	
1954	12	18	12	0	0	1023.70	
1954	12	18	18	0	0	1023.70	
1954	12	19	0	0	0	1022.00	
1954	12	19	6	0	0	1018.40	
1954	12	19	12	0	0	1016.50	
1954	12	19	18	0	0	1016.30	
1954	12	20	0	0	0	1016.10	
1954	12	20	6	0	0	1012.70	
1954	12	20	12	0	0	1009.00	
1954	12	21	0	0	0	999.80	
1954	12	21	6	0	0	997.20	
1954	12	22	6	0	0	983.60	
1954	12	22	18	0	0	979.70	
1954	12	23	0	0	0	977.50	
1954	12	23	6	0	0	979.20	
1954	12	23	12	0	0	978.50	
1954	12	23	18	0	0	968.80	
1954	12	24	6	0	0	974.20	
1954	12	24	18	0	0	987.10	
1954	12	25	0	0	0	991.70	
1954	12	25	6	0	0	996.30	
1954	12	25	12	0	0	1001.00	
1954	12	25	18	0	0	1004.00	
1954	12	26	0	0	0	1007.40	
1954	12	26	12	0	0	1011.30	
1954	12	26	18	0	0	1010.10	
1954	12	27	0	0	0	1008.50	
1954	12	27	6	0	0	1005.60	
1954	12	27	12	0	0	1002.80	
1954	12	27	18	0	0	1001.00	
1954	12	28	0	0	0	1002.40	
1954	12	28	6	0	0	1005.00	
1954	12	28	12	0	0	1007.50	
1954	12	28	18	0	0	1006.90	
1954	12	29	6	0	0	1002.80	
1954	12	29	12	0	0	1005.70	
1954	12	29	18	0	0	1007.40	
1954	12	30	0	0	0	1009.60	
1954	12	30	6	0	0	1014.50	
1954	12	30	12	0	0	1018.60	
1954	12	30	18	0	0	1022.20	
1954	12	31	0	0	0	1025.00	
1954	12	31	6	0	0	1026.80	
1955	1	1	0	0	0	1033.30	
1955	1	1	6	0	0	1033.40	
1955	1	1	12	0	0	1035.20	
1955	1	1	18	0	0	1037.20	
1955	1	2	0	0	0	1037.40	
1955	1	2	6	0	0	1036.50	
1955	1	2	12	0	0	1035.40	
1955	1	2	18	0	0	1034.50	
1955	1	3	6	0	0	1033.30	
1955	1	3	18	0	0	1030.70	
1955	1	4	0	0	0	1030.50	
1955	1	4	6	0	0	1029.90	
1955	1	4	12	0	0	1028.00	
1955	1	5	6	0	0	1024.90	
1955	1	5	18	0	0	1024.30	
1955	1	6	0	0	0	1022.40	
1955	1	6	12	0	0	1024.40	
1955	1	6	18	0	0	1028.20	
1955	1	7	0	0	0	1029.20	
1955	1	7	18	0	0	1022.80	
1955	1	8	0	0	0	1018.30	
1955	1	8	6	0	0	1015.60	
1955	1	8	12	0	0	1014.90	
1955	1	9	0	0	0	1015.00	
1955	1	9	6	0	0	1016.40	
1955	1	9	12	0	0	1015.40	
1955	1	9	18	0	0	1015.40	
1955	1	10	0	0	0	1014.00	
1955	1	10	12	0	0	1008.90	
1955	1	10	18	0	0	1005.30	
1955	1	11	0	0	0	999.10	
1955	1	11	6	0	0	991.70	
1955	1	11	12	0	0	986.40	
1955	1	11	18	0	0	985.30	
1955	1	12	6	0	0	990.40	
1955	1	12	12	0	0	991.80	
1955	1	12	18	0	0	992.90	
1955	1	13	0	0	0	994.90	
1955	1	13	12	0	0	992.50	
1955	1	13	18	0	0	992.50	
1955	1	14	0	0	0	991.50	
1955	1	14	6	0	0	995.60	
1955	1	14	12	0	0	1008.70	qc_reject
1955	1	14	18	0	0	1003.70	qc_reject
1955	1	15	0	0	0	999.90	
1955	1	15	12	0	0	1003.50	
1955	1	15	18	0	0	1007.00	
1955	1	16	0	0	0	1008.10	
1955	1	16	6	0	0	1006.90	
1955	1	16	12	0	0	1000.30	
1955	1	16	18	0	0	992.50	
1955	1	17	0	0	0	987.10	
1955	1	17	6	0	0	977.80	
1955	1	17	12	0	0	970.80	
1955	1	18	0	0	0	982.40	
1955	1	18	6	0	0	987.70	
1955	1	18	12	0	0	992.90	
1955	1	19	6	0	0	992.40	
1955	1	19	12	0	0	997.00	
1955	1	19	18	0	0	1002.10	
1955	1	20	0	0	0	1004.50	
1955	1	20	6	0	0	1005.60	
1955	1	20	12	0	0	1009.70	
1955	1	20	18	0	0	1012.80	
1955	1	21	0	0	0	1019.60	
1955	1	21	6	0	0	1024.60	
1955	1	21	12	0	0	1028.50	
1955	1	21	18	0	0	1029.30	
1955	1	22	0	0	0	1029.90	
1955	1	22	6	0	0	1028.60	
1955	1	22	18	0	0	1026.80	
1955	1	23	0	0	0	1027.50	
1955	1	23	6	0	0	1029.60	
1955	1	23	18	0	0	1032.90	
1955	1	24	0	0	0	1033.40	
1955	1	24	6	0	0	1032.40	
1955	1	24	12	0	0	1027.90	
1955	1	24	18	0	0	1023.80	
1955	1	25	0	0	0	1019.40	
1955	1	25	12	0	0	1011.10	
1955	1	25	18	0	0	1014.20	
1955	1	26	0	0	0	1017.30	
1955	1	26	6	0	0	1020.10	
1955	1	26	12	0	0	1022.00	
1955	1	26	18	0	0	1021.40	
1955	1	27	6	0	0	1015.70	
1955	1	27	12	0	0	1014.70	
1955	1	27	18	0	0	1015.10	
1955	1	28	0	0	0	1014.90	
1955	1	28	6	0	0	1014.70	
1955	1	28	12	0	0	1015.50	
1955	1	28	18	0	0	1015.40	
1955	1	29	0	0	0	1015.70	
1955	1	29	6	0	0	1015.00	
1955	1	29	12	0	0	1013.70	
1955	1	29	18	0	0	1013.00	
1955	1	30	0	0	0	1013.70	
1955	1	30	6	0	0	1014.60	
1955	1	30	18	0	0	1015.10	
1955	1	31	0	0	0	1012.40	
1955	1	31	6	0	0	1010.80	
1955	1	31	12	0	0	1011.50	
1955	1	31	18	0	0	1012.00	
1955	2	1	6	0	0	1012.40	
1955	2	1	12	0	0	1012.10	
1955	2	1	18	0	0	1011.10	
1955	2	2	0	0	0	1010.70	
1955	2	2	6	0	0	1009.40	
1955	2	2	12	0	0	1008.20	
1955	2	2	18	0	0	1006.90	
1955	2	3	0	0	0	1005.30	
1955	2	3	6	0	0	1003.50	
1955	2	3	18	0	0	1003.30	
1955	2	4	0	0	0	1004.00	
1955	2	4	6	0	0	1003.60	
1955	2	4	12	0	0	1003.30	
1955	2	4	18	0	0	1002.50	
1955	2	5	0	0	0	1001.00	
1955	2	5	6	0	0	997.90	
1955	2	5	12	0	0	996.40	
1955	2	5	18	0	0	993.70	
1955	2	6	0	0	0	993.40	
1955	2	6	6	0	0	993.30	
1955	2	6	12	0	0	995.10	
1955	2	6	18	0	0	1001.00	
1955	2	7	0	0	0	1005.90	
1955	2	7	6	0	0	1009.20	
1955	2	7	12	0	0	1011.90	
1955	2	7	18	0	0	1012.10	
1955	2	8	0	0	0	1012.00	
1955	2	8	6	0	0	1010.90	
1955	2	9	0	0	0	1000.40	
1955	2	9	6	0	0	996.30	
1955	2	9	12	0	0	994.40	
1955	2	9	18	0	0	994.30	
1955	2	10	0	0	0	994.20	
1955	2	10	6	0	0	993.20	
1955	2	10	12	0	0	992.60	
1955	2	10	18	0	0	993.00	
1955	2	11	0	0	0	993.30	
1955	2	11	6	0	0	994.10	
1955	2	11	18	0	0	1005.00	
1955	2	12	0	0	0	1009.80	
1955	2	12	6	0	0	1011.80	
1955	2	12	12	0	0	1013.40	
1955	2	12	18	0	0	1014.00	
1955	2	13	0	0	0	1014.50	
1955	2	13	6	0	0	1011.90	
1955	2	13	12	0	0	1009.10	
1955	2	13	18	0	0	1007.60	
1955	2	14	0	0	0	1005.30	
1955	2	14	6	0	0	1004.60	
1955	2	14	12	0	0	1003.20	
1955	2	14	18	0	0	1003.20	
1955	2	15	0	0	0	1003.00	
1955	2	15	6	0	0	1000.20	
1955	2	15	18	0	0	998.90	
1955	2	16	0	0	0	999.80	
1955	2	16	12	0	0	1000.20	
1955	2	16	18	0	0	999.60	
1955	2	17	0	0	0	997.10	
1955	2	17	12	0	0	993.40	
1955	2	17	18	0	0	994.20	
1955	2	18	0	0	0	993.60	
1955	2	18	6	0	0	993.00	
1955	2	18	12	0	0	993.90	
1955	2	18	18	0	0	995.70	
1955	2	19	0	0	0	996.60	
1955	2	19	6	0	0	996.60	
1955	2	19	12	0	0	997.40	
1955	2	19	18	0	0	999.50	
1955	2	20	0	0	0	1001.80	
1955	2	20	6	0	0	1001.20	
1955	2	20	12	0	0	999.30	
1955	2	20	18	0	0	997.70	
1955	2	21	6	0	0	999.50	
1955	2	21	18	0	0	999.60	
1955	2	22	0	0	0	999.60	
1955	2	22	6	0	0	999.60	
1955	2	22	12	0	0	1000.50	
1955	2	23	0	0	0	1008.60	
1955	2	23	6	0	0	1011.80	
1955	2	23	12	0	0	1013.20	
1955	2	23	18	0	0	1014.20	
1955	2	24	6	0	0	1013.80	
1955	2	24	12	0	0	1012.00	
1955	2	24	18	0	0	1013.30	
1955	2	25	0	0	0	1014.00	
1955	2	25	6	0	0	1014.80	
1955	2	25	12	0	0	1016.00	
1955	2	25	18	0	0	1015.70	
1955	2	26	0	0	0	1016.90	
1955	2	26	6	0	0	1015.60	
1955	2	26	12	0	0	1016.00	
1955	2	26	18	0	0	1014.90	
1955	2	27	0	0	0	1015.40	
1955	2	27	6	0	0	1017.00	
1955	2	27	12	0	0	1018.80	
1955	2	27	18	0	0	1022.50	
1955	2	28	0	0	0	1026.70	
1955	2	28	6	0	0	1030.40	
1955	2	28	12	0	0	1032.40	
1955	2	28	18	0	0	1034.70	
1955	3	1	0	0	0	1035.70	
1955	3	1	6	0	0	1037.20	
1955	3	1	12	0	0	1035.70	
1955	3	1	18	0	0	1035.40	
1955	3	2	0	0	0	1035.50	
1955	3	2	6	0	0	1033.90	
1955	3	2	18	0	0	1033.20	
1955	3	3	0	0	0	1033.80	
1955	3	3	6	0	0	1031.70	
1955	3	3	12	0	0	1032.80	
1955	3	3	18	0	0	1031.50	
1955	3	4	0	0	0	1028.10	
1955	3	4	6	0	0	1023.80	
1955	3	4	12	0	0	1019.30	
1955	3	4	18	0	0	1014.00	
1955	3	5	6	0	0	1008.70	
1955	3	5	18	0	0	1014.30	
1955	3	6	0	0	0	1017.80	
1955	3	6	6	0	0	1020.10	
1955	3	6	12	0	0	1021.60	
1955	3	6	18	0	0	1021.90	
1955	3	7	0	0	0	1021.10	
1955	3	7	12	0	0	1012.90	
1955	3	7	18	0	0	1009.40	
1955	3	8	0	0	0	1006.60	
1955	3	8	6	0	0	1004.30	
1955	3	8	12	0	0	1004.70	
1955	3	9	0	0	0	1006.20	
1955	3	9	6	0	0	1008.90	
1955	3	9	12	0	0	1012.60	
1955	3	9	18	0	0	1016.40	
1955	3	10	0	0	0	1019.60	
1955	3	10	6	0	0	1021.90	
1955	3	10	12	0	0	1022.40	
1955	3	11	0	0	0	1025.80	
1955	3	11	6	0	0	1028.60	
1955	3	11	12	0	0	1029.90	
1955	3	11	18	0	0	1032.30	
1955	3	12	0	0	0	1034.60	
1955	3	12	6	0	0	1035.50	
1955	3	12	12	0	0	1034.60	
1955	3	12	18	0	0	1033.90	
1955	3	13	6	0	0	1031.40	
1955	3	13	12	0	0	1026.00	
1955	3	13	18	0	0	1020.00	
1955	3	14	0	0	0	1013.50	
1955	3	14	6	0	0	1009.20	
1955	3	14	12	0	0	1009.00	
1955	3	14	18	0	0	1016.50	
1955	3	15	6	0	0	1015.90	
1955	3	15	12	0	0	1014.70	
1955	3	15	18	0	0	1011.10	
1955	3	16	6	0	0	1001.20	
1955	3	16	12	0	0	999.50	
1955	3	16	18	0	0	999.20	
1955	3	17	6	0	0	994.00	
1955	3	17	12	0	0	993.70	
1955	3	17	18	0	0	996.40	
1955	3	18	0	0	0	1000.80	
1955	3	18	6	0	0	1002.80	
1955	3	18	18	0	0	1005.30	
1955	3	19	0	0	0	1005.10	
1955	3	19	6	0	0	1004.50	
1955	3	19	12	0	0	1004.10	
1955	3	19	18	0	0	1005.50	
1955	3	20	0	0	0	1008.90	
1955	3	20	6	0	0	1010.80	
1955	3	20	18	0	0	1013.40	
1955	3	21	0	0	0	1015.10	
1955	3	21	6	0	0	1016.90	
1955	3	21	12	0	0	1015.60	
1955	3	21	18	0	0	1014.40	
1955	3	22	0	0	0	1009.20	
1955	3	22	6	0	0	1003.50	
1955	3	22	12	0	0	1014.30	qc_reject
1955	3	22	18	0	0	1011.10	
1955	3	23	0	0	0	1017.80	
1955	3	23	6	0	0	1023.60	
1955	3	23	12	0	0	1025.80	
1955	3	23	18	0	0	1025.00	
1955	3	24	6	0	0	1018.60	
1955	3	24	12	0	0	1013.80	
1955	3	24	18	0	0	1010.00	
1955	3	25	0	0	0	1007.20	
1955	3	25	6	0	0	1004.10	
1955	3	25	12	0	0	1006.90	
1955	3	25	18	0	0	1011.80	
1955	3	26	0	0	0	1013.70	
1955	3	26	6	0	0	1013.20	
1955	3	26	12	0	0	1008.80	
1955	3	26	18	0	0	1001.40	
1955	3	27	0	0	0	998.80	
1955	3	27	6	0	0	1000.10	
1955	3	27	12	0	0	1002.30	
1955	3	27	18	0	0	999.60	
1955	3	28	0	0	0	994.90	
1955	3	28	6	0	0	1004.80	
1955	3	28	12	0	0	1009.80	
1955	3	28	18	0	0	1011.80	
1955	3	29	0	0	0	1012.80	
1955	3	29	6	0	0	1014.30	
1955	3	29	12	0	0	1015.90	
1955	3	29	18	0	0	1018.50	
1955	3	30	0	0	0	1021.00	
1955	3	30	6	0	0	1022.00	
1955	3	30	12	0	0	1021.60	
1955	3	30	18	0	0	1017.70	
1955	3	31	6	0	0	1008.60	
1955	3	31	18	0	0	1004.40	
1955	4	1	0	0	0	1004.10	
1955	4	1	6	0	0	1007.20	
1955	4	1	12	0	0	1009.80	
1955	4	1	18	0	0	1011.50	
1955	4	2	0	0	0	1014.20	
1955	4	2	6	0	0	1017.00	
1955	4	2	12	0	0	1017.90	
1955	4	2	18	0	0	1017.50	
1955	4	3	6	0	0	1020.30	
1955	4	3	12	0	0	1019.10	
1955	4	3	18	0	0	1017.50	
1955	4	4	6	0	0	1015.00	
1955	4	4	12	0	0	1013.70	
1955	4	4	18	0	0	1014.00	
1955	4	5	0	0	0	1015.80	
1955	4	5	6	0	0	1017.60	
1955	4	5	12	0	0	1018.90	
1955	4	5	18	0	0	1020.00	
1955	4	6	0	0	0	1020.00	
1955	4	6	6	0	0	1020.50	
1955	4	6	12	0	0	1020.70	
1955	4	6	18	0	0	1021.00	
1955	4	7	6	0	0	1021.00	
1955	4	7	12	0	0	1019.30	
1955	4	7	18	0	0	1017.50	
1955	4	8	0	0	0	1022.80	qc_reject
1955	4	8	6	0	0	1009.50	
1955	4	8	12	0	0	1011.10	
1955	4	8	18	0	0	1014.20	
1955	4	9	6	0	0	1019.70	
1955	4	9	12	0	0	1019.70	
1955	4	9	18	0	0	1020.80	
1955	4	10	0	0	0	1020.30	
1955	4	10	6	0	0	1020.60	
1955	4	10	18	0	0	1021.00	
1955	4	11	0	0	0	1020.20	
1955	4	11	6	0	0	1019.70	
1955	4	11	12	0	0	1017.30	
1955	4	11	18	0	0	1015.20	
1955	4	12	0	0	0	1016.10	
1955	4	12	6	0	0	1019.50	
1955	4	12	12	0	0	1021.80	
1955	4	12	18	0	0	1023.60	
1955	4	13	0	0	0	1023.40	
1955	4	13	6	0	0	1019.40	
1955	4	13	12	0	0	1014.80	
1955	4	13	18	0	0	1011.30	
1955	4	14	0	0	0	1009.20	
1955	4	14	6	0	0	1008.10	
1955	4	14	12	0	0	1009.30	
1955	4	14	18	0	0	1011.10	
1955	4	15	0	0	0	1011.50	
1955	4	15	6	0	0	1013.00	
1955	4	15	12	0	0	1016.40	
1955	4	15	18	0	0	1018.90	
1955	4	16	0	0	0	1019.70	
1955	4	16	6	0	0	1020.50	
1955	4	16	12	0	0	1019.60	
1955	4	16	18	0	0	1020.00	
1955	4	17	0	0	0	1019.40	
1955	4	17	6	0	0	1018.40	
1955	4	17	12	0	0	1017.30	
1955	4	18	0	0	0	1016.50	
1955	4	18	6	0	0	1012.60	
1955	4	18	12	0	0	1012.30	
1955	4	18	18	0	0	1011.40	
1955	4	19	0	0	0	1016.10	
1955	4	19	6	0	0	1017.50	
1955	4	19	12	0	0	1018.40	
1955	4	19	18	0	0	1017.10	
1955	4	20	0	0	0	1013.20	
1955	4	20	6	0	0	1009.60	
1955	4	20	12	0	0	1007.90	
1955	4	20	18	0	0	1007.40	
1955	4	21	0	0	0	1005.30	
1955	4	21	6	0	0	1002.00	
1955	4	21	12	0	0	999.80	
1955	4	21	18	0	0	1001.50	
1955	4	22	0	0	0	1005.70	
1955	4	22	6	0	0	1009.90	
1955	4	22	12	0	0	1012.10	
1955	4	22	18	0	0	1014.80	
1955	4	23	6	0	0	1015.00	
1955	4	23	12	0	0	1013.30	
1955	4	23	18	0	0	1012.20	
1955	4	24	0	0	0	1007.40	
1955	4	24	6	0	0	1005.30	
1955	4	24	12	0	0	1004.90	
1955	4	24	18	0	0	1001.30	
1955	4	25	6	0	0	998.30	
1955	4	25	12	0	0	997.20	
1955	4	25	18	0	0	1001.10	
1955	4	26	0	0	0	1002.00	
1955	4	26	6	0	0	1004.50	
1955	4	26	12	0	0	1009.00	
1955	4	26	18	0	0	1013.10	
1955	4	27	0	0	0	1015.60	
1955	4	27	6	0	0	1017.50	
1955	4	27	12	0	0	1018.20	
1955	4	27	18	0	0	1018.00	
1955	4	28	0	0	0	1018.50	
1955	4	28	6	0	0	1019.80	
1955	4	28	12	0	0	1018.50	
1955	4	28	18	0	0	1018.70	
1955	4	29	0	0	0	1018.60	
1955	4	29	6	0	0	1019.30	
1955	4	29	12	0	0	1019.90	
1955	4	29	18	0	0	1019.40	
1955	4	30	0	0	0	1019.70	
1955	4	30	6	0	0	1019.70	
1955	4	30	12	0	0	1017.90	
1955	4	30	18	0	0	1015.70	
1955	5	1	0	0	0	1014.30	
1955	5	1	6	0	0	1013.00	
1955	5	1	12	0	0	1011.30	
1955	5	1	18	0	0	1009.70	
1955	5	2	0	0	0	1009.10	
1955	5	2	6	0	0	1008.40	
1955	5	3	0	0	0	1003.30	
1955	5	3	6	0	0	1000.30	
1955	5	3	18	0	0	1006.30	
1955	5	4	0	0	0	1008.20	
1955	5	4	6	0	0	1009.70	
1955	5	4	12	0	0	1009.70	
1955	5	4	18	0	0	1008.10	
1955	5	5	6	0	0	1006.00	
1955	5	5	12	0	0	1006.00	
1955	5	5	18	0	0	1007.80	
1955	5	6	0	0	0	1008.10	
1955	5	6	6	0	0	1008.80	
1955	5	6	12	0	0	1008.70	
1955	5	6	18	0	0	1011.00	
1955	5	7	0	0	0	1011.50	
1955	5	7	6	0	0	1009.40	
1955	5	7	12	0	0	1006.00	
1955	5	7	18	0	0	1006.10	
1955	5	8	0	0	0	1006.90	
1955	5	8	6	0	0	1011.20	
1955	5	8	12	0	0	1019.30	
1955	5	8	18	0	0	1022.90	
1955	5	9	0	0	0	1023.70	
1955	5	9	6	0	0	1022.30	
1955	5	9	12	0	0	1016.70	
1955	5	9	18	0	0	1013.90	
1955	5	10	0	0	0	1010.00	
1955	5	10	18	0	0	1004.80	
1955	5	11	6	0	0	1006.90	
1955	5	11	12	0	0	1008.90	
1955	5	11	18	0	0	1011.00	
1955	5	12	6	0	0	1018.10	
1955	5	12	12	0	0	1017.80	
1955	5	12	18	0	0	1017.20	
1955	5	13	6	0	0	1017.90	
1955	5	13	12	0	0	1016.20	
1955	5	13	18	0	0	1013.30	
1955	5	14	0	0	0	1011.20	
1955	5	14	6	0	0	1008.60	
1955	5	14	12	0	0	1005.80	
1955	5	14	18	0	0	1002.80	
1955	5	15	0	0	0	1003.40	
1955	5	15	6	0	0	1005.30	
1955	5	15	12	0	0	1007.90	
1955	5	15	18	0	0	1006.90	
1955	5	16	6	0	0	1006.90	
1955	5	16	12	0	0	1010.90	
1955	5	17	0	0	0	1014.60	
1955	5	17	6	0	0	1014.40	
1955	5	18	0	0	0	1011.70	
1955	5	18	6	0	0	1011.30	
1955	5	18	12	0	0	1009.40	
1955	5	18	18	0	0	1007.10	
1955	5	19	0	0	0	1006.90	
1955	5	19	6	0	0	1013.00	
1955	5	19	12	0	0	1013.00	
1955	5	19	18	0	0	1011.00	
1955	5	20	0	0	0	1011.40	
1955	5	20	6	0	0	1012.90	
1955	5	20	12	0	0	1014.40	
1955	5	20	18	0	0	1015.00	
1955	5	21	0	0	0	1016.00	
1955	5	21	6	0	0	1016.40	
1955	5	21	12	0	0	1015.70	
1955	5	21	18	0	0	1015.30	
1955	5	22	0	0	0	1016.30	
1955	5	22	6	0	0	1015.50	
1955	5	22	12	0	0	1016.10	
1955	5	22	18	0	0	1016.70	
1955	5	23	0	0	0	1017.80	
1955	5	23	6	0	0	1017.40	
1955	5	23	18	0	0	1017.10	
1955	5	24	0	0	0	1014.10	
1955	5	24	6	0	0	1013.70	
1955	5	24	18	0	0	1012.40	
1955	5	25	0	0	0	1012.70	
1955	5	25	6	0	0	1012.10	
1955	5	25	12	0	0	1010.60	
1955	5	25	18	0	0	1009.50	
1955	5	26	0	0	0	1008.00	
1955	5	26	6	0	0	1008.10	
1955	5	26	12	0	0	1009.90	
1955	5	26	18	0	0	1012.00	
1955	5	27	6	0	0	1016.40	
1955	5	27	12	0	0	1017.40	
1955	5	27	18	0	0	1017.90	
1955	5	28	0	0	0	1018.50	
1955	5	28	6	0	0	1016.60	
1955	5	28	18	0	0	1014.30	
1955	5	29	0	0	0	1014.20	
1955	5	29	6	0	0	1013.60	
1955	5	29	12	0	0	1012.70	
1955	5	29	18	0	0	1015.20	
1955	5	30	0	0	0	1017.30	
1955	5	30	6	0	0	1018.40	
1955	5	30	12	0	0	1018.80	
1955	5	30	18	0	0	1020.20	
1955	5	31	6	0	0	1021.60	
1955	5	31	12	0	0	1020.40	
1955	5	31	18	0	0	1020.20	
1955	6	1	0	0	0	1019.50	
1955	6	1	6	0	0	1019.40	
1955	6	1	12	0	0	1018.80	
1955	6	1	18	0	0	1018.20	
1955	6	2	0	0	0	1018.60	
1955	6	2	6	0	0	1018.60	
1955	6	2	12	0	0	1017.20	
1955	6	2	18	0	0	1018.00	
1955	6	3	0	0	0	1018.30	
1955	6	3	6	0	0	1018.80	
1955	6	3	12	0	0	1018.00	
1955	6	3	18	0	0	1017.50	
1955	6	4	0	0	0	1018.10	
1955	6	4	6	0	0	1018.00	
1955	6	4	12	0	0	1017.00	
1955	6	4	18	0	0	1016.30	
1955	6	5	0	0	0	1016.50	
1955	6	5	6	0	0	1016.80	
1955	6	5	12	0	0	1016.60	
1955	6	5	18	0	0	1015.70	
1955	6	6	0	0	0	1017.00	
1955	6	6	6	0	0	1016.40	
1955	6	6	18	0	0	1011.30	
1955	6	7	0	0	0	1010.10	
1955	6	7	6	0	0	1008.20	
1955	6	7	18	0	0	1002.90	
1955	6	8	6	0	0	999.20	
1955	6	8	18	0	0	994.60	
1955	6	9	0	0	0	996.10	
1955	6	9	6	0	0	1004.40	
1955	6	9	12	0	0	1011.20	
1955	6	9	18	0	0	1012.50	
1955	6	10	0	0	0	1012.50	
1955	6	10	6	0	0	1009.30	
1955	6	10	12	0	0	1004.30	
1955	6	11	6	0	0	999.20	
1955	6	12	0	0	0	1014.00	
1955	6	12	12	0	0	1017.70	
1955	6	12	18	0	0	1016.70	
1955	6	13	0	0	0	1017.70	
1955	6	13	6	0	0	1013.40	
1955	6	13	12	0	0	1014.20	
1955	6	13	18	0	0	1013.30	
1955	6	14	0	0	0	1012.30	
1955	6	14	6	0	0	1012.90	
1955	6	14	18	0	0	1015.70	
1955	6	15	0	0	0	1018.10	
1955	6	15	6	0	0	1018.90	
1955	6	15	12	0	0	1018.40	
1955	6	15	18	0	0	1016.00	
1955	6	16	0	0	0	1013.60	
1955	6	16	6	0	0	1011.10	
1955	6	16	18	0	0	1013.60	
1955	6	17	0	0	0	1014.20	
1955	6	17	6	0	0	1014.80	
1955	6	17	12	0	0	1015.00	
1955	6	17	18	0	0	1015.80	
1955	6	18	0	0	0	1017.50	
1955	6	18	6	0	0	1016.90	
1955	6	18	12	0	0	1017.50	
1955	6	18	18	0	0	1018.60	
1955	6	19	0	0	0	1020.50	
1955	6	19	12	0	0	1020.10	
1955	6	19	18	0	0	1019.90	
1955	6	20	0	0	0	1021.30	
1955	6	20	6	0	0	1020.00	
1955	6	20	12	0	0	1017.10	
1955	6	20	18	0	0	1014.50	
1955	6	21	0	0	0	1013.50	
1955	6	21	6	0	0	1013.10	
1955	6	21	12	0	0	1014.60	
1955	6	21	18	0	0	1016.70	
1955	6	22	0	0	0	1018.10	
1955	6	22	6	0	0	1018.60	
1955	6	22	12	0	0	1018.60	
1955	6	22	18	0	0	1017.80	
1955	6	23	0	0	0	1019.30	
1955	6	23	12	0	0	1020.10	
1955	6	23	18	0	0	1020.70	
1955	6	24	0	0	0	1023.00	
1955	6	24	6	0	0	1023.70	
1955	6	24	12	0	0	1023.50	
1955	6	24	18	0	0	1022.40	
1955	6	25	12	0	0	1021.00	
1955	6	25	18	0	0	1018.90	
1955	6	26	0	0	0	1019.10	
1955	6	26	6	0	0	1017.10	
1955	6	26	12	0	0	1014.60	
1955	6	26	18	0	0	1014.40	
1955	6	27	0	0	0	1014.90	
1955	6	27	6	0	0	1015.40	
1955	6	27	12	0	0	1015.40	
1955	6	27	18	0	0	1014.90	
1955	6	28	0	0	0	1016.40	
1955	6	28	6	0	0	1016.80	
1955	6	28	12	0	0	1016.40	
1955	6	28	18	0	0	1015.60	
1955	6	29	0	0	0	1016.70	
1955	6	29	6	0	0	1016.00	
1955	6	29	12	0	0	1015.10	
1955	6	29	18	0	0	1013.60	
1955	6	30	6	0	0	1013.80	
1955	6	30	12	0	0	1012.30	
1955	6	30	18	0	0	1011.40	
1955	7	1	0	0	0	1012.40	
1955	7	1	6	0	0	1012.30	
1955	7	1	12	0	0	1012.10	
1955	7	1	18	0	0	1012.10	
1955	7	2	12	0	0	1011.90	
1955	7	3	0	0	0	1010.60	
1955	7	3	6	0	0	1014.30	
1955	7	3	18	0	0	1011.80	
1955	7	4	0	0	0	1012.50	
1955	7	4	6	0	0	1010.40	
1955	7	5	0	0	0	1006.20	
1955	7	5	6	0	0	1004.80	
1955	7	5	12	0	0	1005.20	
1955	7	5	18	0	0	1006.70	
1955	7	6	0	0	0	1008.50	
1955	7	6	6	0	0	1009.60	
1955	7	6	12	0	0	1011.00	
1955	7	6	18	0	0	1012.50	
1955	7	7	6	0	0	1014.70	
1955	7	7	18	0	0	1014.90	
1955	7	8	0	0	0	1014.40	
1955	7	8	6	0	0	1016.10	
1955	7	8	12	0	0	1016.70	
1955	7	8	18	0	0	1016.30	
1955	7	9	0	0	0	1016.60	
1955	7	9	6	0	0	1015.80	
1955	7	9	12	0	0	1014.20	
1955	7	9	18	0	0	1015.40	
1955	7	10	0	0	0	1015.80	
1955	7	10	6	0	0	1015.60	
1955	7	10	12	0	0	1016.50	
1955	7	10	18	0	0	1016.80	
1955	7	11	0	0	0	1018.90	
1955	7	11	6	0	0	1018.70	
1955	7	11	12	0	0	1018.60	
1955	7	11	18	0	0	1019.80	
1955	7	12	0	0	0	1020.60	
1955	7	12	6	0	0	1020.70	
1955	7	12	18	0	0	1018.40	
1955	7	13	0	0	0	1020.00	
1955	7	13	6	0	0	1019.80	
1955	7	13	12	0	0	1018.50	
1955	7	13	18	0	0	1017.70	
1955	7	14	0	0	0	1018.40	
1955	7	14	6	0	0	1018.50	
1955	7	14	12	0	0	1017.70	
1955	7	14	18	0	0	1016.20	
1955	7	15	0	0	0	1018.00	
1955	7	15	6	0	0	1017.80	
1955	7	15	12	0	0	1016.90	
1955	7	15	18	0	0	1016.20	
1955	7	16	0	0	0	1016.70	
1955	7	16	6	0	0	1016.30	
1955	7	16	18	0	0	1012.40	
1955	7	17	0	0	0	1014.00	
1955	7	17	6	0	0	1014.80	
1955	7	17	12	0	0	1015.50	
1955	7	17	18	0	0	1016.30	
1955	7	18	0	0	0	1017.80	
1955	7	18	6	0	0	1017.40	
1955	7	18	12	0	0	1016.90	
1955	7	18	18	0	0	1015.70	
1955	7	19	0	0	0	1016.70	
1955	7	19	6	0	0	1017.00	
1955	7	19	12	0	0	1016.30	
1955	7	20	6	0	0	1015.40	
1955	7	20	18	0	0	1014.30	
1955	7	21	6	0	0	1016.40	
1955	7	21	12	0	0	1014.70	
1955	7	21	18	0	0	1014.30	
1955	7	22	6	0	0	1015.70	
1955	7	22	12	0	0	1013.60	
1955	7	22	18	0	0	1010.00	
1955	7	23	0	0	0	1010.70	
1955	7	23	6	0	0	1012.50	
1955	7	23	12	0	0	1011.30	
1955	7	23	18	0	0	1009.70	
1955	7	24	0	0	0	1009.30	
1955	7	24	6	0	0	1007.90	
1955	7	24	12	0	0	1007.20	
1955	7	24	18	0	0	1008.20	
1955	7	25	6	0	0	1011.00	
1955	7	25	12	0	0	1010.10	
1955	7	25	18	0	0	1010.90	
1955	7	26	6	0	0	1009.80	
1955	7	26	12	0	0	1009.80	
1955	7	26	18	0	0	1010.10	
1955	7	27	0	0	0	1010.10	
1955	7	27	6	0	0	1010.80	
1955	7	27	12	0	0	1010.40	
1955	7	27	18	0	0	1009.80	
1955	7	28	0	0	0	1011.50	
1955	7	28	12	0	0	1008.40	
1955	7	28	18	0	0	1006.80	
1955	7	29	0	0	0	1007.00	
1955	7	29	6	0	0	1006.40	
1955	7	29	18	0	0	1007.50	
1955	7	30	6	0	0	1011.20	
1955	7	30	12	0	0	1011.40	
1955	7	30	18	0	0	1012.90	
1955	7	31	0	0	0	1014.50	
1955	7	31	6	0	0	1015.80	
1955	7	31	18	0	0	1015.90	
1955	8	1	0	0	0	1016.10	
1955	8	1	6	0	0	1017.00	
1955	8	1	12	0	0	1015.10	
1955	8	1	18	0	0	1013.40	
1955	8	2	0	0	0	1013.30	
1955	8	2	6	0	0	1012.60	
1955	8	2	12	0	0	1010.20	
1955	8	2	18	0	0	1009.70	
1955	8	3	6	0	0	1010.00	
1955	8	3	12	0	0	1009.20	
1955	8	3	18	0	0	1009.40	
1955	8	4	0	0	0	1010.50	
1955	8	4	12	0	0	1011.30	
1955	8	4	18	0	0	1012.10	
1955	8	5	0	0	0	1014.80	
1955	8	5	6	0	0	1014.80	
1955	8	5	18	0	0	1015.10	
1955	8	6	0	0	0	1016.50	
1955	8	6	6	0	0	1015.60	
1955	8	6	18	0	0	1010.60	
1955	8	7	6	0	0	1008.70	
1955	8	7	12	0	0	1007.40	
1955	8	7	18	0	0	1006.80	
1955	8	8	6	0	0	1008.40	
1955	8	8	12	0	0	1008.50	
1955	8	8	18	0	0	1010.10	
1955	8	9	6	0	0	1012.70	
1955	8	9	12	0	0	1012.10	
1955	8	9	18	0	0	1013.30	
1955	8	10	6	0	0	1016.70	
1955	8	10	12	0	0	1015.90	
1955	8	10	18	0	0	1016.90	
1955	8	11	0	0	0	1017.90	
1955	8	11	6	0	0	1018.20	
1955	8	11	12	0	0	1016.60	
1955	8	11	18	0	0	1016.30	
1955	8	12	0	0	0	1017.70	
1955	8	12	6	0	0	1017.60	
1955	8	12	18	0	0	1015.40	
1955	8	13	6	0	0	1018.70	
1955	8	13	12	0	0	1017.70	
1955	8	13	18	0	0	1017.70	
1955	8	14	0	0	0	1019.60	
1955	8	14	6	0	0	1019.70	
1955	8	14	12	0	0	1019.10	
1955	8	14	18	0	0	1018.70	
1955	8	15	0	0	0	1020.90	
1955	8	15	6	0	0	1020.80	
1955	8	15	12	0	0	1019.60	
1955	8	15	18	0	0	1019.10	
1955	8	16	0	0	0	1021.30	
1955	8	16	6	0	0	1021.70	
1955	8	16	12	0	0	1021.00	
1955	8	16	18	0	0	1021.00	
1955	8	17	0	0	0	1022.90	
1955	8	17	6	0	0	1023.10	
1955	8	17	12	0	0	1021.90	
1955	8	17	18	0	0	1021.30	
1955	8	18	0	0	0	1022.50	
1955	8	18	6	0	0	1022.60	
1955	8	18	12	0	0	1021.30	
1955	8	18	18	0	0	1021.10	
1955	8	19	0	0	0	1022.70	
1955	8	19	6	0	0	1023.60	
1955	8	19	18	0	0	1023.20	
1955	8	20	0	0	0	1026.00	
1955	8	20	6	0	0	1026.90	
1955	8	20	12	0	0	1026.10	
1955	8	20	18	0	0	1025.90	
1955	8	21	0	0	0	1027.70	
1955	8	21	6	0	0	1027.20	
1955	8	21	12	0	0	1026.20	
1955	8	21	18	0	0	1025.10	
1955	8	22	0	0	0	1026.10	
1955	8	22	6	0	0	1025.30	
1955	8	22	12	0	0	1024.70	
1955	8	22	18	0	0	1023.90	
1955	8	23	6	0	0	1022.70	
1955	8	23	12	0	0	1020.90	
1955	8	23	18	0	0	1019.90	
1955	8	24	0	0	0	1019.00	
1955	8	24	6	0	0	1018.60	
1955	8	24	12	0	0	1018.50	
1955	8	24	18	0	0	1018.40	
1955	8	25	6	0	0	1020.50	
1955	8	25	18	0	0	1020.30	
1955	8	26	0	0	0	1021.40	
1955	8	26	6	0	0	1021.90	
1955	8	26	12	0	0	1021.30	
1955	8	26	18	0	0	1021.30	
1955	8	27	0	0	0	1022.30	
1955	8	27	12	0	0	1021.20	
1955	8	27	18	0	0	1019.80	
1955	8	28	0	0	0	1020.60	
1955	8	28	6	0	0	1019.80	
1955	8	28	12	0	0	1017.90	
1955	8	28	18	0	0	1016.20	
1955	8	29	0	0	0	1017.30	
1955	8	29	6	0	0	1016.80	
1955	8	29	12	0	0	1015.80	
1955	8	30	6	0	0	1017.90	
1955	8	30	12	0	0	1017.10	
1955	8	30	18	0	0	1017.60	
1955	8	31	0	0	0	1017.70	
1955	8	31	6	0	0	1016.50	
1955	8	31	12	0	0	1013.60	
1955	8	31	18	0	0	1011.80	
1955	9	1	6	0	0	1009.90	
1955	9	1	18	0	0	1008.70	
1955	9	2	0	0	0	1009.40	
1955	9	2	6	0	0	1010.60	
1955	9	2	12	0	0	1011.10	
1955	9	2	18	0	0	1011.40	
1955	9	3	6	0	0	1011.60	
1955	9	3	12	0	0	1010.90	
1955	9	3	18	0	0	1008.60	
1955	9	4	6	0	0	1011.40	
1955	9	4	12	0	0	1012.60	
1955	9	4	18	0	0	1014.40	
1955	9	5	0	0	0	1016.90	
1955	9	5	6	0	0	1017.90	
1955	9	5	12	0	0	1017.70	
1955	9	5	18	0	0	1017.40	
1955	9	6	0	0	0	1017.70	
1955	9	6	6	0	0	1016.40	
1955	9	6	18	0	0	1015.70	
1955	9	7	0	0	0	1017.40	
1955	9	7	6	0	0	1018.70	
1955	9	7	12	0	0	1019.20	
1955	9	7	18	0	0	1020.10	
1955	9	8	0	0	0	1022.20	
1955	9	8	6	0	0	1023.50	
1955	9	8	12	0	0	1022.80	
1955	9	9	0	0	0	1023.80	
1955	9	9	6	0	0	1023.70	
1955	9	9	18	0	0	1020.10	
1955	9	10	0	0	0	1020.50	
1955	9	10	6	0	0	1019.20	
1955	9	10	18	0	0	1016.00	
1955	9	11	0	0	0	1016.60	
1955	9	11	6	0	0	1016.20	
1955	9	11	18	0	0	1016.30	
1955	9	12	0	0	0	1017.60	
1955	9	12	6	0	0	1019.20	
1955	9	12	18	0	0	1018.00	
1955	9	13	6	0	0	1012.90	
1955	9	13	18	0	0	1004.80	
1955	9	14	0	0	0	1003.90	
1955	9	14	6	0	0	1003.20	
1955	9	14	12	0	0	1002.30	
1955	9	14	18	0	0	999.30	
1955	9	15	0	0	0	999.60	
1955	9	15	6	0	0	998.90	
1955	9	15	12	0	0	998.40	
1955	9	15	18	0	0	999.10	
1955	9	16	0	0	0	1009.70	qc_reject
1955	9	16	6	0	0	1007.00	
1955	9	16	18	0	0	1012.50	
1955	9	17	0	0	0	1014.20	
1955	9	17	6	0	0	1016.60	
1955	9	17	12	0	0	1017.90	
1955	9	17	18	0	0	1018.20	
1955	9	18	6	0	0	1020.00	
1955	9	18	18	0	0	1017.70	
1955	9	19	0	0	0	1015.10	
1955	9	19	6	0	0	1013.60	
1955	9	19	12	0	0	1013.10	
1955	9	20	0	0	0	1014.30	
1955	9	20	6	0	0	1015.90	
1955	9	20	12	0	0	1015.70	
1955	9	20	18	0	0	1016.20	
1955	9	21	0	0	0	1015.40	
1955	9	21	6	0	0	1014.00	
1955	9	21	18	0	0	1016.80	
1955	9	22	6	0	0	1016.70	
1955	9	22	18	0	0	1017.70	
1955	9	23	0	0	0	1016.30	
1955	9	23	6	0	0	1016.80	
1955	9	23	12	0	0	1017.80	
1955	9	23	18	0	0	1019.70	
1955	9	24	0	0	0	1021.70	
1955	9	24	12	0	0	1014.90	qc_reject
1955	9	24	18	0	0	1026.10	
1955	9	25	6	0	0	1026.80	
1955	9	25	12	0	0	1026.00	
1955	9	25	18	0	0	1025.70	
1955	9	26	0	0	0	1025.70	
1955	9	26	6	0	0	1024.00	
1955	9	26	12	0	0	1020.50	
1955	9	27	0	0	0	1015.80	
1955	9	27	6	0	0	1012.80	
1955	9	27	12	0	0	1013.40	
1955	9	27	18	0	0	1014.80	
1955	9	28	6	0	0	1015.70	
1955	9	28	18	0	0	1017.50	
1955	9	29	0	0	0	1018.30	
1955	9	29	6	0	0	1020.70	
1955	9	29	18	0	0	1024.10	
1955	9	30	0	0	0	1025.10	
1955	9	30	6	0	0	1023.80	
1955	9	30	12	0	0	1022.00	
1955	9	30	18	0	0	1020.70	
1955	10	1	0	0	0	1018.30	
1955	10	1	6	0	0	1015.90	
1955	10	1	12	0	0	1015.20	
1955	10	1	18	0	0	1014.60	
1955	10	2	0	0	0	1013.90	
1955	10	2	6	0	0	1019.00	
1955	10	2	12	0	0	1019.80	
1955	10	2	18	0	0	1022.60	
1955	10	3	0	0	0	1023.70	
1955	10	3	6	0	0	1024.00	
1955	10	3	12	0	0	1022.00	
1955	10	4	0	0	0	1018.60	
1955	10	4	6	0	0	1017.90	
1955	10	4	12	0	0	1015.80	
1955	10	4	18	0	0	1015.90	
1955	10	5	0	0	0	1015.60	
1955	10	5	6	0	0	1015.60	
1955	10	5	12	0	0	1015.00	
1955	10	5	18	0	0	1015.90	
1955	10	6	0	0	0	1015.60	
1955	10	6	6	0	0	1014.50	
1955	10	7	0	0	0	1013.20	
1955	10	7	6	0	0	1014.30	
1955	10	7	12	0	0	1015.20	
1955	10	7	18	0	0	1017.00	
1955	10	8	0	0	0	1018.10	
1955	10	8	6	0	0	1018.40	
1955	10	8	12	0	0	1020.10	
1955	10	8	18	0	0	1023.60	
1955	10	9	0	0	0	1025.50	
1955	10	9	6	0	0	1028.60	
1955	10	9	12	0	0	1030.30	
1955	10	9	18	0	0	1031.70	
1955	10	10	0	0	0	1032.80	
1955	10	10	12	0	0	1032.20	
1955	10	10	18	0	0	1031.10	
1955	10	11	0	0	0	1031.00	
1955	10	11	12	0	0	1027.40	
1955	10	11	18	0	0	1026.30	
1955	10	12	0	0	0	1025.50	
1955	10	12	6	0	0	1024.60	
1955	10	12	12	0	0	1022.70	
1955	10	12	18	0	0	1022.60	
1955	10	13	0	0	0	1022.50	
1955	10	13	6	0	0	1023.40	
1955	10	13	12	0	0	1022.00	
1955	10	13	18	0	0	1023.10	
1955	10	14	6	0	0	1021.60	
1955	10	14	12	0	0	1020.20	
1955	10	14	18	0	0	1017.90	
1955	10	15	0	0	0	1016.40	
1955	10	15	6	0	0	1008.90	
1955	10	15	12	0	0	1004.70	
1955	10	15	18	0	0	1001.50	
1955	10	16	0	0	0	997.20	
1955	10	16	6	0	0	995.80	
1955	10	16	12	0	0	1000.30	
1955	10	16	18	0	0	1004.50	
1955	10	17	0	0	0	1004.70	
1955	10	17	6	0	0	1004.60	
1955	10	17	12	0	0	1002.90	
1955	10	17	18	0	0	1004.60	
1955	10	18	0	0	0	1006.00	
1955	10	18	6	0	0	1005.50	
1955	10	18	12	0	0	1005.50	
1955	10	18	18	0	0	1008.30	
1955	10	19	0	0	0	1009.80	
1955	10	19	6	0	0	1011.70	
1955	10	19	12	0	0	1013.30	
1955	10	19	18	0	0	1017.60	
1955	10	20	0	0	0	1020.70	
1955	10	20	6	0	0	1023.00	
1955	10	20	12	0	0	1021.50	
1955	10	21	6	0	0	1016.10	
1955	10	21	18	0	0	1010.80	
1955	10	22	0	0	0	1010.70	
1955	10	22	6	0	0	1011.00	
1955	10	22	12	0	0	1011.20	
1955	10	22	18	0	0	1013.70	
1955	10	23	0	0	0	1015.90	
1955	10	23	6	0	0	1017.40	
1955	10	23	18	0	0	1020.70	
1955	10	24	0	0	0	1021.30	
1955	10	24	6	0	0	1021.10	
1955	10	24	12	0	0	1018.60	
1955	10	24	18	0	0	1016.60	
1955	10	25	6	0	0	1011.30	
1955	10	25	12	0	0	1008.70	
1955	10	25	18	0	0	1007.50	
1955	10	26	0	0	0	1006.30	
1955	10	26	6	0	0	1002.30	
1955	10	26	12	0	0	996.00	
1955	10	27	0	0	0	998.90	
1955	10	27	6	0	0	1002.00	
1955	10	27	12	0	0	1003.90	
1955	10	27	18	0	0	1006.00	
1955	10	28	6	0	0	1005.60	
1955	10	28	12	0	0	1004.10	
1955	10	28	18	0	0	1004.00	
1955	10	29	0	0	0	1003.10	
1955	10	29	6	0	0	1003.50	
1955	10	29	12	0	0	1004.50	
1955	10	29	18	0	0	1008.60	
1955	10	30	0	0	0	1008.70	
1955	10	30	6	0	0	1007.40	
1955	10	30	12	0	0	1006.10	
1955	10	30	18	0	0	1006.60	
1955	10	31	0	0	0	1005.30	
1955	10	31	6	0	0	1004.30	
1955	10	31	18	0	0	1005.70	
1955	11	1	0	0	0	1014.30	
1955	11	1	12	0	0	1021.50	
1955	11	1	18	0	0	1024.60	
1955	11	2	0	0	0	1027.00	
1955	11	2	6	0	0	1026.40	
1955	11	2	12	0	0	1029.60	
1955	11	2	18	0	0	1029.50	
1955	11	3	6	0	0	1025.90	
1955	11	3	12	0	0	1024.60	
1955	11	3	18	0	0	1022.80	
1955	11	4	0	0	0	1022.20	
1955	11	4	6	0	0	1020.80	
1955	11	4	12	0	0	1019.50	
1955	11	4	18	0	0	1019.20	
1955	11	5	0	0	0	1019.40	
1955	11	5	6	0	0	1019.10	
1955	11	5	12	0	0	1018.70	
1955	11	5	18	0	0	1018.40	
1955	11	6	6	0	0	1019.00	
1955	11	6	12	0	0	1019.60	
1955	11	6	18	0	0	1021.40	
1955	11	7	0	0	0	1022.50	
1955	11	7	6	0	0	1023.20	
1955	11	7	18	0	0	1022.50	
1955	11	8	0	0	0	1022.20	
1955	11	8	6	0	0	1022.50	
1955	11	8	12	0	0	1022.20	
1955	11	8	18	0	0	1022.60	
1955	11	9	0	0	0	1022.00	
1955	11	9	6	0	0	1020.40	
1955	11	9	12	0	0	1019.40	
1955	11	9	18	0	0	1017.70	
1955	11	10	0	0	0	1016.80	
1955	11	10	6	0	0	1016.70	
1955	11	10	12	0	0	1016.80	
1955	11	10	18	0	0	1018.40	
1955	11	11	6	0	0	1020.40	
1955	11	11	12	0	0	1021.60	
1955	11	11	18	0	0	1023.50	
1955	11	12	0	0	0	1024.70	
1955	11	12	6	0	0	1025.30	
1955	11	12	12	0	0	1026.00	
1955	11	12	18	0	0	1024.60	
1955	11	13	0	0	0	1021.90	
1955	11	13	12	0	0	1014.60	
1955	11	13	18	0	0	1013.00	
1955	11	14	0	0	0	1010.90	
1955	11	14	6	0	0	1011.40	
1955	11	14	12	0	0	1011.90	
1955	11	14	18	0	0	1013.40	
1955	11	15	6	0	0	1016.30	
1955	11	15	12	0	0	1018.90	
1955	11	15	18	0	0	1021.10	
1955	11	16	6	0	0	1019.80	
1955	11	16	18	0	0	1021.10	
1955	11	17	0	0	0	1024.90	
1955	11	17	6	0	0	1028.60	
1955	11	17	12	0	0	1031.10	
1955	11	17	18	0	0	1033.20	
1955	11	18	0	0	0	1033.40	
1955	11	18	6	0	0	1031.70	
1955	11	18	12	0	0	1029.70	
1955	11	18	18	0	0	1028.30	
1955	11	19	6	0	0	1028.20	
1955	11	19	12	0	0	1028.90	
1955	11	19	18	0	0	1028.50	
1955	11	20	12	0	0	1010.60	
1955	11	20	18	0	0	1010.50	
1955	11	21	0	0	0	1013.10	
1955	11	21	6	0	0	1016.90	
1955	11	21	12	0	0	1018.90	
1955	11	21	18	0	0	1019.90	
1955	11	22	6	0	0	1012.40	
1955	11	22	12	0	0	1011.60	
1955	11	22	18	0	0	1011.20	
1955	11	23	0	0	0	1005.60	
1955	11	23	6	0	0	994.10	
1955	11	23	12	0	0	988.00	
1955	11	23	18	0	0	984.90	
1955	11	24	0	0	0	984.60	
1955	11	24	6	0	0	984.40	
1955	11	24	12	0	0	984.40	
1955	11	24	18	0	0	987.90	
1955	11	25	6	0	0	1001.20	
1955	11	25	12	0	0	1007.90	
1955	11	25	18	0	0	1014.50	
1955	11	26	6	0	0	1014.00	
1955	11	26	18	0	0	1009.90	
1955	11	27	0	0	0	1005.40	
1955	11	27	6	0	0	1001.60	
1955	11	27	18	0	0	1003.40	
1955	11	28	6	0	0	1000.50	
1955	11	28	12	0	0	1002.80	
1955	11	28	18	0	0	1009.40	
1955	11	29	0	0	0	1016.80	
1955	11	29	6	0	0	1023.10	
1955	11	29	12	0	0	1027.80	
1955	11	29	18	0	0	1033.40	
1955	11	30	6	0	0	1035.40	
1955	11	30	12	0	0	1030.90	
1955	11	30	18	0	0	1027.10	
1955	12	1	6	0	0	1019.60	
1955	12	1	12	0	0	1018.90	
1955	12	1	18	0	0	1017.20	
1955	12	2	0	0	0	1015.80	
1955	12	2	6	0	0	1014.60	
1955	12	2	12	0	0	1013.60	
1955	12	2	18	0	0	1014.20	
1955	12	3	6	0	0	1017.40	
1955	12	3	12	0	0	1013.40	
1955	12	3	18	0	0	1006.80	
1955	12	4	6	0	0	1002.90	
1955	12	4	12	0	0	1001.70	
1955	12	4	18	0	0	1005.00	
1955	12	5	0	0	0	1011.60	
1955	12	5	6	0	0	1017.50	
1955	12	5	12	0	0	1019.50	
1955	12	5	18	0	0	1017.60	
1955	12	6	0	0	0	1012.50	
1955	12	6	6	0	0	1003.70	
1955	12	6	12	0	0	997.80	
1955	12	6	18	0	0	998.40	
1955	12	7	0	0	0	1002.90	
1955	12	7	6	0	0	1002.70	
1955	12	7	12	0	0	995.30	
1955	12	7	18	0	0	991.50	
1955	12	8	0	0	0	990.10	
1955	12	8	6	0	0	990.10	
1955	12	8	12	0	0	992.90	
1955	12	8	18	0	0	1000.30	
1955	12	9	0	0	0	1003.30	
1955	12	9	6	0	0	998.40	
1955	12	9	12	0	0	998.40	
1955	12	9	18	0	0	1000.80	
1955	12	10	0	0	0	999.80	
1955	12	10	6	0	0	999.20	
1955	12	10	12	0	0	999.40	
1955	12	10	18	0	0	995.70	
1955	12	11	0	0	0	989.20	
1955	12	11	6	0	0	984.90	
1955	12	11	18	0	0	990.10	
1955	12	12	6	0	0	1008.00	
1955	12	12	12	0	0	1012.50	
1955	12	13	0	0	0	1017.20	
1955	12	13	6	0	0	1012.50	
1955	12	13	12	0	0	1007.50	
1955	12	13	18	0	0	1018.20	
1955	12	14	0	0	0	1022.40	
1955	12	14	6	0	0	1021.40	
1955	12	14	12	0	0	1018.60	
1955	12	14	18	0	0	1013.80	
1955	12	15	0	0	0	1010.60	
1955	12	15	6	0	0	1005.60	
1955	12	15	12	0	0	1000.60	
1955	12	15	18	0	0	994.60	
1955	12	16	0	0	0	991.10	
1955	12	16	6	0	0	990.00	
1955	12	16	12	0	0	990.80	
1955	12	16	18	0	0	993.70	
1955	12	17	0	0	0	996.70	
1955	12	17	6	0	0	1000.10	
1955	12	17	12	0	0	1000.40	
1955	12	17	18	0	0	1000.20	
1955	12	18	0	0	0	999.10	
1955	12	18	6	0	0	998.40	
1955	12	18	18	0	0	1000.10	
1955	12	19	0	0	0	1002.00	
1955	12	19	12	0	0	1003.70	
1955	12	19	18	0	0	1004.70	
1955	12	20	0	0	0	1005.90	
1955	12	20	6	0	0	1009.40	
1955	12	20	12	0	0	1013.10	
1955	12	20	18	0	0	1013.10	
1955	12	21	0	0	0	1012.80	
1955	12	21	6	0	0	1012.20	
1955	12	21	12	0	0	1010.10	
1955	12	21	18	0	0	1009.20	
1955	12	22	0	0	0	1007.20	
1955	12	22	6	0	0	1004.90	
1955	12	22	12	0	0	1002.90	
1955	12	22	18	0	0	1003.00	
1955	12	23	0	0	0	1003.90	
1955	12	23	12	0	0	1010.70	
1955	12	23	18	0	0	1014.70	
1955	12	24	0	0	0	1014.40	
1955	12	24	6	0	0	1012.70	
1955	12	24	18	0	0	1008.80	
1955	12	25	0	0	0	1007.70	
1955	12	25	6	0	0	1007.20	
1955	12	25	18	0	0	1012.10	
1955	12	26	0	0	0	1013.90	
1955	12	26	6	0	0	1016.80	
1955	12	26	12	0	0	1020.10	
1955	12	26	18	0	0	1021.40	
1955	12	27	0	0	0	1008.60	qc_reject
1955	12	27	12	0	0	1012.30	
1955	12	27	18	0	0	1012.80	
1955	12	28	6	0	0	1014.60	
1955	12	28	12	0	0	1013.50	
1955	12	28	18	0	0	1008.10	
1955	12	29	0	0	0	998.30	
1955	12	29	6	0	0	993.60	
1955	12	29	12	0	0	991.80	
1955	12	29	18	0	0	991.80	
1955	12	30	0	0	0	992.10	
1955	12	30	6	0	0	991.80	
1955	12	31	12	0	0	1000.40	
1955	12	31	18	0	0	1003.80	
1956	1	1	0	0	0	1003.00	
1956	1	1	12	0	0	1001.00	
1956	1	1	18	0	0	1000.80	
1956	1	2	0	0	0	1001.50	
1956	1	2	6	0	0	1002.90	
1956	1	2	12	0	0	1006.60	
1956	1	2	18	0	0	1011.40	
1956	1	3	6	0	0	1019.80	
1956	1	3	12	0	0	1024.60	
1956	1	3	18	0	0	1026.60	
1956	1	4	0	0	0	1025.50	
1956	1	4	6	0	0	1024.40	
1956	1	4	12	0	0	1023.00	
1956	1	5	0	0	0	1021.90	
1956	1	5	6	0	0	1024.20	
1956	1	5	12	0	0	1027.80	
1956	1	5	18	0	0	1031.00	
1956	1	6	0	0	0	1033.60	
1956	1	6	6	0	0	1035.50	
1956	1	6	12	0	0	1037.00	
1956	1	6	18	0	0	1036.80	
1956	1	7	0	0	0	1036.00	
1956	1	7	6	0	0	1033.30	
1956	1	7	18	0	0	1024.80	
1956	1	8	6	0	0	1016.10	
1956	1	8	12	0	0	1013.50	
1956	1	8	18	0	0	1011.70	
1956	1	9	0	0	0	1009.20	
1956	1	9	6	0	0	1008.50	
1956	1	9	12	0	0	1010.00	
1956	1	9	18	0	0	1011.30	
1956	1	10	0	0	0	1011.30	
1956	1	10	6	0	0	1011.00	
1956	1	10	12	0	0	1011.00	
1956	1	10	18	0	0	1011.30	
1956	1	11	6	0	0	1009.00	
1956	1	11	18	0	0	1009.90	
1956	1	12	6	0	0	1011.50	
1956	1	12	12	0	0	1011.80	
1956	1	12	18	0	0	1011.60	
1956	1	13	0	0	0	1008.70	
1956	1	13	6	0	0	1003.80	
1956	1	13	12	0	0	1002.10	
1956	1	13	18	0	0	1006.30	
1956	1	14	0	0	0	1007.30	
1956	1	14	6	0	0	1007.80	
1956	1	14	18	0	0	1010.80	
1956	1	15	6	0	0	1008.20	
1956	1	15	18	0	0	1001.00	
1956	1	16	0	0	0	998.00	
1956	1	16	6	0	0	995.20	
1956	1	16	12	0	0	996.80	
1956	1	16	18	0	0	1001.40	
1956	1	17	0	0	0	1004.90	
1956	1	17	6	0	0	1003.50	
1956	1	17	12	0	0	995.40	
1956	1	17	18	0	0	993.80	
1956	1	18	0	0	0	998.00	
1956	1	18	6	0	0	999.80	
1956	1	18	12	0	0	996.80	
1956	1	18	18	0	0	991.40	
1956	1	19	0	0	0	987.10	
1956	1	19	6	0	0	989.20	
1956	1	19	12	0	0	993.80	
1956	1	19	18	0	0	997.10	
1956	1	20	6	0	0	998.20	
1956	1	20	18	0	0	1008.60	
1956	1	21	0	0	0	1005.40	
1956	1	21	6	0	0	999.20	
1956	1	21	12	0	0	994.40	
1956	1	21	18	0	0	993.40	
1956	1	22	0	0	0	997.00	
1956	1	22	6	0	0	1000.80	
1956	1	23	0	0	0	1001.20	
1956	1	23	6	0	0	1005.00	
1956	1	23	12	0	0	1010.00	
1956	1	23	18	0	0	1011.30	
1956	1	24	0	0	0	1006.60	
1956	1	24	6	0	0	996.90	
1956	1	24	18	0	0	990.80	
1956	1	25	0	0	0	990.30	
1956	1	25	6	0	0	994.20	
1956	1	25	12	0	0	1005.70	
1956	1	25	18	0	0	1012.70	
1956	1	26	0	0	0	1016.30	
1956	1	26	6	0	0	1017.30	
1956	1	27	0	0	0	1020.70	
1956	1	27	6	0	0	1019.80	
1956	1	27	12	0	0	1021.50	
1956	1	27	18	0	0	1022.40	
1956	1	28	0	0	0	1024.20	
1956	1	28	6	0	0	1026.60	
1956	1	28	12	0	0	1022.80	
1956	1	29	0	0	0	1027.00	
1956	1	29	6	0	0	1027.30	
1956	1	29	12	0	0	1028.10	
1956	1	29	18	0	0	1029.70	
1956	1	30	0	0	0	1031.40	
1956	1	30	6	0	0	1031.10	
1956	1	30	12	0	0	1030.60	
1956	1	30	18	0	0	1031.00	
1956	1	31	0	0	0	1031.10	
1956	1	31	6	0	0	1030.70	
1956	1	31	12	0	0	1030.80	
1956	1	31	18	0	0	1033.10	
1956	2	1	0	0	0	1035.50	
1956	2	1	6	0	0	1035.50	
1956	2	1	12	0	0	1031.50	
1956	2	1	18	0	0	1027.30	
1956	2	2	0	0	0	1022.10	
1956	2	2	6	0	0	1022.70	
1956	2	2	12	0	0	1024.60	
1956	2	2	18	0	0	1029.00	
1956	2	3	0	0	0	1029.70	
1956	2	3	6	0	0	1029.80	
1956	2	3	12	0	0	1028.90	
1956	2	3	18	0	0	1029.10	
1956	2	4	0	0	0	1030.20	
1956	2	4	6	0	0	1030.60	
1956	2	4	12	0	0	1030.50	
1956	2	4	18	0	0	1030.50	
1956	2	5	6	0	0	1025.30	
1956	2	5	12	0	0	1023.00	
1956	2	5	18	0	0	1024.20	
1956	2	6	0	0	0	1026.90	
1956	2	6	6	0	0	1026.70	
1956	2	6	12	0	0	1022.50	
1956	2	6	18	0	0	1018.90	
1956	2	7	6	0	0	1026.30	
1956	2	7	12	0	0	1026.40	
1956	2	7	18	0	0	1026.20	
1956	2	8	6	0	0	1025.40	
1956	2	8	12	0	0	1022.70	
1956	2	8	18	0	0	1023.70	
1956	2	9	0	0	0	1026.40	
1956	2	9	6	0	0	1027.20	
1956	2	9	18	0	0	1027.10	
1956	2	10	0	0	0	1027.50	
1956	2	10	6	0	0	1027.10	
1956	2	10	12	0	0	1028.80	
1956	2	10	18	0	0	1030.60	
1956	2	11	0	0	0	1032.40	
1956	2	11	6	0	0	1031.90	
1956	2	11	12	0	0	1027.60	
1956	2	11	18	0	0	1024.30	
1956	2	12	0	0	0	1019.10	
1956	2	12	6	0	0	1012.60	
1956	2	12	12	0	0	1005.70	
1956	2	12	18	0	0	1002.30	
1956	2	13	0	0	0	1001.90	
1956	2	13	12	0	0	997.40	
1956	2	13	18	0	0	988.40	
1956	2	14	0	0	0	990.20	
1956	2	14	6	0	0	1000.40	
1956	2	14	12	0	0	1005.20	
1956	2	14	18	0	0	1004.60	
1956	2	15	0	0	0	1001.90	
1956	2	15	6	0	0	1001.30	
1956	2	15	12	0	0	1006.20	
1956	2	15	18	0	0	1013.20	
1956	2	16	0	0	0	1014.10	
1956	2	16	6	0	0	1016.70	
1956	2	16	12	0	0	1022.90	
1956	2	16	18	0	0	1024.10	
1956	2	17	6	0	0	1023.90	
1956	2	17	12	0	0	1024.70	
1956	2	17	18	0	0	1026.80	
1956	2	18	0	0	0	1028.40	
1956	2	18	6	0	0	1030.00	
1956	2	18	12	0	0	1028.10	
1956	2	18	18	0	0	1025.80	
1956	2	19	0	0	0	1020.80	
1956	2	19	6	0	0	1017.80	
1956	2	19	12	0	0	1018.10	
1956	2	19	18	0	0	1020.70	
1956	2	20	0	0	0	1022.90	
1956	2	20	6	0	0	1025.30	
1956	2	20	12	0	0	1026.50	
1956	2	20	18	0	0	1029.10	
1956	2	21	0	0	0	1031.40	
1956	2	21	6	0	0	1032.60	
1956	2	21	18	0	0	1031.40	
1956	2	22	0	0	0	1031.30	
1956	2	22	6	0	0	1029.70	
1956	2	22	12	0	0	1026.70	
1956	2	22	18	0	0	1025.10	
1956	2	23	0	0	0	1022.80	
1956	2	23	6	0	0	1021.40	
1956	2	23	12	0	0	1021.10	
1956	2	23	18	0	0	1021.90	
1956	2	24	6	0	0	1024.10	
1956	2	24	12	0	0	1025.20	
1956	2	24	18	0	0	1025.80	
1956	2	25	0	0	0	1026.60	
1956	2	25	6	0	0	1025.70	
1956	2	25	12	0	0	1024.20	
1956	2	25	18	0	0	1024.80	
1956	2	26	0	0	0	1027.60	
1956	2	26	12	0	0	1027.50	
1956	2	27	0	0	0	1023.10	
1956	2	27	6	0	0	1019.00	
1956	2	27	18	0	0	1014.20	
1956	2	28	0	0	0	1012.00	
1956	2	28	6	0	0	1010.00	
1956	2	28	12	0	0	1009.20	
1956	2	28	18	0	0	1009.50	
1956	2	29	0	0	0	1011.10	
1956	2	29	6	0	0	1013.10	
1956	2	29	12	0	0	1012.20	
1956	2	29	18	0	0	1006.70	
1956	3	1	0	0	0	1001.00	
1956	3	1	6	0	0	995.30	
1956	3	2	0	0	0	1000.90	
1956	3	2	6	0	0	988.70	
1956	3	2	12	0	0	975.70	
1956	3	2	18	0	0	973.50	
1956	3	3	0	0	0	978.00	
1956	3	3	6	0	0	985.00	
1956	3	3	12	0	0	990.40	
1956	3	3	18	0	0	996.30	
1956	3	4	0	0	0	1000.40	
1956	3	4	6	0	0	1000.10	
1956	3	4	12	0	0	995.90	
1956	3	4	18	0	0	993.60	
1956	3	5	0	0	0	993.90	
1956	3	5	6	0	0	993.30	
1956	3	5	12	0	0	995.80	
1956	3	6	0	0	0	1003.40	
1956	3	6	6	0	0	1005.90	
1956	3	6	12	0	0	1007.90	
1956	3	6	18	0	0	1011.10	
1956	3	7	0	0	0	1006.20	
1956	3	7	6	0	0	998.50	
1956	3	7	12	0	0	996.70	
1956	3	7	18	0	0	1001.00	
1956	3	8	0	0	0	1008.20	
1956	3	8	6	0	0	1014.00	
1956	3	8	12	0	0	1019.20	
1956	3	8	18	0	0	1024.30	
1956	3	9	0	0	0	1027.30	
1956	3	9	6	0	0	1027.90	
1956	3	9	12	0	0	1026.10	
1956	3	9	18	0	0	1024.90	
1956	3	10	0	0	0	1024.50	
1956	3	10	6	0	0	1024.10	
1956	3	10	12	0	0	1024.80	
1956	3	10	18	0	0	1026.80	
1956	3	11	0	0	0	1027.80	
1956	3	11	6	0	0	1026.20	
1956	3	11	12	0	0	1026.40	
1956	3	11	18	0	0	1027.30	
1956	3	12	0	0	0	1029.80	
1956	3	12	6	0	0	1030.60	
1956	3	12	18	0	0	1028.30	
1956	3	13	0	0	0	1026.90	
1956	3	13	6	0	0	1025.80	
1956	3	13	12	0	0	1026.30	
1956	3	13	18	0	0	1027.60	
1956	3	14	0	0	0	1028.40	
1956	3	14	6	0	0	1027.80	
1956	3	14	12	0	0	1027.00	
1956	3	14	18	0	0	1026.50	
1956	3	15	0	0	0	1026.10	
1956	3	15	6	0	0	1025.30	
1956	3	15	12	0	0	1025.10	
1956	3	15	18	0	0	1025.90	
1956	3	16	0	0	0	1028.40	
1956	3	16	6	0	0	1030.30	
1956	3	16	12	0	0	1032.00	
1956	3	16	18	0	0	1032.50	
1956	3	17	6	0	0	1035.50	
1956	3	17	12	0	0	1035.30	
1956	3	17	18	0	0	1036.20	
1956	3	18	6	0	0	1038.20	
1956	3	18	12	0	0	1037.30	
1956	3	18	18	0	0	1035.50	
1956	3	19	6	0	0	1038.80	
1956	3	19	18	0	0	1037.70	
1956	3	20	0	0	0	1037.00	
1956	3	20	6	0	0	1035.80	
1956	3	20	12	0	0	1033.50	
1956	3	20	18	0	0	1032.50	
1956	3	21	0	0	0	1032.60	
1956	3	21	6	0	0	1032.40	
1956	3	21	12	0	0	1030.60	
1956	3	21	18	0	0	1030.30	
1956	3	22	0	0	0	1031.50	
1956	3	22	6	0	0	1032.10	
1956	3	22	12	0	0	1031.60	
1956	3	22	18	0	0	1033.00	
1956	3	23	0	0	0	1034.30	
1956	3	23	6	0	0	1035.70	
1956	3	23	18	0	0	1034.80	
1956	3	24	0	0	0	1033.20	
1956	3	24	6	0	0	1032.00	
1956	3	24	12	0	0	1029.70	
1956	3	24	18	0	0	1029.10	
1956	3	25	0	0	0	1028.60	
1956	3	25	12	0	0	1025.60	
1956	3	25	18	0	0	1026.00	
1956	3	26	0	0	0	1027.30	
1956	3	26	12	0	0	1029.20	
1956	3	27	6	0	0	1033.60	
1956	3	27	12	0	0	1034.30	
1956	3	27	18	0	0	1035.10	
1956	3	28	0	0	0	1036.00	
1956	3	28	18	0	0	1030.20	
1956	3	29	0	0	0	1025.10	
1956	3	29	6	0	0	1024.70	
1956	3	29	12	0	0	1025.30	
1956	3	30	0	0	0	1028.00	
1956	3	30	6	0	0	1025.80	
1956	3	30	12	0	0	1023.10	
1956	3	30	18	0	0	1020.10	
1956	3	31	0	0	0	1018.20	
1956	3	31	12	0	0	1015.90	
1956	4	1	0	0	0	1014.00	
1956	4	1	6	0	0	1012.60	
1956	4	1	18	0	0	1012.50	
1956	4	2	0	0	0	1013.00	
1956	4	2	6	0	0	1011.90	
1956	4	2	18	0	0	1007.30	
1956	4	3	0	0	0	1000.60	
1956	4	3	6	0	0	1000.80	
1956	4	3	18	0	0	999.90	
1956	4	4	0	0	0	995.50	
1956	4	4	18	0	0	1003.10	
1956	4	5	0	0	0	1004.70	
1956	4	5	12	0	0	1005.50	
1956	4	5	18	0	0	1006.40	
1956	4	6	0	0	0	1005.30	
1956	4	6	6	0	0	1004.40	
1956	4	6	12	0	0	1003.50	
1956	4	6	18	0	0	1005.00	
1956	4	7	0	0	0	1004.70	
1956	4	7	6	0	0	1004.30	
1956	4	7	18	0	0	1005.90	
1956	4	8	0	0	0	1006.10	
1956	4	8	6	0	0	1006.50	
1956	4	8	18	0	0	1009.90	
1956	4	9	0	0	0	1009.70	
1956	4	9	6	0	0	1010.70	
1956	4	9	12	0	0	1011.60	
1956	4	9	18	0	0	1011.50	
1956	4	10	0	0	0	1008.20	
1956	4	10	6	0	0	1006.50	
1956	4	10	18	0	0	1004.50	
1956	4	11	0	0	0	1001.20	
1956	4	11	6	0	0	994.30	
1956	4	11	12	0	0	998.60	
1956	4	11	18	0	0	1000.50	
1956	4	12	0	0	0	1000.90	
1956	4	12	6	0	0	1000.40	
1956	4	12	12	0	0	1000.80	
1956	4	12	18	0	0	1002.70	
1956	4	13	0	0	0	1004.60	
1956	4	13	12	0	0	1008.00	
1956	4	13	18	0	0	1008.90	
1956	4	14	0	0	0	1009.90	
1956	4	14	6	0	0	1009.00	
1956	4	14	12	0	0	1007.40	
1956	4	14	18	0	0	1004.70	
1956	4	15	0	0	0	1004.60	
1956	4	15	6	0	0	1003.20	
1956	4	15	12	0	0	1000.30	
1956	4	15	18	0	0	999.60	
1956	4	16	6	0	0	1006.60	
1956	4	16	12	0	0	1011.00	
1956	4	16	18	0	0	1012.80	
1956	4	17	0	0	0	1011.90	
1956	4	17	6	0	0	1007.60	
1956	4	17	12	0	0	1002.70	
1956	4	17	18	0	0	1002.40	
1956	4	18	0	0	0	1007.50	
1956	4	18	6	0	0	1014.10	
1956	4	18	12	0	0	1017.00	
1956	4	18	18	0	0	1017.40	
1956	4	19	0	0	0	1015.50	
1956	4	19	6	0	0	1014.00	
1956	4	19	12	0	0	1013.70	
1956	4	19	18	0	0	1013.80	
1956	4	20	0	0	0	1014.50	
1956	4	20	6	0	0	1014.70	
1956	4	20	12	0	0	1014.70	
1956	4	20	18	0	0	1014.60	
1956	4	21	0	0	0	1015.70	
1956	4	21	6	0	0	1012.00	
1956	4	21	12	0	0	1011.20	
1956	4	21	18	0	0	1009.60	
1956	4	22	0	0	0	1007.30	
1956	4	22	12	0	0	1004.30	
1956	4	22	18	0	0	1004.40	
1956	4	23	0	0	0	1004.80	
1956	4	23	6	0	0	1005.80	
1956	4	23	12	0	0	1007.30	
1956	4	23	18	0	0	1009.20	
1956	4	24	6	0	0	1011.50	
1956	4	24	12	0	0	1011.30	
1956	4	24	18	0	0	1011.00	
1956	4	25	0	0	0	1011.10	
1956	4	25	6	0	0	1010.90	
1956	4	25	12	0	0	1011.30	
1956	4	25	18	0	0	1010.80	
1956	4	26	0	0	0	1010.20	
1956	4	26	6	0	0	1010.60	
1956	4	26	18	0	0	1010.30	
1956	4	27	6	0	0	1010.80	
1956	4	27	12	0	0	1009.60	
1956	4	27	18	0	0	1010.00	
1956	4	28	0	0	0	1011.30	
1956	4	28	6	0	0	1011.50	
1956	4	28	18	0	0	1010.00	
1956	4	29	12	0	0	1005.60	
1956	4	29	18	0	0	1005.80	
1956	4	30	0	0	0	1006.40	
1956	4	30	6	0	0	1006.90	
1956	4	30	12	0	0	1006.60	
1956	5	1	0	0	0	1007.80	
1956	5	1	6	0	0	1008.30	
1956	5	1	12	0	0	1009.10	
1956	5	1	18	0	0	1011.80	
1956	5	2	0	0	0	1014.90	
1956	5	2	6	0	0	1017.20	
1956	5	2	12	0	0	1017.20	
1956	5	2	18	0	0	1018.70	
1956	5	3	6	0	0	1020.80	
1956	5	3	12	0	0	1020.60	
1956	5	3	18	0	0	1021.80	
1956	5	4	0	0	0	1023.80	
1956	5	4	6	0	0	1025.40	
1956	5	4	18	0	0	1025.30	
1956	5	5	6	0	0	1026.20	
1956	5	5	12	0	0	1024.60	
1956	5	5	18	0	0	1025.00	
1956	5	6	0	0	0	1026.70	
1956	5	6	6	0	0	1024.80	
1956	5	6	12	0	0	1022.30	
1956	5	6	18	0	0	1020.00	
1956	5	7	0	0	0	1019.20	
1956	5	7	6	0	0	1018.80	
1956	5	7	12	0	0	1015.60	
1956	5	7	18	0	0	1011.10	
1956	5	8	0	0	0	1009.70	
1956	5	8	6	0	0	1008.20	
1956	5	8	12	0	0	1010.50	
1956	5	8	18	0	0	1012.30	
1956	5	9	0	0	0	1012.20	
1956	5	9	6	0	0	1009.70	
1956	5	9	12	0	0	1009.70	
1956	5	9	18	0	0	1010.80	
1956	5	10	0	0	0	1012.60	
1956	5	10	6	0	0	1012.30	
1956	5	10	12	0	0	1008.60	
1956	5	10	18	0	0	1006.90	
1956	5	11	0	0	0	1006.50	
1956	5	11	6	0	0	1007.90	
1956	5	11	12	0	0	1009.70	
1956	5	11	18	0	0	1012.50	
1956	5	12	0	0	0	1013.70	
1956	5	12	6	0	0	1013.90	
1956	5	12	18	0	0	1013.70	
1956	5	13	0	0	0	1016.40	
1956	5	13	6	0	0	1017.70	
1956	5	13	12	0	0	1018.00	
1956	5	13	18	0	0	1020.70	
1956	5	14	0	0	0	1022.00	
1956	5	14	6	0	0	1021.60	
1956	5	14	12	0	0	1020.50	
1956	5	14	18	0	0	1020.00	
1956	5	15	6	0	0	1018.50	
1956	5	15	12	0	0	1019.10	
1956	5	15	18	0	0	1020.00	
1956	5	16	0	0	0	1020.20	
1956	5	16	6	0	0	1019.80	
1956	5	16	12	0	0	1018.90	
1956	5	16	18	0	0	1017.00	
1956	5	17	0	0	0	1015.60	
1956	5	17	6	0	0	1016.30	
1956	5	17	12	0	0	1015.00	
1956	5	17	18	0	0	1014.30	
1956	5	18	0	0	0	1014.30	
1956	5	18	6	0	0	1012.00	
1956	5	18	12	0	0	1011.00	
1956	5	18	18	0	0	1011.40	
1956	5	19	0	0	0	1012.30	
1956	5	19	6	0	0	1011.80	
1956	5	19	12	0	0	1008.50	
1956	5	19	18	0	0	1007.80	
1956	5	20	0	0	0	1010.00	
1956	5	20	6	0	0	1011.50	
1956	5	20	12	0	0	1014.10	
1956	5	20	18	0	0	1014.90	
1956	5	21	0	0	0	1017.40	
1956	5	21	6	0	0	1018.50	
1956	5	21	12	0	0	1018.30	
1956	5	21	18	0	0	1018.20	
1956	5	22	0	0	0	1020.00	
1956	5	22	6	0	0	1020.90	
1956	5	22	12	0	0	1020.70	
1956	5	22	18	0	0	1019.70	
1956	5	23	0	0	0	1022.00	
1956	5	23	6	0	0	1022.20	
1956	5	23	12	0	0	1021.90	
1956	5	23	18	0	0	1021.70	
1956	5	24	0	0	0	1023.60	
1956	5	24	6	0	0	1023.70	
1956	5	24	12	0	0	1022.80	
1956	5	24	18	0	0	1021.70	
1956	5	25	0	0	0	1022.70	
1956	5	25	6	0	0	1021.80	
1956	5	25	12	0	0	1019.10	
1956	5	25	18	0	0	1017.40	
1956	5	26	0	0	0	1019.60	
1956	5	26	6	0	0	1020.40	
1956	5	26	12	0	0	1019.30	
1956	5	26	18	0	0	1018.00	
1956	5	27	0	0	0	1017.60	
1956	5	27	6	0	0	1016.20	
1956	5	27	18	0	0	1014.10	
1956	5	28	0	0	0	1014.40	
1956	5	28	6	0	0	1017.60	
1956	5	28	12	0	0	1018.20	
1956	5	28	18	0	0	1016.60	
1956	5	29	0	0	0	1017.20	
1956	5	29	6	0	0	1016.20	
1956	5	29	12	0	0	1013.20	
1956	5	29	18	0	0	1012.80	
1956	5	30	0	0	0	1015.10	
1956	5	30	6	0	0	1017.80	
1956	5	30	12	0	0	1017.00	
1956	5	30	18	0	0	1016.70	
1956	5	31	0	0	0	1018.70	
1956	5	31	6	0	0	1019.60	
1956	5	31	12	0	0	1017.60	
1956	5	31	18	0	0	1015.40	
1956	6	1	6	0	0	1013.50	
1956	6	1	12	0	0	1011.10	
1956	6	1	18	0	0	1011.00	
1956	6	2	0	0	0	1013.60	
1956	6	2	6	0	0	1017.10	
1956	6	2	12	0	0	1018.40	
1956	6	2	18	0	0	1018.50	
1956	6	3	0	0	0	1020.10	
1956	6	3	6	0	0	1020.20	
1956	6	3	12	0	0	1017.70	
1956	6	3	18	0	0	1015.50	
1956	6	4	0	0	0	1015.70	
1956	6	4	6	0	0	1015.30	
1956	6	4	12	0	0	1013.70	
1956	6	4	18	0	0	1012.40	
1956	6	5	0	0	0	1013.50	
1956	6	5	6	0	0	1011.80	
1956	6	5	12	0	0	1011.20	
1956	6	5	18	0	0	1011.40	
1956	6	6	0	0	0	1015.10	
1956	6	6	6	0	0	1017.80	
1956	6	6	12	0	0	1017.90	
1956	6	6	18	0	0	1017.00	
1956	6	7	0	0	0	1016.30	
1956	6	7	6	0	0	1017.00	
1956	6	7	12	0	0	1015.00	
1956	6	7	18	0	0	1015.60	
1956	6	8	6	0	0	1016.50	
1956	6	8	12	0	0	1016.70	
1956	6	8	18	0	0	1015.30	
1956	6	9	0	0	0	1017.00	
1956	6	9	12	0	0	1016.60	
1956	6	10	0	0	0	1019.40	
1956	6	10	6	0	0	1018.70	
1956	6	10	12	0	0	1017.80	
1956	6	10	18	0	0	1020.50	
1956	6	11	0	0	0	1022.60	
1956	6	11	6	0	0	1023.90	
1956	6	11	12	0	0	1023.70	
1956	6	11	18	0	0	1022.10	
1956	6	12	0	0	0	1023.30	
1956	6	12	6	0	0	1020.40	
1956	6	12	12	0	0	1016.50	
1956	6	12	18	0	0	1015.00	
1956	6	13	0	0	0	1016.20	
1956	6	13	6	0	0	1016.50	
1956	6	13	12	0	0	1017.10	
1956	6	13	18	0	0	1018.80	
1956	6	14	6	0	0	1022.50	
1956	6	14	18	0	0	1020.30	
1956	6	15	0	0	0	1020.40	
1956	6	15	6	0	0	1017.20	
1956	6	15	12	0	0	1014.70	
1956	6	15	18	0	0	1010.40	
1956	6	16	0	0	0	1009.70	
1956	6	16	6	0	0	1013.10	
1956	6	16	12	0	0	1016.30	
1956	6	16	18	0	0	1017.90	
1956	6	17	0	0	0	1018.80	
1956	6	17	6	0	0	1021.30	
1956	6	17	12	0	0	1021.20	
1956	6	17	18	0	0	1020.00	
1956	6	18	0	0	0	1020.50	
1956	6	18	6	0	0	1019.90	
1956	6	18	12	0	0	1018.00	
1956	6	18	18	0	0	1016.30	
1956	6	19	6	0	0	1015.90	
1956	6	19	12	0	0	1014.30	
1956	6	19	18	0	0	1013.20	
1956	6	20	0	0	0	1013.70	
1956	6	20	6	0	0	1010.70	
1956	6	20	18	0	0	1007.60	
1956	6	21	0	0	0	1007.40	
1956	6	21	6	0	0	1007.30	
1956	6	21	12	0	0	1007.10	
1956	6	21	18	0	0	1007.70	
1956	6	22	0	0	0	1008.70	
1956	6	22	6	0	0	1008.80	
1956	6	22	18	0	0	1008.20	
1956	6	23	0	0	0	1007.60	
1956	6	23	6	0	0	1007.50	
1956	6	23	12	0	0	1006.40	
1956	6	23	18	0	0	1003.70	
1956	6	24	0	0	0	1004.80	
1956	6	24	6	0	0	1003.70	
1956	6	24	12	0	0	1002.80	
1956	6	24	18	0	0	1001.20	
1956	6	25	0	0	0	1000.80	
1956	6	25	6	0	0	1000.90	
1956	6	25	12	0	0	1002.10	
1956	6	26	0	0	0	1009.10	
1956	6	26	6	0	0	1010.90	
1956	6	26	12	0	0	1011.20	
1956	6	26	18	0	0	1012.00	
1956	6	27	0	0	0	1012.70	
1956	6	27	6	0	0	1012.40	
1956	6	27	12	0	0	1010.60	
1956	6	27	18	0	0	1009.60	
1956	6	28	0	0	0	1010.30	
1956	6	28	6	0	0	1009.50	
1956	6	28	18	0	0	1010.30	
1956	6	29	0	0	0	1010.40	
1956	6	29	6	0	0	1010.20	
1956	6	29	12	0	0	1008.70	
1956	6	29	18	0	0	1007.90	
1956	6	30	0	0	0	1007.00	
1956	6	30	6	0	0	1009.10	
1956	6	30	12	0	0	1009.80	
1956	6	30	18	0	0	1011.60	
1956	7	1	0	0	0	1013.90	
1956	7	1	6	0	0	1016.10	
1956	7	1	12	0	0	1017.10	
1956	7	1	18	0	0	1017.40	
1956	7	2	0	0	0	1018.90	
1956	7	2	6	0	0	1018.00	
1956	7	2	12	0	0	1016.10	
1956	7	2	18	0	0	1015.10	
1956	7	3	0	0	0	1016.20	
1956	7	3	6	0	0	1017.00	
1956	7	3	12	0	0	1016.10	
1956	7	3	18	0	0	1016.00	
1956	7	4	0	0	0	1018.20	
1956	7	4	6	0	0	1019.00	
1956	7	4	12	0	0	1017.30	
1956	7	4	18	0	0	1017.70	
1956	7	5	0	0	0	1018.80	
1956	7	5	6	0	0	1018.10	
1956	7	5	12	0	0	1017.80	
1956	7	5	18	0	0	1016.60	
1956	7	6	0	0	0	1015.00	
1956	7	6	6	0	0	1008.70	
1956	7	6	12	0	0	1006.60	
1956	7	7	0	0	0	1007.30	
1956	7	7	6	0	0	1007.10	
1956	7	7	12	0	0	1008.80	
1956	7	7	18	0	0	1010.20	
1956	7	8	0	0	0	1010.10	
1956	7	8	6	0	0	1010.10	
1956	7	8	12	0	0	1009.70	
1956	7	8	18	0	0	1009.90	
1956	7	9	0	0	0	1012.20	
1956	7	9	6	0	0	1014.10	
1956	7	9	12	0	0	1014.00	
1956	7	9	18	0	0	1013.80	
1956	7	10	0	0	0	1013.60	
1956	7	10	6	0	0	1013.00	
1956	7	10	12	0	0	1010.00	
1956	7	10	18	0	0	1009.40	
1956	7	11	0	0	0	1011.60	
1956	7	11	6	0	0	1012.10	
1956	7	11	12	0	0	1012.70	
1956	7	11	18	0	0	1014.00	
1956	7	12	0	0	0	1016.20	
1956	7	12	6	0	0	1016.70	
1956	7	12	12	0	0	1016.50	
1956	7	12	18	0	0	1015.80	
1956	7	13	0	0	0	1016.00	
1956	7	13	6	0	0	1015.10	
1956	7	13	12	0	0	1014.50	
1956	7	13	18	0	0	1013.80	
1956	7	14	0	0	0	1014.30	
1956	7	14	6	0	0	1014.40	
1956	7	14	12	0	0	1012.60	
1956	7	14	18	0	0	1011.10	
1956	7	15	0	0	0	1009.00	
1956	7	15	6	0	0	1007.80	
1956	7	15	12	0	0	1005.00	
1956	7	15	18	0	0	1002.40	
1956	7	16	0	0	0	1001.00	
1956	7	16	6	0	0	999.40	
1956	7	16	12	0	0	999.10	
1956	7	16	18	0	0	999.30	
1956	7	17	0	0	0	1001.40	
1956	7	17	6	0	0	1003.70	
1956	7	17	12	0	0	1006.10	
1956	7	17	18	0	0	1008.60	
1956	7	18	0	0	0	1011.80	
1956	7	18	6	0	0	1013.90	
1956	7	18	12	0	0	1014.80	
1956	7	18	18	0	0	1014.70	
1956	7	19	0	0	0	1013.90	
1956	7	19	6	0	0	1014.40	
1956	7	19	12	0	0	1012.50	
1956	7	19	18	0	0	1010.90	
1956	7	20	0	0	0	1011.10	
1956	7	20	6	0	0	1009.90	
1956	7	20	12	0	0	1008.80	
1956	7	20	18	0	0	1008.50	
1956	7	21	0	0	0	1009.90	
1956	7	21	6	0	0	1010.30	
1956	7	21	18	0	0	1009.20	
1956	7	22	6	0	0	1010.50	
1956	7	22	18	0	0	1008.00	
1956	7	23	6	0	0	1007.20	
1956	7	23	12	0	0	1007.40	
1956	7	23	18	0	0	1006.90	
1956	7	24	0	0	0	1004.70	
1956	7	24	6	0	0	1003.80	
1956	7	24	12	0	0	1004.00	
1956	7	24	18	0	0	1005.50	
1956	7	25	0	0	0	1007.60	
1956	7	25	6	0	0	1008.30	
1956	7	25	12	0	0	1010.00	
1956	7	25	18	0	0	1011.70	
1956	7	26	0	0	0	1012.40	
1956	7	26	6	0	0	1011.30	
1956	7	26	12	0	0	1008.90	
1956	7	26	18	0	0	1006.90	
1956	7	27	0	0	0	1002.70	
1956	7	27	6	0	0	1001.30	
1956	7	27	12	0	0	1001.70	
1956	7	27	18	0	0	1000.90	
1956	7	28	0	0	0	1002.40	
1956	7	28	6	0	0	1005.50	
1956	7	28	12	0	0	1008.60	
1956	7	28	18	0	0	1008.30	
1956	7	29	0	0	0	1009.30	
1956	7	29	6	0	0	1009.30	
1956	7	29	12	0	0	1007.90	
1956	7	30	0	0	0	1010.10	
1956	7	30	6	0	0	1011.40	
1956	7	30	12	0	0	1013.40	
1956	7	30	18	0	0	1013.90	
1956	7	31	6	0	0	1016.60	
1956	7	31	12	0	0	1015.60	
1956	7	31	18	0	0	1015.10	
1956	8	1	0	0	0	1015.80	
1956	8	1	6	0	0	1014.10	
1956	8	1	12	0	0	1012.70	
1956	8	1	18	0	0	1012.70	
1956	8	2	0	0	0	1010.50	
1956	8	2	6	0	0	1009.20	
1956	8	2	12	0	0	1005.70	
1956	8	2	18	0	0	1002.20	
1956	8	3	0	0	0	998.40	
1956	8	3	6	0	0	994.30	
1956	8	3	12	0	0	993.50	
1956	8	3	18	0	0	993.30	
1956	8	4	0	0	0	994.00	
1956	8	4	6	0	0	997.70	
1956	8	4	12	0	0	1002.10	
1956	8	4	18	0	0	1004.70	
1956	8	5	0	0	0	1006.00	
1956	8	5	6	0	0	1009.80	
1956	8	5	12	0	0	1011.40	
1956	8	5	18	0	0	1013.60	
1956	8	6	0	0	0	1016.50	
1956	8	6	6	0	0	1018.90	
1956	8	6	12	0	0	1019.10	
1956	8	6	18	0	0	1020.10	
1956	8	7	0	0	0	1022.30	
1956	8	7	6	0	0	1021.90	
1956	8	7	12	0	0	1018.00	
1956	8	7	18	0	0	1016.70	
1956	8	8	0	0	0	1017.60	
1956	8	8	6	0	0	1017.80	
1956	8	8	12	0	0	1019.60	
1956	8	8	18	0	0	1019.50	
1956	8	9	0	0	0	1020.10	
1956	8	9	6	0	0	1017.90	
1956	8	9	12	0	0	1016.40	
1956	8	9	18	0	0	1015.60	
1956	8	10	6	0	0	1014.50	
1956	8	10	12	0	0	1014.40	
1956	8	10	18	0	0	1014.40	
1956	8	11	0	0	0	1015.10	
1956	8	11	6	0	0	1015.20	
1956	8	11	12	0	0	1013.70	
1956	8	11	18	0	0	1012.20	
1956	8	12	0	0	0	1010.80	
1956	8	12	6	0	0	1008.20	
1956	8	12	12	0	0	1005.70	
1956	8	12	18	0	0	1006.60	
1956	8	13	0	0	0	1008.00	
1956	8	13	6	0	0	1009.20	
1956	8	13	12	0	0	1010.40	
1956	8	13	18	0	0	1011.60	
1956	8	14	0	0	0	1012.80	
1956	8	14	6	0	0	1012.50	
1956	8	14	18	0	0	1006.70	
1956	8	15	0	0	0	1006.20	
1956	8	15	6	0	0	1005.50	
1956	8	15	12	0	0	1007.40	
1956	8	15	18	0	0	1008.40	
1956	8	16	0	0	0	1009.00	
1956	8	16	6	0	0	1008.70	
1956	8	16	12	0	0	1007.70	
1956	8	16	18	0	0	1005.80	
1956	8	17	0	0	0	1004.90	
1956	8	17	6	0	0	1006.60	
1956	8	17	12	0	0	1006.50	
1956	8	17	18	0	0	1006.60	
1956	8	18	0	0	0	1005.10	
1956	8	18	6	0	0	1004.10	
1956	8	18	12	0	0	1005.00	
1956	8	18	18	0	0	1006.10	
1956	8	19	0	0	0	1006.00	
1956	8	19	6	0	0	1006.00	
1956	8	19	12	0	0	1004.90	
1956	8	19	18	0	0	1004.30	
1956	8	20	0	0	0	1006.30	
1956	8	20	6	0	0	1007.40	
1956	8	20	12	0	0	1010.10	
1956	8	20	18	0	0	1011.90	
1956	8	21	0	0	0	1013.60	
1956	8	21	6	0	0	1013.70	
1956	8	21	12	0	0	1010.80	
1956	8	21	18	0	0	1009.50	
1956	8	22	6	0	0	1012.00	
1956	8	22	12	0	0	1011.60	
1956	8	22	18	0	0	1011.30	
1956	8	23	0	0	0	1010.50	
1956	8	23	6	0	0	1009.80	
1956	8	23	12	0	0	1007.30	
1956	8	23	18	0	0	1003.90	
1956	8	24	0	0	0	998.90	
1956	8	24	6	0	0	993.70	
1956	8	24	12	0	0	990.50	
1956	8	24	18	0	0	990.80	
1956	8	25	0	0	0	993.10	
1956	8	25	6	0	0	993.80	
1956	8	25	12	0	0	994.60	
1956	8	25	18	0	0	991.30	
1956	8	26	0	0	0	992.30	
1956	8	26	12	0	0	1004.10	
1956	8	26	18	0	0	1008.50	
1956	8	27	0	0	0	1013.10	
1956	8	27	6	0	0	1015.50	
1956	8	27	12	0	0	1015.70	
1956	8	27	18	0	0	1013.50	
1956	8	28	6	0	0	1007.40	
1956	8	28	12	0	0	1011.80	
1956	8	28	18	0	0	1013.30	
1956	8	29	0	0	0	1014.10	
1956	8	29	6	0	0	1014.10	
1956	8	29	12	0	0	1016.10	
1956	8	29	18	0	0	1017.80	
1956	8	30	0	0	0	1017.60	
1956	8	30	6	0	0	1013.20	
1956	8	30	12	0	0	1008.10	
1956	8	30	18	0	0	1008.10	
1956	8	31	0	0	0	1014.80	
1956	8	31	6	0	0	1017.10	
1956	8	31	12	0	0	1019.20	
1956	8	31	18	0	0	1021.40	
1956	9	1	0	0	0	1023.70	
1956	9	1	6	0	0	1025.90	
1956	9	1	12	0	0	1027.00	
1956	9	1	18	0	0	1027.90	
1956	9	2	0	0	0	1030.20	
1956	9	2	6	0	0	1030.30	
1956	9	2	12	0	0	1029.20	
1956	9	2	18	0	0	1028.30	
1956	9	3	0	0	0	1028.20	
1956	9	3	6	0	0	1025.90	
1956	9	3	12	0	0	1021.80	
1956	9	3	18	0	0	1018.00	
1956	9	4	0	0	0	1016.30	
1956	9	4	6	0	0	1014.40	
1956	9	4	12	0	0	1012.90	
1956	9	4	18	0	0	1013.40	
1956	9	5	0	0	0	1013.00	
1956	9	5	6	0	0	1013.50	
1956	9	5	12	0	0	1013.90	
1956	9	5	18	0	0	1014.60	
1956	9	6	0	0	0	1016.10	
1956	9	6	6	0	0	1018.00	
1956	9	6	12	0	0	1018.90	
1956	9	6	18	0	0	1018.50	
1956	9	7	0	0	0	1019.20	
1956	9	7	6	0	0	1018.70	
1956	9	7	18	0	0	1015.40	
1956	9	8	6	0	0	1012.20	
1956	9	8	12	0	0	1012.10	
1956	9	8	18	0	0	1012.10	
1956	9	9	0	0	0	1012.50	
1956	9	9	6	0	0	1012.60	
1956	9	9	12	0	0	1013.10	
1956	9	9	18	0	0	1014.60	
1956	9	10	0	0	0	1015.30	
1956	9	10	6	0	0	1017.00	
1956	9	10	12	0	0	1017.90	
1956	9	10	18	0	0	1018.50	
1956	9	11	0	0	0	1017.30	
1956	9	11	6	0	0	1016.20	
1956	9	11	12	0	0	1014.90	
1956	9	11	18	0	0	1014.40	
1956	9	12	0	0	0	1012.00	
1956	9	12	6	0	0	1006.00	
1956	9	12	12	0	0	1001.00	
1956	9	12	18	0	0	1002.10	
1956	9	13	0	0	0	1003.10	
1956	9	13	6	0	0	1003.40	
1956	9	13	12	0	0	1004.60	
1956	9	14	0	0	0	1014.70	
1956	9	14	6	0	0	1020.00	
1956	9	14	12	0	0	1021.60	
1956	9	14	18	0	0	1022.50	
1956	9	15	0	0	0	1021.60	
1956	9	15	6	0	0	1017.10	
1956	9	15	12	0	0	1016.80	
1956	9	15	18	0	0	1019.20	
1956	9	16	0	0	0	1020.00	
1956	9	16	6	0	0	1017.00	
1956	9	16	12	0	0	1011.30	
1956	9	16	18	0	0	1007.50	
1956	9	17	0	0	0	1007.60	
1956	9	17	6	0	0	1007.10	
1956	9	17	18	0	0	1015.40	qc_reject
1956	9	18	0	0	0	1012.50	
1956	9	18	6	0	0	1019.10	
1956	9	18	12	0	0	1023.50	
1956	9	18	18	0	0	1026.80	
1956	9	19	0	0	0	1029.20	
1956	9	19	6	0	0	1030.80	
1956	9	19	12	0	0	1030.60	
1956	9	19	18	0	0	1030.00	
1956	9	20	0	0	0	1029.70	
1956	9	20	6	0	0	1027.70	
1956	9	20	12	0	0	1023.80	
1956	9	20	18	0	0	1021.40	
1956	9	21	0	0	0	1020.80	
1956	9	21	6	0	0	1020.80	
1956	9	21	12	0	0	1021.30	
1956	9	21	18	0	0	1021.60	
1956	9	22	0	0	0	1022.50	
1956	9	22	6	0	0	1024.40	
1956	9	22	12	0	0	1026.60	
1956	9	22	18	0	0	1028.30	
1956	9	23	0	0	0	1031.40	
1956	9	23	6	0	0	1033.70	
1956	9	23	12	0	0	1033.90	
1956	9	23	18	0	0	1034.10	
1956	9	24	0	0	0	1035.70	
1956	9	24	6	0	0	1036.60	
1956	9	24	12	0	0	1034.50	
1956	9	24	18	0	0	1032.80	
1956	9	25	0	0	0	1032.60	
1956	9	25	6	0	0	1030.50	
1956	9	25	12	0	0	1026.90	
1956	9	25	18	0	0	1023.80	
1956	9	26	0	0	0	1025.20	
1956	9	26	6	0	0	1021.00	
1956	9	26	12	0	0	1017.50	
1956	9	26	18	0	0	1016.00	
1956	9	27	0	0	0	1019.80	qc_reject
1956	9	27	6	0	0	1014.20	
1956	9	27	12	0	0	1011.00	
1956	9	27	18	0	0	1010.00	
1956	9	28	0	0	0	1009.00	
1956	9	28	6	0	0	1009.80	
1956	9	28	12	0	0	1009.30	
1956	9	28	18	0	0	1009.30	
1956	9	29	0	0	0	1007.70	
1956	9	29	6	0	0	1007.50	
1956	9	29	12	0	0	1011.10	
1956	9	29	18	0	0	1014.20	
1956	9	30	0	0	0	1017.40	
1956	9	30	6	0	0	1020.30	
1956	9	30	12	0	0	1022.10	
1956	9	30	18	0	0	1024.20	
1956	10	1	0	0	0	1024.70	
1956	10	1	6	0	0	1024.20	
1956	10	1	12	0	0	1019.40	
1956	10	1	18	0	0	1016.80	
1956	10	2	0	0	0	1017.70	
1956	10	2	6	0	0	1017.10	
1956	10	2	12	0	0	1011.50	
1956	10	2	18	0	0	1008.40	
1956	10	3	0	0	0	1009.30	
1956	10	3	12	0	0	1001.00	
1956	10	3	18	0	0	1006.30	
1956	10	4	0	0	0	1013.70	
1956	10	4	6	0	0	1015.20	
1956	10	4	12	0	0	1014.30	
1956	10	4	18	0	0	1013.20	
1956	10	5	0	0	0	1012.00	
1956	10	5	6	0	0	1010.30	
1956	10	5	12	0	0	1007.30	
1956	10	5	18	0	0	1006.70	
1956	10	6	6	0	0	1001.90	qc_reject
1956	10	6	12	0	0	1002.50	
1956	10	6	18	0	0	997.50	
1956	10	7	0	0	0	986.30	
1956	10	7	6	0	0	981.50	
1956	10	7	12	0	0	989.40	
1956	10	8	0	0	0	1010.30	
1956	10	8	6	0	0	1015.40	
1956	10	8	12	0	0	1017.20	
1956	10	8	18	0	0	1019.40	
1956	10	9	0	0	0	1018.60	
1956	10	9	6	0	0	1017.60	
1956	10	9	12	0	0	1016.00	
1956	10	9	18	0	0	1018.20	
1956	10	10	0	0	0	1023.90	
1956	10	10	6	0	0	1026.30	
1956	10	10	12	0	0	1026.50	
1956	10	10	18	0	0	1026.50	
1956	10	11	0	0	0	1023.90	
1956	10	11	6	0	0	1022.20	
1956	10	11	12	0	0	1020.90	
1956	10	11	18	0	0	1019.80	
1956	10	12	0	0	0	1019.30	
1956	10	12	6	0	0	1019.90	
1956	10	12	12	0	0	1018.40	
1956	10	12	18	0	0	1014.20	
1956	10	13	0	0	0	1008.00	
1956	10	13	6	0	0	1006.00	
1956	10	13	18	0	0	1007.40	
1956	10	14	0	0	0	1002.70	
1956	10	14	6	0	0	1004.70	
1956	10	14	12	0	0	1009.80	
1956	10	14	18	0	0	1013.00	
1956	10	15	6	0	0	1018.30	
1956	10	15	12	0	0	1022.60	
1956	10	15	18	0	0	1023.90	
1956	10	16	0	0	0	1025.10	
1956	10	16	6	0	0	1026.10	
1956	10	16	12	0	0	1027.00	
1956	10	17	0	0	0	1029.00	
1956	10	17	6	0	0	1028.70	
1956	10	17	12	0	0	1027.00	
1956	10	17	18	0	0	1025.80	
1956	10	18	0	0	0	1024.80	
1956	10	18	6	0	0	1024.30	
1956	10	18	12	0	0	1020.20	
1956	10	18	18	0	0	1018.70	
1956	10	19	0	0	0	1015.50	
1956	10	19	6	0	0	1012.60	
1956	10	19	12	0	0	1011.70	
1956	10	19	18	0	0	1015.20	
1956	10	20	0	0	0	1016.20	
1956	10	20	6	0	0	1016.30	
1956	10	20	12	0	0	1017.30	
1956	10	20	18	0	0	1018.40	
1956	10	21	0	0	0	1019.40	
1956	10	21	6	0	0	1021.90	
1956	10	21	12	0	0	1022.90	
1956	10	21	18	0	0	1022.20	
1956	10	22	0	0	0	1022.50	
1956	10	22	6	0	0	1023.60	
1956	10	22	12	0	0	1023.00	
1956	10	22	18	0	0	1021.90	
1956	10	23	0	0	0	1021.00	
1956	10	23	6	0	0	1020.70	
1956	10	23	12	0	0	1021.00	
1956	10	23	18	0	0	1021.00	
1956	10	24	0	0	0	1020.40	
1956	10	24	6	0	0	1018.40	
1956	10	24	12	0	0	1017.90	
1956	10	24	18	0	0	1016.50	
1956	10	25	6	0	0	1011.70	
1956	10	25	18	0	0	1010.20	
1956	10	26	6	0	0	1012.70	
1956	10	26	12	0	0	1013.40	
1956	10	26	18	0	0	1016.00	
1956	10	27	0	0	0	1018.80	
1956	10	27	6	0	0	1019.30	
1956	10	27	12	0	0	1019.60	
1956	10	27	18	0	0	1019.40	
1956	10	28	0	0	0	1018.90	
1956	10	28	6	0	0	1017.70	
1956	10	28	12	0	0	1015.50	
1956	10	28	18	0	0	1012.20	
1956	10	29	0	0	0	1008.80	
1956	10	29	6	0	0	1006.40	
1956	10	29	12	0	0	1005.60	
1956	10	29	18	0	0	1008.20	
1956	10	30	0	0	0	1011.90	
1956	10	30	6	0	0	1017.10	
1956	10	30	18	0	0	1026.60	
1956	10	31	0	0	0	1033.60	
1956	10	31	6	0	0	1036.20	
1956	10	31	12	0	0	1035.40	
1956	10	31	18	0	0	1032.00	
1956	11	1	0	0	0	1025.70	
1956	11	1	6	0	0	1018.80	
1956	11	1	12	0	0	1015.10	
1956	11	1	18	0	0	1012.20	
1956	11	2	0	0	0	1012.40	
1956	11	2	6	0	0	1010.70	
1956	11	2	12	0	0	1010.50	
1956	11	2	18	0	0	1010.60	
1956	11	3	0	0	0	1012.10	
1956	11	3	6	0	0	1013.50	
1956	11	3	12	0	0	1013.70	
1956	11	3	18	0	0	1014.60	
1956	11	4	6	0	0	1015.10	
1956	11	4	12	0	0	1014.40	
1956	11	4	18	0	0	1013.90	
1956	11	5	0	0	0	1011.00	
1956	11	5	6	0	0	1005.60	
1956	11	5	12	0	0	1000.10	
1956	11	5	18	0	0	998.10	
1956	11	6	0	0	0	1002.10	
1956	11	6	6	0	0	1003.60	
1956	11	6	12	0	0	1006.50	
1956	11	6	18	0	0	1009.00	
1956	11	7	0	0	0	1010.30	
1956	11	7	6	0	0	1012.80	
1956	11	7	12	0	0	1015.80	
1956	11	7	18	0	0	1021.10	
1956	11	8	0	0	0	1024.60	
1956	11	8	6	0	0	1027.50	
1956	11	8	12	0	0	1028.50	
1956	11	8	18	0	0	1028.70	
1956	11	9	0	0	0	1029.00	
1956	11	9	6	0	0	1029.80	
1956	11	9	12	0	0	1028.40	
1956	11	9	18	0	0	1029.00	
1956	11	10	6	0	0	1029.30	
1956	11	10	18	0	0	1029.80	
1956	11	11	0	0	0	1029.80	
1956	11	11	6	0	0	1027.90	
1956	11	11	12	0	0	1023.60	
1956	11	11	18	0	0	1022.50	
1956	11	12	0	0	0	1019.30	
1956	11	12	6	0	0	1018.00	
1956	11	12	18	0	0	1020.00	
1956	11	13	0	0	0	1020.60	
1956	11	13	6	0	0	1021.50	
1956	11	13	12	0	0	1022.40	
1956	11	13	18	0	0	1023.50	
1956	11	14	0	0	0	1024.90	
1956	11	14	6	0	0	1024.30	
1956	11	14	12	0	0	1023.80	
1956	11	14	18	0	0	1024.20	
1956	11	15	0	0	0	1024.50	
1956	11	15	6	0	0	1024.10	
1956	11	15	12	0	0	1020.80	
1956	11	15	18	0	0	1019.30	
1956	11	16	6	0	0	1018.20	
1956	11	17	0	0	0	1016.50	
1956	11	17	6	0	0	1015.10	
1956	11	17	12	0	0	1013.00	
1956	11	17	18	0	0	1010.10	
1956	11	18	0	0	0	1013.30	
1956	11	18	6	0	0	1016.00	
1956	11	19	0	0	0	1025.20	
1956	11	19	6	0	0	1029.70	
1956	11	19	12	0	0	1031.70	
1956	11	19	18	0	0	1032.60	
1956	11	20	0	0	0	1033.20	
1956	11	20	6	0	0	1033.90	
1956	11	20	12	0	0	1035.30	
1956	11	20	18	0	0	1036.20	
1956	11	21	0	0	0	1035.70	
1956	11	21	6	0	0	1033.70	
1956	11	21	12	0	0	1035.60	
1956	11	21	18	0	0	1037.10	
1956	11	22	0	0	0	1037.90	
1956	11	22	6	0	0	1038.30	
1956	11	22	12	0	0	1037.60	
1956	11	22	18	0	0	1036.30	
1956	11	23	0	0	0	1034.50	
1956	11	23	6	0	0	1031.90	
1956	11	23	18	0	0	1028.70	
1956	11	24	0	0	0	1029.30	
1956	11	24	6	0	0	1029.00	
1956	11	24	12	0	0	1028.60	
1956	11	24	18	0	0	1027.90	
1956	11	25	6	0	0	1020.30	
1956	11	25	12	0	0	1011.60	
1956	11	25	18	0	0	999.80	
1956	11	26	0	0	0	992.80	
1956	11	26	6	0	0	986.80	
1956	11	26	12	0	0	985.00	
1956	11	26	18	0	0	987.70	
1956	11	27	0	0	0	985.10	
1956	11	27	6	0	0	976.70	
1956	11	27	18	0	0	979.10	
1956	11	28	0	0	0	981.80	
1956	11	28	6	0	0	983.60	
1956	11	28	12	0	0	989.70	
1956	11	29	0	0	0	981.20	qc_reject
1956	11	29	6	0	0	987.60	
1956	11	29	12	0	0	991.50	
1956	11	30	12	0	0	1013.50	
1956	11	30	18	0	0	1017.60	
1956	12	1	6	0	0	1023.70	
1956	12	1	12	0	0	1026.60	
1956	12	1	18	0	0	1027.90	
1956	12	2	0	0	0	1026.80	
1956	12	2	6	0	0	1024.90	
1956	12	2	12	0	0	1021.60	
1956	12	2	18	0	0	1014.70	
1956	12	3	0	0	0	1003.60	
1956	12	3	12	0	0	993.00	
1956	12	3	18	0	0	996.20	
1956	12	4	0	0	0	1001.00	
1956	12	4	6	0	0	1003.10	
1956	12	4	12	0	0	1004.80	
1956	12	4	18	0	0	1004.20	
1956	12	5	0	0	0	1003.40	
1956	12	5	6	0	0	1000.40	
1956	12	5	12	0	0	1000.40	
1956	12	5	18	0	0	1001.50	
1956	12	6	0	0	0	1001.40	
1956	12	6	6	0	0	998.60	
1956	12	6	12	0	0	998.10	
1956	12	6	18	0	0	1004.80	
1956	12	7	0	0	0	1010.20	
1956	12	7	6	0	0	1014.10	
1956	12	7	12	0	0	1014.80	
1956	12	7	18	0	0	1013.90	
1956	12	8	0	0	0	1014.80	
1956	12	8	6	0	0	1017.70	
1956	12	8	12	0	0	1021.40	
1956	12	8	18	0	0	1025.10	
1956	12	9	0	0	0	1026.30	
1956	12	9	6	0	0	1026.10	
1956	12	9	12	0	0	1021.70	
1956	12	9	18	0	0	1018.40	
1956	12	10	0	0	0	1019.10	
1956	12	10	6	0	0	1017.70	
1956	12	10	12	0	0	1015.30	
1956	12	11	0	0	0	1014.90	
1956	12	11	6	0	0	1017.80	
1956	12	11	12	0	0	1019.40	
1956	12	12	0	0	0	1019.60	
1956	12	12	6	0	0	1015.40	
1956	12	12	12	0	0	1011.30	
1956	12	12	18	0	0	1010.60	
1956	12	13	0	0	0	1013.70	
1956	12	13	6	0	0	1012.60	
1956	12	13	18	0	0	1008.60	
1956	12	14	6	0	0	1006.80	
1956	12	14	12	0	0	1008.50	
1956	12	14	18	0	0	1011.00	
1956	12	15	0	0	0	1012.90	
1956	12	15	6	0	0	1011.90	
1956	12	15	12	0	0	1010.60	
1956	12	15	18	0	0	1011.20	
1956	12	16	0	0	0	1013.80	
1956	12	16	6	0	0	1016.40	
1956	12	16	12	0	0	1017.70	
1956	12	16	18	0	0	1019.20	
1956	12	17	0	0	0	1021.20	
1956	12	17	6	0	0	1022.60	
1956	12	17	12	0	0	1024.70	
1956	12	17	18	0	0	1028.90	
1956	12	18	12	0	0	1027.70	
1956	12	18	18	0	0	1028.10	
1956	12	19	0	0	0	1028.70	
1956	12	19	12	0	0	1026.20	
1956	12	19	18	0	0	1026.60	
1956	12	20	0	0	0	1028.80	
1956	12	20	6	0	0	1029.70	
1956	12	20	12	0	0	1030.30	
1956	12	20	18	0	0	1030.40	
1956	12	21	0	0	0	1030.20	
1956	12	21	6	0	0	1028.30	
1956	12	21	12	0	0	1026.50	
1956	12	22	0	0	0	1023.10	
1956	12	22	6	0	0	1021.40	
1956	12	22	12	0	0	1020.40	
1956	12	22	18	0	0	1019.90	
1956	12	23	0	0	0	1020.30	
1956	12	23	6	0	0	1021.40	
1956	12	23	12	0	0	1023.80	
1956	12	23	18	0	0	1026.80	
1956	12	24	0	0	0	1022.80	qc_reject
1956	12	24	6	0	0	1030.40	
1956	12	24	12	0	0	1031.50	
1956	12	24	18	0	0	1032.70	
1956	12	25	6	0	0	1034.70	
1956	12	25	12	0	0	1034.50	
1956	12	25	18	0	0	1034.90	
1956	12	26	0	0	0	1036.70	
1956	12	26	6	0	0	1036.40	
1956	12	26	12	0	0	1037.20	
1956	12	27	0	0	0	1028.90	qc_reject
1956	12	27	6	0	0	1039.30	
1956	12	27	12	0	0	1038.60	
1956	12	27	18	0	0	1039.00	
1956	12	28	0	0	0	1039.20	
1956	12	28	6	0	0	1039.10	
1956	12	28	12	0	0	1037.30	
1956	12	28	18	0	0	1035.60	
1956	12	29	0	0	0	1034.80	
1956	12	29	6	0	0	1034.00	
1956	12	29	12	0	0	1032.90	
1956	12	29	18	0	0	1032.60	
1956	12	30	0	0	0	1032.20	
1956	12	30	6	0	0	1033.90	
1956	12	30	12	0	0	1032.80	
1956	12	30	18	0	0	1034.10	
1956	12	31	0	0	0	1034.70	
1956	12	31	6	0	0	1033.50	
1956	12	31	12	0	0	1030.70	
1956	12	31	18	0	0	1028.90	
1957	1	1	0	0	0	1025.90	
1957	1	1	6	0	0	1023.10	
1957	1	1	12	0	0	1021.90	
1957	1	1	18	0	0	1021.60	
1957	1	2	0	0	0	1021.10	
1957	1	2	6	0	0	1020.00	
1957	1	2	12	0	0	1018.80	
1957	1	2	18	0	0	1018.20	
1957	1	3	0	0	0	1017.40	
1957	1	3	6	0	0	1019.50	
1957	1	3	12	0	0	1022.80	
1957	1	3	18	0	0	1024.20	
1957	1	4	0	0	0	1024.00	
1957	1	4	6	0	0	1024.50	
1957	1	4	12	0	0	1025.70	
1957	1	4	18	0	0	1026.70	
1957	1	5	6	0	0	1023.60	
1957	1	5	12	0	0	1018.60	
1957	1	5	18	0	0	1011.10	
1957	1	6	0	0	0	1009.20	
1957	1	6	6	0	0	1005.40	
1957	1	6	18	0	0	1000.60	
1957	1	7	0	0	0	999.40	
1957	1	7	6	0	0	1003.60	
1957	1	7	12	0	0	1000.50	qc_reject
1957	1	8	6	0	0	1020.90	
1957	1	8	12	0	0	1018.30	
1957	1	8	18	0	0	1016.10	
1957	1	9	0	0	0	1015.40	
1957	1	9	6	0	0	1013.70	
1957	1	9	12	0	0	1012.70	
1957	1	9	18	0	0	1011.10	
1957	1	10	0	0	0	1008.40	
1957	1	10	12	0	0	1004.60	
1957	1	10	18	0	0	1005.00	
1957	1	11	0	0	0	1006.50	
1957	1	11	6	0	0	1008.60	
1957	1	11	12	0	0	1011.80	
1957	1	11	18	0	0	1012.30	
1957	1	12	0	0	0	1010.00	
1957	1	12	6	0	0	1009.40	
1957	1	12	12	0	0	1006.40	
1957	1	12	18	0	0	1002.40	
1957	1	13	0	0	0	1002.50	
1957	1	13	6	0	0	1005.10	
1957	1	13	12	0	0	1010.30	
1957	1	13	18	0	0	1016.30	
1957	1	14	0	0	0	1020.70	
1957	1	14	6	0	0	1025.60	
1957	1	14	18	0	0	1032.50	
1957	1	15	6	0	0	1033.10	
1957	1	15	12	0	0	1031.50	
1957	1	15	18	0	0	1030.60	
1957	1	16	0	0	0	1030.60	
1957	1	16	6	0	0	1031.60	
1957	1	16	18	0	0	1030.60	
1957	1	17	6	0	0	1027.80	
1957	1	17	12	0	0	1027.20	
1957	1	17	18	0	0	1027.20	
1957	1	18	6	0	0	1023.30	
1957	1	18	18	0	0	1022.60	
1957	1	19	0	0	0	1022.10	
1957	1	19	6	0	0	1023.20	
1957	1	19	12	0	0	1024.90	
1957	1	20	0	0	0	1027.70	
1957	1	20	6	0	0	1025.20	
1957	1	20	12	0	0	1022.80	
1957	1	20	18	0	0	1020.40	
1957	1	21	0	0	0	1017.20	
1957	1	21	6	0	0	1015.00	
1957	1	21	12	0	0	1016.00	
1957	1	21	18	0	0	1018.70	
1957	1	22	0	0	0	1020.30	
1957	1	22	6	0	0	1020.20	
1957	1	22	12	0	0	1019.90	
1957	1	22	18	0	0	1018.90	
1957	1	23	0	0	0	1017.80	
1957	1	23	6	0	0	1016.70	
1957	1	23	12	0	0	1018.50	
1957	1	23	18	0	0	1019.90	
1957	1	24	0	0	0	1020.40	
1957	1	24	6	0	0	1019.80	
1957	1	24	12	0	0	1018.40	
1957	1	24	18	0	0	1016.00	
1957	1	25	6	0	0	1011.80	
1957	1	25	12	0	0	1010.60	
1957	1	25	18	0	0	1011.20	
1957	1	26	0	0	0	1013.00	
1957	1	27	0	0	0	1016.20	
1957	1	27	6	0	0	1011.70	
1957	1	27	12	0	0	1009.70	
1957	1	27	18	0	0	1011.70	
1957	1	28	0	0	0	1013.40	
1957	1	28	6	0	0	1015.80	
1957	1	28	12	0	0	1019.50	
1957	1	29	0	0	0	1027.30	
1957	1	29	6	0	0	1028.50	
1957	1	29	18	0	0	1027.80	
1957	1	30	0	0	0	1025.50	
1957	1	30	6	0	0	1023.90	
1957	1	30	18	0	0	1021.90	
1957	1	31	0	0	0	1025.00	
1957	1	31	6	0	0	1023.30	
1957	1	31	12	0	0	1025.10	
1957	1	31	18	0	0	1026.10	
1957	2	1	0	0	0	1025.60	
1957	2	1	6	0	0	1023.40	
1957	2	1	18	0	0	1020.90	
1957	2	2	0	0	0	1017.40	
1957	2	2	6	0	0	1015.50	
1957	2	2	12	0	0	1018.00	
1957	2	2	18	0	0	1021.80	
1957	2	3	0	0	0	1024.40	
1957	2	3	6	0	0	1024.70	
1957	2	3	18	0	0	1025.60	
1957	2	4	0	0	0	1028.80	
1957	2	4	6	0	0	1028.60	
1957	2	4	18	0	0	1022.70	
1957	2	5	0	0	0	1020.50	
1957	2	5	6	0	0	1020.10	
1957	2	5	18	0	0	1019.30	
1957	2	6	6	0	0	1016.40	
1957	2	6	18	0	0	1011.40	
1957	2	7	0	0	0	1009.30	
1957	2	7	6	0	0	1009.20	
1957	2	8	0	0	0	1010.00	
1957	2	8	6	0	0	1010.70	
1957	2	8	18	0	0	1004.90	
1957	2	9	6	0	0	997.50	
1957	2	9	18	0	0	996.20	
1957	2	10	0	0	0	997.70	
1957	2	10	6	0	0	997.70	
1957	2	10	12	0	0	1003.20	
1957	2	10	18	0	0	1005.40	
1957	2	11	0	0	0	1007.50	
1957	2	11	6	0	0	1008.00	
1957	2	11	18	0	0	1008.10	
1957	2	12	0	0	0	1009.80	
1957	2	12	6	0	0	1011.00	
1957	2	12	18	0	0	1011.70	
1957	2	13	0	0	0	1008.00	
1957	2	13	6	0	0	1004.50	
1957	2	13	18	0	0	999.30	
1957	2	14	0	0	0	995.70	
1957	2	14	6	0	0	991.70	
1957	2	14	12	0	0	990.60	
1957	2	14	18	0	0	991.30	
1957	2	15	0	0	0	990.50	
1957	2	15	6	0	0	990.10	
1957	2	15	18	0	0	991.10	
1957	2	16	6	0	0	987.30	
1957	2	16	18	0	0	995.40	
1957	2	17	18	0	0	1008.10	
1957	2	18	0	0	0	1007.80	
1957	2	19	0	0	0	1001.70	
1957	2	19	6	0	0	994.90	
1957	2	19	18	0	0	1001.50	
1957	2	20	0	0	0	1008.70	
1957	2	20	6	0	0	1011.80	
1957	2	20	18	0	0	1013.60	
1957	2	21	0	0	0	1012.40	
1957	2	21	6	0	0	1011.00	
1957	2	21	18	0	0	1010.80	
1957	2	22	0	0	0	1011.20	
1957	2	22	6	0	0	1011.90	
1957	2	22	18	0	0	1012.80	
1957	2	23	0	0	0	1012.80	
1957	2	23	6	0	0	1012.70	
1957	2	23	18	0	0	1012.50	
1957	2	24	0	0	0	1012.50	
1957	2	24	6	0	0	1010.70	
1957	2	24	18	0	0	1008.40	
1957	2	25	0	0	0	1008.10	
1957	2	25	6	0	0	1009.10	
1957	2	25	18	0	0	1010.10	
1957	2	26	18	0	0	1020.90	
1957	2	27	0	0	0	1023.60	
1957	2	27	6	0	0	1025.40	
1957	2	27	18	0	0	1027.70	
1957	2	28	0	0	0	1029.20	
1957	2	28	6	0	0	1030.20	
1957	2	28	18	0	0	1032.60	
1957	3	1	0	0	0	1033.50	
1957	3	1	6	0	0	1033.50	
1957	3	1	12	0	0	1033.70	
1957	3	1	18	0	0	1033.60	
1957	3	2	0	0	0	1032.70	
1957	3	2	6	0	0	1031.60	
1957	3	2	12	0	0	1030.30	
1957	3	2	18	0	0	1028.50	
1957	3	3	0	0	0	1027.80	
1957	3	3	6	0	0	1026.80	
1957	3	3	12	0	0	1024.70	
1957	3	4	6	0	0	1018.90	
1957	3	4	12	0	0	1014.10	
1957	3	4	18	0	0	1009.60	
1957	3	5	6	0	0	1007.80	
1957	3	5	12	0	0	1008.80	
1957	3	5	18	0	0	1011.30	
1957	3	6	0	0	0	1011.20	
1957	3	6	6	0	0	1011.40	
1957	3	6	12	0	0	1012.20	
1957	3	6	18	0	0	1013.80	
1957	3	7	0	0	0	1015.30	
1957	3	7	6	0	0	1016.80	
1957	3	7	12	0	0	1018.00	
1957	3	7	18	0	0	1019.60	
1957	3	8	6	0	0	1021.90	
1957	3	8	12	0	0	1022.40	
1957	3	8	18	0	0	1025.10	
1957	3	9	0	0	0	1027.80	
1957	3	9	6	0	0	1029.40	
1957	3	9	12	0	0	1029.80	
1957	3	9	18	0	0	1031.70	
1957	3	10	6	0	0	1035.60	
1957	3	10	18	0	0	1035.30	
1957	3	12	6	0	0	1023.90	
1957	3	12	12	0	0	1015.70	qc_reject
1957	3	12	18	0	0	1017.10	
1957	3	13	0	0	0	1016.80	
1957	3	13	6	0	0	1016.10	
1957	3	13	12	0	0	1015.20	
1957	3	13	18	0	0	1013.60	
1957	3	14	0	0	0	1010.50	
1957	3	14	6	0	0	1006.00	
1957	3	15	6	0	0	1001.20	
1957	3	16	6	0	0	994.90	
1957	3	16	12	0	0	1001.60	
1957	3	16	18	0	0	1010.40	
1957	3	17	0	0	0	1014.80	
1957	3	17	6	0	0	1019.30	
1957	3	17	12	0	0	1018.20	
1957	3	17	18	0	0	1013.40	
1957	3	18	6	0	0	995.10	
1957	3	18	12	0	0	989.50	
1957	3	18	18	0	0	989.20	
1957	3	19	0	0	0	995.60	
1957	3	19	6	0	0	1002.30	
1957	3	19	12	0	0	1005.90	
1957	3	19	18	0	0	1012.70	
1957	3	20	0	0	0	1013.90	
1957	3	20	6	0	0	1016.80	
1957	3	20	12	0	0	1015.60	
1957	3	20	18	0	0	1010.90	
1957	3	21	0	0	0	1004.20	
1957	3	21	6	0	0	1002.00	
1957	3	21	12	0	0	1005.70	
1957	3	21	18	0	0	1008.70	
1957	3	22	6	0	0	1009.60	
1957	3	22	12	0	0	1012.00	
1957	3	22	18	0	0	1013.70	
1957	3	23	0	0	0	1015.40	
1957	3	23	6	0	0	1018.50	
1957	3	23	12	0	0	1020.90	
1957	3	23	18	0	0	1025.90	
1957	3	24	0	0	0	1032.20	
1957	3	24	6	0	0	1035.90	
1957	3	24	12	0	0	1033.60	
1957	3	24	18	0	0	1037.50	
1957	3	25	0	0	0	1038.10	
1957	3	25	6	0	0	1037.30	
1957	3	25	18	0	0	1033.80	
1957	3	26	0	0	0	1032.50	
1957	3	26	6	0	0	1031.30	
1957	3	26	12	0	0	1028.10	
1957	3	26	18	0	0	1028.00	
1957	3	27	0	0	0	1027.80	
1957	3	27	6	0	0	1027.80	
1957	3	27	12	0	0	1025.40	
1957	3	27	18	0	0	1024.30	
1957	3	28	6	0	0	1021.20	
1957	3	28	12	0	0	1018.00	
1957	3	28	18	0	0	1017.00	
1957	3	29	0	0	0	1016.70	
1957	3	29	6	0	0	1016.20	
1957	3	29	12	0	0	1016.20	
1957	3	29	18	0	0	1017.70	
1957	3	30	0	0	0	1019.10	
1957	3	30	6	0	0	1021.20	
1957	3	30	12	0	0	1021.50	
1957	3	30	18	0	0	1022.60	
1957	3	31	0	0	0	1024.80	
1957	3	31	6	0	0	1025.70	
1957	3	31	12	0	0	1025.10	
1957	3	31	18	0	0	1025.50	
1957	4	1	0	0	0	1027.30	
1957	4	1	6	0	0	1027.70	
1957	4	1	18	0	0	1025.00	
1957	4	2	0	0	0	1025.80	
1957	4	2	6	0	0	1025.40	
1957	4	2	12	0	0	1023.40	
1957	4	2	18	0	0	1023.50	
1957	4	3	6	0	0	1026.80	
1957	4	3	12	0	0	1026.80	
1957	4	3	18	0	0	1027.70	
1957	4	4	0	0	0	1029.90	
1957	4	4	6	0	0	1030.20	
1957	4	4	12	0	0	1028.90	
1957	4	4	18	0	0	1028.20	
1957	4	5	0	0	0	1028.80	
1957	4	5	6	0	0	1027.80	
1957	4	5	12	0	0	1024.00	
1957	4	5	18	0	0	1020.30	
1957	4	6	0	0	0	1017.50	
1957	4	6	6	0	0	1014.70	
1957	4	6	12	0	0	1009.20	
1957	4	6	18	0	0	1007.10	
1957	4	7	0	0	0	1007.10	
1957	4	7	6	0	0	1008.10	
1957	4	7	12	0	0	1010.80	
1957	4	7	18	0	0	1013.80	
1957	4	8	0	0	0	1017.80	
1957	4	8	6	0	0	1018.40	
1957	4	8	12	0	0	1015.10	
1957	4	8	18	0	0	1011.10	
1957	4	9	0	0	0	1010.10	
1957	4	9	6	0	0	1010.30	
1957	4	9	12	0	0	1011.50	
1957	4	9	18	0	0	1011.10	
1957	4	10	0	0	0	1010.30	
1957	4	10	18	0	0	999.10	
1957	4	11	0	0	0	995.40	
1957	4	11	6	0	0	991.90	
1957	4	11	12	0	0	992.00	
1957	4	11	18	0	0	995.70	
1957	4	12	0	0	0	999.40	
1957	4	12	12	0	0	1008.50	
1957	4	13	0	0	0	1013.10	
1957	4	13	6	0	0	1013.20	
1957	4	13	12	0	0	1013.00	
1957	4	13	18	0	0	1014.50	
1957	4	14	0	0	0	1015.50	
1957	4	14	6	0	0	1017.60	
1957	4	14	12	0	0	1018.20	
1957	4	14	18	0	0	1018.40	
1957	4	15	0	0	0	1019.50	
1957	4	15	12	0	0	1019.70	
1957	4	15	18	0	0	1020.10	
1957	4	16	0	0	0	1021.40	
1957	4	16	6	0	0	1022.10	
1957	4	16	12	0	0	1020.50	
1957	4	16	18	0	0	1018.90	
1957	4	17	0	0	0	1016.40	
1957	4	17	6	0	0	1017.40	
1957	4	17	18	0	0	1020.00	
1957	4	18	0	0	0	1021.00	
1957	4	18	6	0	0	1020.80	
1957	4	19	0	0	0	1014.70	
1957	4	19	6	0	0	1013.40	
1957	4	19	18	0	0	1015.00	
1957	4	20	0	0	0	1016.60	
1957	4	20	6	0	0	1019.60	
1957	4	20	18	0	0	1023.70	
1957	4	21	6	0	0	1025.80	
1957	4	21	12	0	0	1026.70	
1957	4	21	18	0	0	1028.10	
1957	4	22	6	0	0	1032.00	
1957	4	22	12	0	0	1031.30	
1957	4	22	18	0	0	1031.40	
1957	4	23	0	0	0	1032.10	
1957	4	23	6	0	0	1031.00	
1957	4	23	12	0	0	1029.90	
1957	4	23	18	0	0	1029.20	
1957	4	24	0	0	0	1029.00	
1957	4	24	6	0	0	1028.20	
1957	4	24	18	0	0	1025.10	
1957	4	25	0	0	0	1023.60	
1957	4	25	6	0	0	1024.00	
1957	4	25	12	0	0	1022.90	
1957	4	25	18	0	0	1021.70	
1957	4	26	0	0	0	1021.60	
1957	4	26	6	0	0	1021.90	
1957	4	27	0	0	0	1020.00	
1957	4	27	6	0	0	1019.50	
1957	4	27	12	0	0	1017.80	
1957	4	27	18	0	0	1017.40	
1957	4	28	0	0	0	1016.80	
1957	4	28	6	0	0	1015.30	
1957	4	28	12	0	0	1012.30	
1957	4	28	18	0	0	1012.70	
1957	4	29	0	0	0	1011.70	
1957	4	29	6	0	0	1011.20	
1957	4	29	12	0	0	1009.80	
1957	4	29	18	0	0	1009.10	
1957	4	30	0	0	0	1011.30	
1957	4	30	6	0	0	1012.10	
1957	4	30	18	0	0	1006.20	
1957	5	1	0	0	0	1010.90	
1957	5	1	6	0	0	1014.00	
1957	5	1	12	0	0	1016.90	
1957	5	1	18	0	0	1019.50	
1957	5	2	0	0	0	1020.90	
1957	5	2	18	0	0	1016.00	
1957	5	3	6	0	0	1013.30	
1957	5	3	12	0	0	1011.10	
1957	5	3	18	0	0	1008.50	
1957	5	4	0	0	0	1006.60	
1957	5	4	6	0	0	1003.90	
1957	5	4	12	0	0	1004.70	
1957	5	4	18	0	0	1006.50	
1957	5	5	0	0	0	1007.20	
1957	5	5	6	0	0	1007.10	
1957	5	5	12	0	0	1008.10	
1957	5	5	18	0	0	1007.60	
1957	5	6	6	0	0	1012.40	
1957	5	6	18	0	0	1010.10	
1957	5	7	0	0	0	1007.80	
1957	5	7	6	0	0	1008.30	
1957	5	7	12	0	0	1009.00	
1957	5	7	18	0	0	1007.50	
1957	5	8	6	0	0	1002.90	
1957	5	8	12	0	0	1002.50	
1957	5	9	6	0	0	1010.40	
1957	5	9	12	0	0	1010.60	
1957	5	9	18	0	0	1009.20	
1957	5	10	6	0	0	1008.10	
1957	5	11	6	0	0	1012.70	
1957	5	11	12	0	0	1016.40	
1957	5	11	18	0	0	1017.90	
1957	5	12	0	0	0	1015.40	
1957	5	12	6	0	0	1018.20	
1957	5	12	12	0	0	1018.50	
1957	5	12	18	0	0	1018.30	
1957	5	13	0	0	0	1019.50	
1957	5	13	6	0	0	1019.60	
1957	5	13	12	0	0	1018.10	
1957	5	13	18	0	0	1017.20	
1957	5	14	6	0	0	1016.40	
1957	5	14	18	0	0	1017.40	
1957	5	15	0	0	0	1018.90	
1957	5	15	6	0	0	1020.70	
1957	5	16	0	0	0	1023.70	
1957	5	16	6	0	0	1023.30	
1957	5	16	12	0	0	1020.80	
1957	5	16	18	0	0	1018.60	
1957	5	17	0	0	0	1020.00	
1957	5	17	6	0	0	1019.50	
1957	5	17	12	0	0	1017.20	
1957	5	17	18	0	0	1016.90	
1957	5	18	0	0	0	1017.10	
1957	5	18	6	0	0	1017.30	
1957	5	18	12	0	0	1017.00	
1957	5	18	18	0	0	1016.00	
1957	5	19	6	0	0	1014.90	
1957	5	20	0	0	0	1011.50	
1957	5	20	6	0	0	1011.10	
1957	5	20	12	0	0	1010.40	
1957	5	20	18	0	0	1009.80	
1957	5	21	0	0	0	1011.70	
1957	5	21	6	0	0	1011.90	
1957	5	21	12	0	0	1012.60	
1957	5	21	18	0	0	1013.60	
1957	5	22	6	0	0	1013.70	
1957	5	22	12	0	0	1013.50	
1957	5	23	0	0	0	1014.20	
1957	5	23	6	0	0	1011.60	
1957	5	23	12	0	0	1010.60	
1957	5	23	18	0	0	1010.80	
1957	5	24	0	0	0	1011.50	
1957	5	24	6	0	0	1013.90	
1957	5	24	18	0	0	1019.50	
1957	5	25	0	0	0	1023.50	
1957	5	25	6	0	0	1024.60	
1957	5	25	12	0	0	1025.90	
1957	5	25	18	0	0	1026.40	
1957	5	26	6	0	0	1027.70	
1957	5	26	12	0	0	1027.80	
1957	5	26	18	0	0	1027.30	
1957	5	27	0	0	0	1028.70	
1957	5	27	6	0	0	1027.10	
1957	5	27	12	0	0	1026.60	
1957	5	27	18	0	0	1025.00	
1957	5	28	0	0	0	1025.00	
1957	5	28	6	0	0	1024.20	
1957	5	28	18	0	0	1021.10	
1957	5	29	0	0	0	1020.70	
1957	5	29	6	0	0	1019.70	
1957	5	29	12	0	0	1018.60	
1957	5	29	18	0	0	1018.50	
1957	5	30	0	0	0	1019.50	
1957	5	30	6	0	0	1020.30	
1957	5	30	12	0	0	1021.80	
1957	5	30	18	0	0	1020.70	
1957	5	31	0	0	0	1020.40	
1957	5	31	6	0	0	1020.20	
1957	5	31	18	0	0	1016.50	
1957	6	1	0	0	0	1016.50	
1957	6	1	6	0	0	1013.60	
1957	6	1	12	0	0	1011.70	
1957	6	1	18	0	0	1011.70	
1957	6	2	6	0	0	1013.60	
1957	6	2	18	0	0	1017.10	
1957	6	3	0	0	0	1019.90	
1957	6	3	12	0	0	1019.20	
1957	6	3	18	0	0	1017.00	
1957	6	4	0	0	0	1016.60	
1957	6	4	6	0	0	1013.70	
1957	6	4	12	0	0	1010.70	
1957	6	4	18	0	0	1009.70	
1957	6	5	0	0	0	1008.80	
1957	6	5	6	0	0	1005.60	
1957	6	5	18	0	0	1002.90	
1957	6	6	0	0	0	1003.90	
1957	6	6	6	0	0	1003.90	
1957	6	6	12	0	0	1005.00	
1957	6	6	18	0	0	1007.70	
1957	6	7	0	0	0	1010.50	
1957	6	7	6	0	0	1011.20	
1957	6	7	12	0	0	1010.10	
1957	6	7	18	0	0	1009.90	
1957	6	8	0	0	0	1012.00	
1957	6	8	6	0	0	1014.20	
1957	6	8	12	0	0	1014.60	
1957	6	8	18	0	0	1015.10	
1957	6	9	0	0	0	1017.10	
1957	6	9	6	0	0	1016.20	
1957	6	9	12	0	0	1013.90	
1957	6	9	18	0	0	1011.70	
1957	6	10	0	0	0	1012.50	
1957	6	10	6	0	0	1013.20	
1957	6	10	12	0	0	1012.80	
1957	6	10	18	0	0	1013.10	
1957	6	11	0	0	0	1014.60	
1957	6	11	6	0	0	1014.80	
1957	6	11	18	0	0	1012.30	
1957	6	12	0	0	0	1014.00	
1957	6	12	6	0	0	1015.30	
1957	6	12	18	0	0	1024.20	
1957	6	13	6	0	0	1027.50	
1957	6	13	12	0	0	1027.30	
1957	6	13	18	0	0	1026.30	
1957	6	14	6	0	0	1026.30	
1957	6	14	12	0	0	1026.30	
1957	6	14	18	0	0	1026.40	
1957	6	15	0	0	0	1028.90	
1957	6	15	6	0	0	1029.50	
1957	6	15	12	0	0	1028.00	
1957	6	15	18	0	0	1025.50	
1957	6	16	0	0	0	1025.20	
1957	6	16	6	0	0	1023.80	
1957	6	16	12	0	0	1022.40	
1957	6	16	18	0	0	1020.50	
1957	6	17	6	0	0	1021.40	
1957	6	17	12	0	0	1019.90	
1957	6	17	18	0	0	1018.50	
1957	6	18	0	0	0	1019.40	
1957	6	18	6	0	0	1018.20	
1957	6	18	12	0	0	1015.20	
1957	6	19	0	0	0	1012.80	
1957	6	19	6	0	0	1011.20	
1957	6	19	12	0	0	1010.80	
1957	6	19	18	0	0	1011.10	
1957	6	20	0	0	0	1012.80	
1957	6	20	6	0	0	1014.80	
1957	6	20	12	0	0	1015.00	
1957	6	21	0	0	0	1017.90	
1957	6	21	6	0	0	1019.90	
1957	6	21	12	0	0	1018.50	
1957	6	21	18	0	0	1015.00	
1957	6	22	0	0	0	1013.60	
1957	6	22	6	0	0	1010.40	
1957	6	22	12	0	0	1007.40	
1957	6	22	18	0	0	1003.30	
1957	6	23	0	0	0	1001.80	
1957	6	23	6	0	0	1004.70	
1957	6	23	12	0	0	1009.40	
1957	6	24	0	0	0	1011.00	
1957	6	24	12	0	0	1009.70	
1957	6	24	18	0	0	1008.40	
1957	6	25	0	0	0	1006.30	
1957	6	25	6	0	0	1002.70	
1957	6	25	12	0	0	1006.60	
1957	6	25	18	0	0	1010.40	
1957	6	26	0	0	0	1014.30	
1957	6	26	6	0	0	1016.30	
1957	6	26	12	0	0	1017.30	
1957	6	26	18	0	0	1019.20	
1957	6	27	6	0	0	1020.90	
1957	6	27	12	0	0	1020.70	
1957	6	27	18	0	0	1022.30	
1957	6	28	0	0	0	1023.80	
1957	6	28	6	0	0	1021.80	
1957	6	28	12	0	0	1018.00	
1957	6	28	18	0	0	1016.50	
1957	6	29	6	0	0	1019.10	
1957	6	29	18	0	0	1019.20	
1957	6	30	0	0	0	1018.20	
1957	6	30	6	0	0	1015.70	
1957	6	30	12	0	0	1016.50	
1957	6	30	18	0	0	1018.30	
1957	7	18	12	0	0	1001.90	
1957	7	20	0	0	0	1010.10	
1957	7	20	6	0	0	1010.20	
1957	7	20	12	0	0	1009.20	
1957	7	20	18	0	0	1008.00	
1957	7	21	6	0	0	1006.70	
1957	7	21	12	0	0	1005.50	
1957	7	21	18	0	0	1004.00	
1957	7	22	0	0	0	1003.70	
1957	7	22	6	0	0	1003.40	
1957	7	22	18	0	0	1001.80	
1957	7	23	0	0	0	1003.10	
1957	7	23	12	0	0	1002.20	
1957	7	24	0	0	0	1001.20	
1957	7	25	0	0	0	1005.50	
1957	7	25	6	0	0	1007.20	
1957	7	25	12	0	0	1008.10	
1957	7	25	18	0	0	1008.40	
1957	7	26	0	0	0	1008.50	
1957	7	26	6	0	0	1007.50	
1957	7	26	12	0	0	1005.80	
1957	7	26	18	0	0	1006.30	
1957	7	27	0	0	0	1004.90	
1957	7	27	6	0	0	1003.30	
1957	7	27	12	0	0	1002.60	
1957	7	27	18	0	0	1001.60	
1957	7	28	0	0	0	1002.80	
1957	7	28	6	0	0	1004.00	
1957	7	28	12	0	0	1004.30	
1957	7	28	18	0	0	1006.20	
1957	7	29	0	0	0	1008.30	
1957	7	29	12	0	0	1010.20	
1957	7	30	0	0	0	1013.60	
1957	7	30	6	0	0	1013.80	
1957	7	30	12	0	0	1012.90	
1957	7	30	18	0	0	1013.60	
1957	7	31	0	0	0	1014.20	
1957	7	31	6	0	0	1015.70	
1957	7	31	18	0	0	1018.20	
1957	8	1	12	0	0	1019.50	
1957	8	2	12	0	0	1015.80	
1957	8	3	12	0	0	1014.10	
1957	8	4	12	0	0	1015.80	
1957	8	5	12	0	0	1019.20	
1957	8	8	12	0	0	1014.80	qc_reject
1957	8	9	12	0	0	1011.50	
1957	8	10	12	0	0	1003.50	
1957	8	11	0	0	0	1003.50	
1957	8	11	12	0	0	1010.90	
1957	8	11	18	0	0	1012.30	
1957	8	12	0	0	0	1013.30	
1957	8	12	6	0	0	1012.50	
1957	8	12	12	0	0	1010.60	
1957	8	13	12	0	0	1013.20	
1957	8	14	0	0	0	1014.80	
1957	8	14	6	0	0	1014.20	
1957	8	14	18	0	0	1011.80	
1957	8	15	0	0	0	1007.60	
1957	8	15	18	0	0	1006.40	
1957	8	17	12	0	0	1006.80	
1957	8	18	0	0	0	1002.20	
1957	8	18	6	0	0	999.70	
1957	8	18	18	0	0	1012.00	qc_reject
1957	8	19	12	0	0	1008.40	
1957	8	20	0	0	0	1013.60	
1957	8	20	6	0	0	1015.20	
1957	8	20	12	0	0	1013.40	
1957	8	20	18	0	0	1016.60	
1957	8	21	12	0	0	1012.90	
1957	8	22	0	0	0	1009.70	
1957	8	22	12	0	0	1007.40	
1957	8	23	0	0	0	1008.10	
1957	8	23	6	0	0	1008.30	
1957	8	23	12	0	0	1009.20	
1957	8	23	18	0	0	1011.00	
1957	8	24	0	0	0	1012.30	
1957	8	24	12	0	0	1010.00	
1957	8	24	18	0	0	1006.30	
1957	8	25	6	0	0	1011.70	
1957	8	25	12	0	0	1014.20	
1957	8	25	18	0	0	1013.80	
1957	8	27	6	0	0	1010.20	
1957	8	27	12	0	0	1012.10	
1957	8	27	18	0	0	1013.10	
1957	8	29	12	0	0	1016.50	
1957	8	29	18	0	0	1016.80	
1957	8	30	6	0	0	1014.60	
1957	8	30	12	0	0	1014.40	
1957	8	31	0	0	0	1015.30	
1957	8	31	12	0	0	1016.60	
1957	9	1	0	0	0	1015.90	
1957	9	1	6	0	0	1013.90	
1957	9	1	12	0	0	1012.90	
1957	9	1	18	0	0	1013.10	
1957	9	2	0	0	0	1015.10	
1957	9	2	12	0	0	1017.60	
1957	9	2	18	0	0	1017.80	
1957	9	3	0	0	0	1016.90	
1957	9	3	6	0	0	1015.00	
1957	9	3	18	0	0	1014.30	
1957	9	4	6	0	0	1018.30	
1957	9	4	12	0	0	1019.40	
1957	9	4	18	0	0	1020.40	
1957	9	5	0	0	0	1021.40	
1957	9	5	6	0	0	1021.80	
1957	9	6	0	0	0	1018.20	
1957	9	6	6	0	0	1017.00	
1957	9	6	12	0	0	1016.60	
1957	9	7	0	0	0	1019.70	
1957	9	7	12	0	0	1020.90	
1957	9	7	18	0	0	1021.40	
1957	9	8	0	0	0	1021.90	
1957	9	8	6	0	0	1022.40	
1957	9	8	12	0	0	1022.10	
1957	9	8	18	0	0	1021.70	
1957	9	9	0	0	0	1021.60	
1957	9	9	6	0	0	1021.40	
1957	9	9	12	0	0	1019.40	
1957	9	9	18	0	0	1017.60	
1957	9	10	0	0	0	1020.20	
1957	9	10	6	0	0	1021.60	
1957	9	10	12	0	0	1019.90	
1957	9	10	18	0	0	1019.30	
1957	9	11	0	0	0	1016.70	
1957	9	11	6	0	0	1016.10	
1957	9	11	12	0	0	1011.00	
1957	9	11	18	0	0	1007.10	
1957	9	12	0	0	0	1002.00	
1957	9	12	6	0	0	999.50	
1957	9	12	12	0	0	994.60	
1957	9	12	18	0	0	997.50	
1957	9	13	0	0	0	1001.00	
1957	9	13	6	0	0	1003.60	
1957	9	14	0	0	0	1009.70	
1957	9	14	6	0	0	1002.70	
1957	9	14	12	0	0	1004.50	
1957	9	14	18	0	0	1006.40	
1957	9	15	0	0	0	1007.30	
1957	9	15	6	0	0	1005.90	
1957	9	15	12	0	0	998.10	
1957	9	15	18	0	0	1003.30	
1957	10	1	0	0	0	1008.40	
1957	10	1	6	0	0	1010.70	
1957	10	1	12	0	0	1013.00	
1957	10	1	18	0	0	1014.70	
1957	10	2	0	0	0	1016.10	
1957	10	2	12	0	0	1020.90	
1957	10	3	0	0	0	1019.80	
1957	10	3	6	0	0	1018.10	
1957	10	3	12	0	0	1012.50	
1957	10	3	18	0	0	1006.50	
1957	10	4	0	0	0	1003.70	
1957	10	4	6	0	0	1003.30	
1957	10	5	6	0	0	1015.80	
1957	10	5	18	0	0	1016.80	
1957	10	6	12	0	0	1014.50	
1957	10	6	18	0	0	1016.50	
1957	10	7	0	0	0	1017.20	
1957	10	7	6	0	0	1013.30	
1957	10	7	12	0	0	1016.50	
1957	10	7	18	0	0	1019.20	
1957	10	8	0	0	0	1025.90	
1957	10	8	6	0	0	1030.00	
1957	10	8	18	0	0	1031.00	
1957	10	10	12	0	0	1023.00	
1957	10	10	18	0	0	1022.80	
1957	10	11	12	0	0	1019.40	
1957	10	11	18	0	0	1019.20	
1957	10	12	0	0	0	1019.10	
1957	10	12	12	0	0	1016.70	
1957	10	12	18	0	0	1020.10	
1957	10	14	6	0	0	1020.00	
1957	10	14	12	0	0	1020.00	
1957	10	14	18	0	0	1021.70	
1957	10	15	0	0	0	1024.20	
1957	10	15	6	0	0	1025.30	
1957	10	15	12	0	0	1026.40	
1957	10	15	18	0	0	1027.30	
1957	10	16	0	0	0	1027.80	
1957	10	16	12	0	0	1026.70	
1957	10	16	18	0	0	1025.80	
1957	10	17	12	0	0	1015.00	
1957	10	17	18	0	0	1015.20	
1957	10	18	0	0	0	1015.00	
1957	10	18	6	0	0	1014.30	
1957	10	18	12	0	0	1009.60	
1957	10	18	18	0	0	1007.30	
1957	10	19	0	0	0	1007.10	
1957	10	19	12	0	0	1007.00	
1957	10	19	18	0	0	1006.30	
1957	10	20	0	0	0	1005.70	
1957	10	20	6	0	0	1007.20	
1957	10	20	12	0	0	1011.30	
1957	10	20	18	0	0	1013.50	
1957	10	21	0	0	0	1014.40	
1957	10	21	6	0	0	1015.60	
1957	10	22	12	0	0	1008.70	
1957	10	22	18	0	0	1007.70	
1957	10	23	0	0	0	1006.80	
1957	10	23	12	0	0	1007.80	
1957	10	23	18	0	0	1010.00	
1957	10	24	0	0	0	1010.20	
1957	10	24	6	0	0	1009.70	
1957	10	24	12	0	0	1008.60	
1957	10	25	0	0	0	1016.40	
1957	10	25	12	0	0	1021.90	
1957	10	25	18	0	0	1023.30	
1957	10	26	0	0	0	1024.30	
1957	10	26	12	0	0	1021.40	
1957	10	26	18	0	0	1020.60	
1957	10	27	0	0	0	1019.30	
1957	10	27	6	0	0	1018.30	
1957	10	27	18	0	0	1017.70	
1957	10	28	0	0	0	1018.20	
1957	10	28	6	0	0	1018.00	
1957	10	29	12	0	0	1016.10	
1957	10	30	0	0	0	1016.70	
1957	10	30	6	0	0	1015.60	
1957	10	30	12	0	0	1013.10	
1957	10	30	18	0	0	1012.30	
1957	10	31	0	0	0	1012.50	
1957	10	31	6	0	0	1011.30	
1957	10	31	12	0	0	1010.10	
1957	10	31	18	0	0	1008.80	
1957	11	1	0	0	0	1008.50	
1957	11	1	12	0	0	1003.90	
1957	11	2	6	0	0	1010.30	
1957	11	2	12	0	0	1012.20	
1957	11	2	18	0	0	1013.90	
1957	11	3	0	0	0	1015.60	
1957	11	3	6	0	0	1017.10	
1957	11	3	18	0	0	1016.90	
1957	11	4	0	0	0	1016.20	
1957	11	4	6	0	0	1016.40	
1957	11	4	12	0	0	1016.00	
1957	11	4	18	0	0	1016.50	
1957	11	5	0	0	0	1016.50	
1957	11	5	6	0	0	1016.30	
1957	11	5	12	0	0	1015.20	
1957	11	5	18	0	0	1014.90	
1957	11	6	12	0	0	1014.50	
1957	11	7	0	0	0	1014.70	
1957	11	7	6	0	0	1013.40	
1957	11	7	12	0	0	1012.00	
1957	11	7	18	0	0	1011.70	
1957	11	8	0	0	0	1011.60	
1957	11	8	6	0	0	1012.80	
1957	11	8	18	0	0	1013.80	
1957	11	9	0	0	0	1013.70	
1957	11	9	12	0	0	1012.30	
1957	11	9	18	0	0	1013.30	
1957	11	10	6	0	0	1014.50	
1957	11	10	12	0	0	1015.70	
1957	11	10	18	0	0	1017.70	
1957	11	11	0	0	0	1019.60	
1957	11	11	6	0	0	1021.20	
1957	11	11	12	0	0	1022.90	
1957	11	11	18	0	0	1024.30	
1957	11	12	0	0	0	1027.40	
1957	11	12	6	0	0	1028.60	
1957	11	13	0	0	0	1031.50	
1957	11	13	6	0	0	1031.20	
1957	11	13	12	0	0	1031.30	
1957	11	13	18	0	0	1030.50	
1957	11	14	0	0	0	1030.00	
1957	11	14	6	0	0	1028.50	
1957	11	14	12	0	0	1029.00	
1957	11	14	18	0	0	1030.70	
1957	11	15	0	0	0	1031.90	
1957	11	15	6	0	0	1032.20	
1957	11	15	12	0	0	1031.90	
1957	11	15	18	0	0	1031.30	
1957	11	16	0	0	0	1029.80	
1957	11	16	6	0	0	1030.20	
1957	11	16	12	0	0	1031.20	
1957	11	17	0	0	0	1033.20	
1957	11	17	12	0	0	1034.50	
1957	11	17	18	0	0	1035.30	
1957	11	18	0	0	0	1036.50	
1957	11	18	12	0	0	1035.00	
1957	11	18	18	0	0	1034.40	
1957	11	19	0	0	0	1034.70	
1957	11	19	6	0	0	1035.10	
1957	11	19	12	0	0	1036.60	
1957	11	19	18	0	0	1039.90	
1957	11	20	0	0	0	1042.20	
1957	11	20	6	0	0	1042.50	
1957	11	20	12	0	0	1042.40	
1957	11	20	18	0	0	1041.50	
1957	11	21	6	0	0	1039.00	
1957	11	21	18	0	0	1033.50	
1957	11	22	0	0	0	1030.20	
1957	11	22	6	0	0	1026.70	
1957	11	22	18	0	0	1018.80	
1957	11	23	0	0	0	1017.00	
1957	11	23	18	0	0	1011.70	
1957	11	24	0	0	0	1011.90	
1957	11	24	6	0	0	1014.30	
1957	11	24	12	0	0	1013.10	
1957	11	25	0	0	0	1010.90	
1957	11	25	6	0	0	1008.90	
1957	11	25	12	0	0	1011.30	
1957	11	26	0	0	0	1016.00	
1957	11	26	6	0	0	1017.40	
1957	11	26	12	0	0	1017.80	
1957	11	26	18	0	0	1014.80	
1957	11	27	18	0	0	1012.10	
1957	11	28	6	0	0	1010.60	
1957	11	28	12	0	0	1002.30	
1957	11	28	18	0	0	997.00	
1957	11	29	0	0	0	992.70	
1957	11	29	6	0	0	1001.50	
1957	11	29	12	0	0	1010.00	
1957	11	29	18	0	0	1020.70	
1957	11	30	0	0	0	1025.10	
1957	11	30	6	0	0	1027.20	
1957	11	30	12	0	0	1027.40	
1957	12	1	0	0	0	1027.30	
1957	12	1	6	0	0	1026.50	
1957	12	1	12	0	0	1024.90	
1957	12	1	18	0	0	1024.90	
1957	12	2	0	0	0	1026.00	
1957	12	2	6	0	0	1026.50	
1957	12	2	12	0	0	1027.00	
1957	12	2	18	0	0	1027.20	
1957	12	4	6	0	0	1022.50	
1957	12	4	12	0	0	1020.70	
1957	12	4	18	0	0	1018.90	
1957	12	5	0	0	0	1015.30	
1957	12	5	6	0	0	1010.00	
1957	12	5	18	0	0	1014.00	
1957	12	6	0	0	0	1018.30	
1957	12	6	6	0	0	1021.90	
1957	12	6	12	0	0	1025.60	
1957	12	6	18	0	0	1025.20	
1957	12	7	0	0	0	1021.20	
1957	12	7	6	0	0	1015.70	
1957	12	7	12	0	0	1010.80	
1957	12	7	18	0	0	1008.10	
1957	12	9	0	0	0	971.00	
1957	12	9	6	0	0	967.30	
1957	12	9	18	0	0	985.10	
1957	12	10	0	0	0	990.50	
1957	12	10	6	0	0	991.90	
1957	12	10	18	0	0	994.40	
1957	12	11	6	0	0	1002.20	
1957	12	11	12	0	0	1008.00	
1957	12	12	0	0	0	1010.70	
1957	12	12	6	0	0	1008.70	
1957	12	12	12	0	0	1005.60	
1957	12	12	18	0	0	1003.60	
1957	12	13	12	0	0	998.30	
1957	12	13	18	0	0	993.00	
1957	12	14	0	0	0	986.90	
1957	12	14	6	0	0	993.40	qc_reject
1957	12	14	12	0	0	989.70	
1957	12	14	18	0	0	998.90	
1957	12	15	0	0	0	1009.30	
1957	12	15	6	0	0	1017.50	
1957	12	15	12	0	0	1023.10	
1957	12	15	18	0	0	1027.30	
1957	12	16	0	0	0	1030.70	
1957	12	16	6	0	0	1031.10	
1957	12	16	18	0	0	1033.10	
1957	12	17	0	0	0	1031.10	
1957	12	17	6	0	0	1029.50	
1957	12	17	12	0	0	1025.30	
1957	12	17	18	0	0	1024.20	
1957	12	18	0	0	0	1023.70	
1957	12	18	6	0	0	1024.00	
1957	12	18	12	0	0	1023.80	
1957	12	18	18	0	0	1025.90	
1957	12	19	0	0	0	1026.00	
1957	12	19	6	0	0	1028.50	
1957	12	19	12	0	0	1030.30	
1957	12	19	18	0	0	1031.40	
1957	12	20	6	0	0	1030.20	
1957	12	20	12	0	0	1029.90	
1957	12	20	18	0	0	1028.20	
1957	12	21	0	0	0	1025.90	
1957	12	21	6	0	0	1023.00	
1957	12	21	12	0	0	1020.10	
1957	12	22	0	0	0	1024.70	
1957	12	22	6	0	0	1024.90	
1957	12	22	12	0	0	1024.40	
1957	12	22	18	0	0	1024.60	
1957	12	23	0	0	0	1024.80	
1957	12	23	6	0	0	1023.70	
1957	12	23	18	0	0	1021.60	
1957	12	24	0	0	0	1019.60	
1957	12	24	6	0	0	1019.00	
1957	12	24	12	0	0	1018.90	
1957	12	24	18	0	0	1020.20	
1957	12	25	0	0	0	1020.50	
1957	12	25	6	0	0	1020.60	
1957	12	25	12	0	0	1019.10	
1957	12	25	18	0	0	1017.10	
1957	12	26	0	0	0	1017.00	
1957	12	26	6	0	0	1018.30	
1957	12	26	12	0	0	1019.80	
1957	12	26	18	0	0	1021.60	
1957	12	27	0	0	0	1022.20	
1957	12	27	6	0	0	1021.50	
1957	12	27	12	0	0	1020.00	
1957	12	27	18	0	0	1018.30	
1957	12	28	0	0	0	1018.70	
1957	12	28	6	0	0	1014.50	
1957	12	29	0	0	0	1004.30	
1957	12	29	6	0	0	1001.40	
1957	12	29	12	0	0	1001.60	
1957	12	29	18	0	0	1000.70	
1957	12	30	0	0	0	994.00	
1957	12	30	6	0	0	989.60	
1957	12	30	18	0	0	990.20	
1957	12	31	0	0	0	991.30	
1957	12	31	18	0	0	996.00	
1958	1	1	0	0	0	995.70	
1958	1	1	6	0	0	997.50	
1958	1	2	0	0	0	1001.00	
1958	1	2	6	0	0	1005.00	
1958	1	3	6	0	0	1018.00	
1958	1	3	18	0	0	1023.30	
1958	1	4	0	0	0	1025.00	
1958	1	4	6	0	0	1028.40	
1958	1	4	18	0	0	1032.70	
1958	1	5	6	0	0	1029.20	
1958	1	5	18	0	0	1021.50	
1958	1	6	0	0	0	1013.40	
1958	1	6	6	0	0	1006.20	
1958	1	6	18	0	0	998.30	
1958	1	7	0	0	0	993.50	
1958	1	7	6	0	0	986.60	
1958	1	7	18	0	0	981.00	
1958	1	8	0	0	0	984.40	
1958	1	8	6	0	0	992.80	
1958	1	8	18	0	0	1008.00	
1958	1	9	0	0	0	1008.70	
1958	1	9	18	0	0	993.50	
1958	1	10	18	0	0	991.90	
1958	1	11	0	0	0	993.50	
1958	1	11	6	0	0	997.30	
1958	1	11	18	0	0	999.10	
1958	1	12	0	0	0	998.10	
1958	1	12	6	0	0	999.60	
1958	1	13	0	0	0	1012.00	
1958	1	13	6	0	0	1015.30	
1958	1	14	0	0	0	1021.90	
1958	1	14	6	0	0	1023.80	
1958	1	14	18	0	0	1026.40	
1958	1	15	0	0	0	1026.40	
1958	1	15	6	0	0	1026.10	
1958	1	16	0	0	0	1025.40	
1958	1	16	6	0	0	1026.30	
1958	1	16	18	0	0	1024.10	
1958	1	17	0	0	0	1017.90	
1958	1	17	6	0	0	1012.60	
1958	1	17	18	0	0	1008.30	
1958	1	18	0	0	0	1002.10	
1958	1	18	6	0	0	999.90	
1958	1	19	6	0	0	989.10	
1958	1	20	0	0	0	989.30	
1958	1	20	18	0	0	996.50	
1958	1	21	6	0	0	1005.30	
1958	1	21	18	0	0	1011.20	
1958	1	22	0	0	0	1009.70	
1958	1	22	6	0	0	1008.50	
1958	1	22	18	0	0	1012.70	
1958	1	23	18	0	0	1016.10	
1958	1	24	0	0	0	1011.20	
1958	1	24	6	0	0	1012.30	
1958	1	24	18	0	0	1020.20	
1958	1	25	0	0	0	1022.30	
1958	1	25	6	0	0	1024.40	
1958	1	25	18	0	0	1031.60	
1958	1	26	0	0	0	1034.10	
1958	1	26	6	0	0	1036.30	
1958	1	26	18	0	0	1042.90	
1958	1	27	0	0	0	1045.70	
1958	1	27	6	0	0	1046.30	
1958	1	27	18	0	0	1045.70	
1958	1	28	0	0	0	1044.00	
1958	1	28	6	0	0	1040.90	
1958	1	28	18	0	0	1030.50	
1958	1	29	6	0	0	1019.60	
1958	1	29	18	0	0	1022.20	
1958	1	30	6	0	0	1027.00	
1958	1	30	18	0	0	1026.70	
1958	1	31	0	0	0	1023.00	
1958	1	31	6	0	0	1020.00	
1958	1	31	18	0	0	1022.30	
1958	2	1	0	0	0	1023.60	
1958	2	1	18	0	0	1022.90	
1958	2	2	18	0	0	1018.70	
1958	2	3	0	0	0	1014.00	
1958	2	3	6	0	0	1004.00	
1958	2	3	18	0	0	1003.40	
1958	2	4	0	0	0	1005.80	
1958	2	4	6	0	0	1008.40	
1958	2	4	18	0	0	1009.30	
1958	2	15	0	0	0	1014.70	
1958	2	15	18	0	0	1014.00	
1958	2	16	6	0	0	1001.00	
1958	2	16	18	0	0	988.30	
1958	2	17	0	0	0	984.10	
1958	2	27	18	0	0	1016.20	
1958	3	1	0	0	0	1019.00	
1958	3	1	6	0	0	1018.60	
1958	3	2	0	0	0	1007.80	
1958	3	2	6	0	0	1004.10	
1958	3	2	18	0	0	1004.10	
1958	3	3	0	0	0	1005.10	
1958	3	3	6	0	0	1007.40	
1958	3	3	18	0	0	1015.20	
1958	3	4	6	0	0	1022.90	
1958	3	4	18	0	0	1025.00	
1958	3	5	6	0	0	1013.90	
1958	3	6	0	0	0	1000.50	
1958	3	6	6	0	0	997.00	
1958	3	6	18	0	0	999.50	
1958	3	7	0	0	0	1000.50	
1958	3	7	6	0	0	1001.90	
1958	3	7	18	0	0	1008.00	
1958	3	8	0	0	0	1010.20	
1958	3	8	18	0	0	1008.40	
1958	3	9	0	0	0	1004.80	
1958	3	9	6	0	0	998.30	
1958	3	10	0	0	0	990.30	
1958	3	10	6	0	0	986.80	
1958	3	11	0	0	0	995.60	
1958	3	11	6	0	0	998.10	
1958	3	11	18	0	0	1001.50	
1958	3	12	0	0	0	1001.90	
1958	3	12	6	0	0	1002.00	
1958	3	12	18	0	0	1002.60	
1958	3	13	0	0	0	1003.10	
1958	3	13	6	0	0	1001.00	
1958	3	14	0	0	0	996.20	
1958	3	14	6	0	0	994.40	
1958	3	14	18	0	0	997.40	
1958	3	19	6	0	0	1020.70	
1958	3	21	0	0	0	1018.60	
1958	3	28	18	0	0	1016.20	
1958	4	1	0	0	0	1013.10	
1958	4	1	6	0	0	1013.00	
1958	4	1	18	0	0	1016.80	
1958	4	2	0	0	0	1019.20	
1958	4	2	6	0	0	1022.50	
1958	4	2	18	0	0	1024.70	
1958	4	3	0	0	0	1025.50	
1958	4	3	6	0	0	1025.80	
1958	4	3	18	0	0	1026.40	
1958	4	4	6	0	0	1022.50	
1958	4	4	18	0	0	1016.80	
1958	4	5	0	0	0	1012.90	
1958	4	5	18	0	0	1003.30	
1958	4	6	0	0	0	1002.40	
1958	4	6	6	0	0	1004.20	
1958	4	6	18	0	0	1006.70	
1958	4	7	0	0	0	1007.30	
1958	4	7	6	0	0	1008.20	
1958	4	7	18	0	0	1012.70	
1958	4	8	0	0	0	1014.20	
1958	4	8	6	0	0	1014.70	
1958	4	8	18	0	0	1015.30	
1958	4	9	6	0	0	1015.40	
1958	4	9	18	0	0	1014.00	
1958	4	27	0	0	0	1011.50	
1958	5	1	0	0	0	1024.60	
1958	5	1	6	0	0	1022.60	
1958	5	1	12	0	0	1021.80	
1958	5	1	18	0	0	1022.40	
1958	5	2	0	0	0	1023.40	
1958	5	2	6	0	0	1022.80	
1958	5	2	12	0	0	1018.50	
1958	5	4	0	0	0	1008.10	
1958	5	4	6	0	0	1006.50	
1958	5	4	18	0	0	1010.70	
1958	5	14	12	0	0	1020.80	
1958	5	26	12	0	0	1016.70	
1958	5	30	12	0	0	1022.50	
1958	6	1	0	0	0	1017.20	
1958	6	1	6	0	0	1017.70	
1958	6	2	0	0	0	1016.50	
1958	6	2	6	0	0	1016.90	
1958	6	2	18	0	0	1015.60	
1958	6	3	0	0	0	1014.70	
1958	6	3	6	0	0	1014.70	
1958	6	3	18	0	0	1014.60	
1958	6	4	0	0	0	1015.40	
1958	6	4	6	0	0	1014.50	
1958	6	4	18	0	0	1009.50	
1958	6	5	0	0	0	1007.70	
1958	6	5	6	0	0	1005.50	
1958	6	5	18	0	0	1007.20	
1958	6	6	0	0	0	1011.20	
1958	6	6	6	0	0	1014.40	
1958	6	6	18	0	0	1018.30	
1958	6	7	0	0	0	1021.30	
1958	6	7	6	0	0	1023.10	
1958	6	7	18	0	0	1020.30	
1958	6	8	0	0	0	1021.60	
1958	6	8	6	0	0	1020.80	
1958	6	8	18	0	0	1015.80	
1958	6	9	0	0	0	1014.50	
1958	6	9	6	0	0	1012.90	
1958	6	9	18	0	0	1010.00	
1958	6	10	6	0	0	1009.10	
1958	6	10	18	0	0	1008.10	
1958	6	11	0	0	0	1010.10	
1958	6	11	6	0	0	1010.40	
1958	6	11	18	0	0	1012.20	
1958	6	12	0	0	0	1013.60	
1958	6	12	6	0	0	1015.20	
1958	6	12	18	0	0	1017.10	
1958	6	25	0	0	0	1011.70	
1958	6	25	12	0	0	1008.10	
1958	6	30	6	0	0	1006.90	
1958	7	1	6	0	0	1012.90	
1958	7	2	0	0	0	1011.30	
1958	7	2	6	0	0	1011.60	
1958	7	2	18	0	0	1011.80	
1958	7	3	0	0	0	1012.70	
1958	7	3	6	0	0	1013.00	
1958	7	3	18	0	0	1011.20	
1958	7	4	0	0	0	1010.20	
1958	7	4	18	0	0	1002.40	
1958	7	16	0	0	0	1020.90	
1958	7	16	6	0	0	1020.90	
1958	7	16	18	0	0	1013.20	
1958	7	17	0	0	0	1014.20	
1958	7	17	6	0	0	1011.20	
1958	7	18	0	0	0	1015.10	
1958	7	18	6	0	0	1014.40	
1958	7	18	18	0	0	1013.90	
1958	7	19	0	0	0	1014.70	
1958	7	19	6	0	0	1016.90	
1958	7	19	18	0	0	1016.30	
1958	7	21	18	0	0	1002.40	
1958	8	1	0	0	0	1021.50	
1958	8	1	6	0	0	1022.10	
1958	8	1	18	0	0	1021.30	
1958	8	2	0	0	0	1021.10	
1958	8	2	6	0	0	1015.10	
1958	8	2	18	0	0	1015.70	
1958	8	3	18	0	0	1020.60	
1958	8	4	12	0	0	1022.70	
1958	8	12	18	0	0	1017.60	
1958	8	14	0	0	0	1012.40	
1958	8	24	12	0	0	1010.90	
1958	8	28	6	0	0	1017.80	
1958	8	30	0	0	0	1015.00	
1958	8	30	6	0	0	1017.20	
1958	9	1	0	0	0	1023.60	
1958	9	1	6	0	0	1024.40	
1958	9	1	18	0	0	1025.10	
1958	9	2	0	0	0	1025.20	
1958	9	2	6	0	0	1025.20	
1958	9	2	18	0	0	1025.50	
1958	9	3	0	0	0	1027.60	
1958	9	3	6	0	0	1029.20	
1958	9	3	18	0	0	1027.40	
1958	9	4	0	0	0	1027.90	
1958	9	4	6	0	0	1026.80	
1958	9	5	0	0	0	1024.80	
1958	9	5	6	0	0	1025.40	
1958	9	5	18	0	0	1022.50	
1958	9	9	0	0	0	1015.30	
1958	9	15	18	0	0	1017.70	
1958	9	19	0	0	0	1027.30	
1958	10	1	0	0	0	1015.30	
1958	10	1	6	0	0	1013.70	
1958	10	15	12	0	0	1000.30	
1958	10	20	18	0	0	1019.40	
1958	10	26	6	0	0	1016.20	
1958	11	18	12	0	0	1039.00	
1958	11	19	6	0	0	1041.70	
1958	11	22	18	0	0	1030.00	
1958	11	23	6	0	0	1027.90	
1958	12	5	6	0	0	993.60	
1958	12	27	6	0	0	1017.60	
1959	1	1	12	0	0	1004.50	
1959	1	2	12	0	0	1003.80	
1959	1	3	12	0	0	998.40	
1959	1	4	12	0	0	1000.10	
1959	1	5	12	0	0	996.70	
1959	1	7	12	0	0	1006.70	
1959	1	8	12	0	0	997.10	
1959	1	9	12	0	0	998.40	
1959	1	10	12	0	0	987.30	
1959	1	11	12	0	0	1008.50	
1959	1	12	12	0	0	998.80	
1959	1	13	12	0	0	992.70	
1959	1	14	12	0	0	993.90	
1959	1	14	15	0	0	993.50	
1959	1	15	12	0	0	997.60	
1959	1	16	12	0	0	1011.80	
1959	1	17	12	0	0	1019.40	
1959	1	19	9	0	0	1018.00	
1959	1	20	21	0	0	1002.40	
1959	1	23	12	0	0	1001.40	
1959	1	31	6	0	0	1016.10	
1959	2	4	12	0	0	1039.90	
1959	2	5	12	0	0	1031.30	
1959	2	6	12	0	0	1033.30	
1959	2	7	12	0	0	1034.10	
1959	2	7	21	0	0	1033.50	
1959	2	8	12	0	0	1034.10	
1959	2	9	6	0	0	1039.00	
1959	2	9	12	0	0	1040.00	
1959	2	10	12	0	0	1041.20	
1959	2	11	6	0	0	1042.10	
1959	2	11	12	0	0	1042.00	
1959	2	12	12	0	0	1045.00	
1959	2	13	12	0	0	1045.00	
1959	2	14	12	0	0	1043.30	
1959	2	15	6	0	0	1039.70	
1959	2	15	9	0	0	1039.20	
1959	2	15	12	0	0	1037.60	
1959	2	16	12	0	0	1029.40	qc_reject
1959	2	17	12	0	0	1033.50	
1959	2	18	12	0	0	1029.20	
1959	2	19	12	0	0	1022.00	
1959	2	20	9	0	0	1011.80	
1959	2	20	12	0	0	1008.40	
1959	2	21	12	0	0	989.00	
1959	2	22	12	0	0	998.90	
1959	2	23	12	0	0	1016.70	
1959	2	24	12	0	0	1003.10	
1959	2	25	0	0	0	1013.30	
1959	2	25	12	0	0	1015.20	
1959	2	27	12	0	0	1019.60	
1959	2	28	12	0	0	1024.00	
1959	3	1	12	0	0	1024.80	
1959	3	2	12	0	0	1031.20	
1959	3	3	12	0	0	1026.90	
1959	3	4	12	0	0	1018.20	
1959	3	5	12	0	0	1015.00	
1959	3	6	12	0	0	1014.70	
1959	3	7	12	0	0	1006.60	
1959	3	9	12	0	0	1019.50	
1959	3	10	12	0	0	1030.70	
1959	3	11	12	0	0	1029.00	
1959	3	12	12	0	0	1025.70	
1959	3	13	12	0	0	1028.10	
1959	3	14	12	0	0	1030.50	
1959	3	15	12	0	0	1029.80	
1959	3	16	12	0	0	1025.70	
1959	3	17	12	0	0	1029.30	
1959	3	18	12	0	0	1031.90	
1959	3	19	12	0	0	1027.40	
1959	3	21	12	0	0	1033.50	
1959	3	22	3	0	0	1032.50	
1959	3	22	12	0	0	1029.20	
1959	3	23	12	0	0	1026.70	
1959	3	24	21	0	0	1018.30	
1959	3	25	12	0	0	1018.50	
1959	3	26	12	0	0	1015.70	
1959	3	27	12	0	0	1013.10	
1959	3	28	12	0	0	1010.90	
1959	3	29	12	0	0	1008.40	
1959	3	30	12	0	0	1014.00	
1959	3	31	12	0	0	1026.90	
1959	4	1	12	0	0	1031.60	
1959	4	1	15	0	0	1034.50	
1959	4	2	12	0	0	1020.90	
1959	4	3	12	0	0	1018.60	
1959	4	4	12	0	0	1016.60	
1959	4	5	12	0	0	1005.10	
1959	4	6	12	0	0	998.60	
1959	4	7	12	0	0	990.90	
1959	4	8	12	0	0	998.00	
1959	4	9	12	0	0	1000.40	
1959	4	10	12	0	0	986.00	
1959	4	11	12	0	0	999.90	
1959	4	12	12	0	0	1004.30	
1959	4	13	12	0	0	1015.70	
1959	4	14	12	0	0	1023.80	
1959	4	15	12	0	0	1020.20	
1959	4	16	12	0	0	1013.10	
1959	4	17	12	0	0	1007.00	
1959	4	18	12	0	0	1002.30	
1959	4	19	12	0	0	992.80	
1959	4	20	12	0	0	1004.60	
1959	4	21	12	0	0	1021.80	
1959	4	22	12	0	0	1022.70	
1959	4	23	12	0	0	1017.60	
1959	4	24	12	0	0	1021.20	
1959	4	25	12	0	0	1026.10	
1959	4	26	12	0	0	1024.40	
1959	4	27	12	0	0	1020.60	
1959	4	28	12	0	0	1021.50	
1959	4	29	21	0	0	1021.50	
1959	4	30	12	0	0	1020.60	
1959	5	1	12	0	0	1019.30	
1959	5	2	12	0	0	1015.00	
1959	5	3	3	0	0	1011.10	
1959	5	3	9	0	0	1011.50	
1959	5	3	12	0	0	1011.60	
1959	5	4	12	0	0	1013.40	
1959	5	5	12	0	0	1016.30	
1959	5	6	12	0	0	1024.90	
1959	5	7	12	0	0	1025.00	
1959	5	8	12	0	0	1019.20	
1959	5	9	12	0	0	1019.50	
1959	5	9	18	0	0	1019.40	
1959	5	10	12	0	0	1023.20	
1959	5	11	12	0	0	1029.40	
1959	5	12	12	0	0	1027.50	
1959	5	13	12	0	0	1023.50	
1959	5	14	12	0	0	1021.10	
1959	5	14	15	0	0	1020.30	
1959	5	14	21	0	0	1019.90	
1959	5	15	12	0	0	1017.30	
1959	5	16	6	0	0	1017.00	
1959	5	16	12	0	0	1016.50	
1959	5	17	12	0	0	1012.10	
1959	5	18	12	0	0	1011.00	
1959	5	19	12	0	0	1015.70	
1959	5	20	12	0	0	1017.50	
1959	5	21	12	0	0	1013.80	
1959	5	22	12	0	0	1022.20	
1959	5	23	12	0	0	1023.90	
1959	5	24	12	0	0	1016.70	
1959	5	25	12	0	0	1019.10	
1959	5	27	3	0	0	1001.00	
1959	5	28	12	0	0	1010.70	
1959	5	29	12	0	0	1013.30	
1959	5	30	12	0	0	1012.70	
1959	5	30	18	0	0	1011.30	
1959	5	31	12	0	0	1010.50	
1959	6	1	12	0	0	1012.60	
1959	6	2	12	0	0	1013.40	
1959	6	3	12	0	0	1008.80	
1959	6	4	12	0	0	1018.30	
1959	6	5	12	0	0	1021.70	
1959	6	6	12	0	0	1021.70	
1959	6	6	15	0	0	1021.00	
1959	6	7	12	0	0	1019.60	
1959	6	8	12	0	0	1018.40	
1959	6	9	12	0	0	1011.50	
1959	6	10	12	0	0	1011.10	
1959	6	11	12	0	0	1013.30	
1959	6	13	12	0	0	1018.50	
1959	6	14	12	0	0	1018.80	
1959	6	15	12	0	0	1009.30	
1959	6	16	12	0	0	1006.40	
1959	6	17	12	0	0	1012.10	
1959	6	18	12	0	0	1013.70	
1959	6	19	12	0	0	1017.30	
1959	6	20	12	0	0	1020.60	
1959	6	21	12	0	0	1028.20	
1959	6	22	12	0	0	1027.00	
1959	6	23	12	0	0	1022.30	
1959	6	24	12	0	0	1019.50	
1959	6	25	12	0	0	1015.70	
1959	6	26	12	0	0	1017.00	
1959	6	28	12	0	0	1005.10	
1959	6	29	12	0	0	1001.60	
1959	6	30	12	0	0	999.70	
1959	7	1	12	0	0	1000.50	
1959	7	2	12	0	0	1011.20	
1959	7	2	21	0	0	1005.50	
1959	7	3	12	0	0	1008.20	
1959	7	3	21	0	0	1011.10	
1959	7	4	12	0	0	1014.00	
1959	7	5	12	0	0	1021.40	
1959	7	7	12	0	0	1017.40	
1959	7	8	12	0	0	1020.00	
1959	7	10	12	0	0	1018.20	
1959	7	10	21	0	0	1015.60	
1959	7	11	12	0	0	1013.50	
1959	7	11	15	0	0	1013.20	
1959	7	14	21	0	0	1014.20	
1959	7	15	12	0	0	1014.60	
1959	7	16	12	0	0	1018.00	
1959	7	17	12	0	0	1020.40	
1959	7	17	15	0	0	1019.50	
1959	7	18	12	0	0	1020.90	
1959	7	20	12	0	0	1018.80	
1959	7	21	12	0	0	1016.30	
1959	7	22	12	0	0	1013.20	
1959	7	22	21	0	0	1012.70	
1959	7	23	12	0	0	1011.60	
1959	7	24	12	0	0	1012.60	
1959	7	25	12	0	0	1011.20	
1959	7	26	12	0	0	1010.00	
1959	7	28	12	0	0	1008.70	
1959	7	29	0	0	0	1008.40	
1959	7	30	12	0	0	1004.70	
1959	7	30	21	0	0	1008.80	
1959	7	31	12	0	0	1008.20	
1959	8	1	12	0	0	1007.40	
1959	8	2	12	0	0	1006.50	
1959	8	2	21	0	0	1007.10	
1959	8	3	12	0	0	1006.00	
1959	8	4	12	0	0	1003.20	
1959	8	5	12	0	0	1002.50	
1959	8	6	12	0	0	1006.60	
1959	8	7	6	0	0	1010.20	
1959	8	8	3	0	0	1015.30	
1959	8	8	6	0	0	1015.80	
1959	8	8	12	0	0	1016.80	
1959	8	8	15	0	0	1015.90	
1959	8	8	18	0	0	1018.70	
1959	8	9	0	0	0	1019.30	
1959	8	9	3	0	0	1020.30	
1959	8	9	6	0	0	1020.60	
1959	8	9	12	0	0	1020.60	
1959	8	9	15	0	0	1018.90	
1959	8	9	18	0	0	1018.80	
1959	8	10	0	0	0	1019.30	
1959	8	10	6	0	0	1019.00	
1959	8	10	12	0	0	1018.30	
1959	8	10	15	0	0	1018.10	
1959	8	10	18	0	0	1017.70	
1959	8	11	0	0	0	1018.90	
1959	8	11	3	0	0	1018.90	
1959	8	11	6	0	0	1018.70	
1959	8	11	9	0	0	1018.40	
1959	8	11	12	0	0	1017.40	
1959	8	11	15	0	0	1016.60	
1959	8	11	18	0	0	1016.40	
1959	8	11	21	0	0	1017.50	
1959	8	12	0	0	0	1017.00	
1959	8	12	3	0	0	1016.70	
1959	8	12	6	0	0	1016.60	
1959	8	12	9	0	0	1016.40	
1959	8	12	12	0	0	1015.70	
1959	8	12	15	0	0	1015.40	
1959	8	12	18	0	0	1015.40	
1959	8	12	21	0	0	1016.10	
1959	8	13	0	0	0	1016.80	
1959	8	13	3	0	0	1016.50	
1959	8	13	6	0	0	1017.00	
1959	8	13	9	0	0	1017.10	
1959	8	13	12	0	0	1016.80	
1959	8	13	15	0	0	1016.90	
1959	8	13	18	0	0	1017.50	
1959	8	13	21	0	0	1019.40	
1959	8	14	0	0	0	1020.10	
1959	8	14	3	0	0	1020.70	
1959	8	14	6	0	0	1021.20	
1959	8	14	15	0	0	1020.10	
1959	8	14	18	0	0	1020.50	
1959	8	14	21	0	0	1021.40	
1959	8	15	0	0	0	1021.00	
1959	8	15	3	0	0	1020.20	
1959	8	15	6	0	0	1019.80	
1959	8	15	9	0	0	1019.60	
1959	8	15	12	0	0	1018.70	
1959	8	15	21	0	0	1018.50	
1959	8	16	0	0	0	1018.60	
1959	8	16	3	0	0	1018.40	
1959	8	16	6	0	0	1018.40	
1959	8	16	9	0	0	1018.40	
1959	8	16	12	0	0	1017.70	
1959	8	16	15	0	0	1016.50	
1959	8	16	18	0	0	1017.60	
1959	8	16	21	0	0	1018.80	
1959	8	17	0	0	0	1019.40	
1959	8	17	3	0	0	1019.90	
1959	8	17	6	0	0	1020.10	
1959	8	17	9	0	0	1020.40	
1959	8	17	12	0	0	1019.70	
1959	8	17	15	0	0	1020.00	
1959	8	17	18	0	0	1020.90	
1959	8	17	21	0	0	1021.80	
1959	8	18	0	0	0	1022.40	
1959	8	18	3	0	0	1022.80	
1959	8	18	6	0	0	1022.70	
1959	8	18	9	0	0	1022.70	
1959	8	18	12	0	0	1022.50	
1959	8	18	15	0	0	1022.00	
1959	8	18	21	0	0	1022.60	
1959	8	19	0	0	0	1022.50	
1959	8	19	6	0	0	1022.90	
1959	8	19	12	0	0	1022.20	
1959	8	19	15	0	0	1021.60	
1959	8	19	18	0	0	1021.70	
1959	8	19	21	0	0	1022.60	
1959	8	20	0	0	0	1023.20	
1959	8	20	3	0	0	1022.50	
1959	8	20	9	0	0	1022.80	
1959	8	20	15	0	0	1021.40	
1959	8	20	18	0	0	1020.70	
1959	8	20	21	0	0	1021.30	
1959	8	21	0	0	0	1021.20	
1959	8	21	3	0	0	1021.00	
1959	8	21	6	0	0	1020.90	
1959	8	21	9	0	0	1020.80	
1959	8	21	12	0	0	1020.40	
1959	8	21	15	0	0	1019.70	
1959	8	21	18	0	0	1019.80	
1959	8	21	21	0	0	1020.70	
1959	8	22	0	0	0	1021.40	
1959	8	22	3	0	0	1021.70	
1959	8	22	6	0	0	1022.00	
1959	8	22	9	0	0	1021.70	
1959	8	22	12	0	0	1021.20	
1959	8	22	15	0	0	1021.30	
1959	8	22	18	0	0	1021.50	
1959	8	22	21	0	0	1022.80	
1959	8	23	0	0	0	1023.80	
1959	8	23	3	0	0	1023.50	
1959	8	23	6	0	0	1023.00	
1959	8	23	9	0	0	1023.10	
1959	8	23	12	0	0	1022.50	
1959	8	23	15	0	0	1021.90	
1959	8	23	18	0	0	1021.80	
1959	8	23	21	0	0	1022.50	
1959	8	24	0	0	0	1022.50	
1959	8	24	3	0	0	1022.40	
1959	8	24	6	0	0	1022.40	
1959	8	24	9	0	0	1022.00	
1959	8	24	12	0	0	1021.70	
1959	8	24	15	0	0	1021.60	
1959	8	24	21	0	0	1021.20	
1959	8	25	0	0	0	1020.10	
1959	8	25	3	0	0	1019.70	
1959	8	25	6	0	0	1018.30	
1959	8	25	9	0	0	1015.70	
1959	8	25	12	0	0	1012.70	
1959	8	25	18	0	0	1009.50	
1959	8	25	21	0	0	1010.00	
1959	8	26	0	0	0	1010.50	
1959	8	26	3	0	0	1010.20	
1959	8	26	6	0	0	1009.70	
1959	8	26	9	0	0	1008.60	
1959	8	26	12	0	0	1006.60	
1959	8	26	15	0	0	1003.80	
1959	8	26	18	0	0	1002.90	
1959	8	26	21	0	0	1004.20	
1959	8	27	0	0	0	1003.00	
1959	8	27	3	0	0	1003.10	
1959	8	27	6	0	0	1004.50	
1959	8	27	9	0	0	1005.30	
1959	8	27	12	0	0	1006.00	
1959	8	27	15	0	0	1007.00	
1959	8	27	18	0	0	1007.60	
1959	8	27	21	0	0	1008.50	
1959	8	28	0	0	0	1008.10	
1959	8	28	3	0	0	1007.50	
1959	8	28	6	0	0	1006.40	
1959	8	28	9	0	0	1006.30	
1959	8	28	12	0	0	1005.40	
1959	8	28	15	0	0	1004.90	
1959	8	28	18	0	0	1005.10	
1959	8	28	21	0	0	1006.50	
1959	8	29	0	0	0	1006.60	
1959	8	29	3	0	0	1006.70	
1959	8	29	6	0	0	1006.80	
1959	8	29	9	0	0	1007.00	
1959	8	29	12	0	0	1006.90	
1959	8	29	15	0	0	1007.60	
1959	8	29	18	0	0	1007.80	
1959	8	29	21	0	0	1008.70	
1959	8	30	0	0	0	1008.80	
1959	8	30	3	0	0	1008.30	
1959	8	30	6	0	0	1008.40	
1959	8	30	9	0	0	1008.90	
1959	8	30	12	0	0	1008.70	
1959	8	30	15	0	0	1009.40	
1959	8	30	18	0	0	1010.00	
1959	8	30	21	0	0	1011.30	
1959	8	31	3	0	0	1012.00	
1959	8	31	6	0	0	1013.00	
1959	8	31	9	0	0	1013.60	
1959	8	31	12	0	0	1013.60	
1959	8	31	15	0	0	1013.70	
1959	8	31	18	0	0	1014.60	
1959	8	31	21	0	0	1015.30	
1959	9	1	0	0	0	1015.30	
1959	9	1	3	0	0	1015.30	
1959	9	1	6	0	0	1016.00	
1959	9	1	9	0	0	1016.70	
1959	9	1	12	0	0	1017.00	
1959	9	1	15	0	0	1016.60	
1959	9	1	18	0	0	1017.90	
1959	9	1	21	0	0	1019.20	
1959	9	2	0	0	0	1019.60	
1959	9	2	3	0	0	1019.60	
1959	9	2	6	0	0	1020.50	
1959	9	2	9	0	0	1020.30	
1959	9	2	12	0	0	1019.80	
1959	9	2	15	0	0	1015.40	
1959	9	2	21	0	0	1019.70	
1959	9	3	0	0	0	1019.60	
1959	9	3	3	0	0	1018.90	
1959	9	3	6	0	0	1018.60	
1959	9	3	9	0	0	1018.00	
1959	9	3	12	0	0	1017.20	
1959	9	3	15	0	0	1019.60	
1959	9	3	18	0	0	1017.20	
1959	9	3	21	0	0	1018.40	
1959	9	4	0	0	0	1019.40	
1959	9	4	3	0	0	1020.00	
1959	9	4	6	0	0	1021.20	
1959	9	4	9	0	0	1021.60	
1959	9	4	15	0	0	1020.80	
1959	9	4	18	0	0	1021.90	
1959	9	4	21	0	0	1023.10	
1959	9	5	0	0	0	1024.10	
1959	9	5	3	0	0	1024.50	
1959	9	5	6	0	0	1025.00	
1959	9	5	9	0	0	1024.50	
1959	9	5	12	0	0	1024.00	
1959	9	5	15	0	0	1022.60	
1959	9	5	18	0	0	1022.40	
1959	9	5	21	0	0	1021.50	
1959	9	6	0	0	0	1020.50	
1959	9	6	3	0	0	1019.40	
1959	9	6	6	0	0	1018.80	
1959	9	6	9	0	0	1019.80	
1959	9	6	12	0	0	1018.30	
1959	9	6	15	0	0	1018.10	
1959	9	6	18	0	0	1018.70	
1959	9	6	21	0	0	1019.60	
1959	9	7	0	0	0	1020.60	
1959	9	7	3	0	0	1021.10	
1959	9	7	6	0	0	1022.50	
1959	9	7	9	0	0	1023.00	
1959	9	7	12	0	0	1023.10	
1959	9	7	15	0	0	1022.50	
1959	9	7	18	0	0	1022.90	
1959	9	7	21	0	0	1023.60	
1959	9	8	0	0	0	1023.50	
1959	9	8	3	0	0	1022.20	
1959	9	8	6	0	0	1021.00	
1959	9	8	9	0	0	1019.50	
1959	9	8	12	0	0	1018.30	
1959	9	8	18	0	0	1018.00	
1959	9	8	21	0	0	1018.40	
1959	9	9	0	0	0	1018.30	
1959	9	9	3	0	0	1019.20	
1959	9	9	6	0	0	1020.20	
1959	9	9	9	0	0	1020.80	
1959	9	9	12	0	0	1021.10	
1959	9	9	18	0	0	1021.30	
1959	9	9	21	0	0	1021.90	
1959	9	10	0	0	0	1022.20	
1959	9	10	3	0	0	1022.00	
1959	9	10	6	0	0	1021.60	
1959	9	10	9	0	0	1021.60	
1959	9	10	12	0	0	1019.90	
1959	9	10	15	0	0	1017.00	
1959	9	10	18	0	0	1017.10	
1959	9	10	21	0	0	1017.20	
1959	9	11	0	0	0	1016.70	
1959	9	11	3	0	0	1016.00	
1959	9	11	6	0	0	1016.30	
1959	9	11	9	0	0	1017.00	
1959	9	11	12	0	0	1018.60	
1959	9	11	15	0	0	1016.40	
1959	9	11	21	0	0	1017.60	
1959	9	12	0	0	0	1019.50	
1959	9	12	3	0	0	1017.10	
1959	9	12	6	0	0	1016.30	
1959	9	12	9	0	0	1014.70	
1959	9	12	12	0	0	1013.30	
1959	9	12	15	0	0	1012.20	
1959	9	12	18	0	0	1012.20	
1959	9	12	21	0	0	1012.40	
1959	9	13	0	0	0	1011.20	
1959	9	13	3	0	0	1009.80	
1959	9	13	6	0	0	1008.80	
1959	9	13	9	0	0	1007.60	
1959	9	13	12	0	0	1007.00	
1959	9	13	15	0	0	1006.10	
1959	9	13	18	0	0	1005.90	
1959	9	13	21	0	0	1006.90	
1959	9	14	0	0	0	1007.80	
1959	9	14	3	0	0	1008.40	
1959	9	14	6	0	0	1009.10	
1959	9	14	9	0	0	1009.30	
1959	9	14	12	0	0	1008.90	
1959	9	14	15	0	0	1009.00	
1959	9	14	18	0	0	1009.70	
1959	9	14	21	0	0	1010.60	
1959	9	15	0	0	0	1011.80	
1959	9	15	3	0	0	1011.50	
1959	9	15	6	0	0	1011.20	
1959	9	15	12	0	0	1010.10	
1959	9	15	15	0	0	1009.40	
1959	9	15	18	0	0	1009.20	
1959	9	15	21	0	0	1007.90	
1959	9	16	0	0	0	1004.50	
1959	9	16	3	0	0	1001.10	
1959	9	16	6	0	0	999.50	
1959	9	16	9	0	0	999.70	
1959	9	16	12	0	0	1000.90	
1959	9	16	15	0	0	1002.90	
1959	9	16	18	0	0	1004.70	
1959	9	16	21	0	0	1006.20	
1959	9	17	0	0	0	1007.00	
1959	9	17	3	0	0	1007.30	
1959	9	17	12	0	0	1008.20	
1959	9	17	15	0	0	1008.60	
1959	9	17	18	0	0	1010.20	
1959	9	17	21	0	0	1011.00	
1959	9	18	0	0	0	1011.10	
1959	9	18	6	0	0	1012.50	
1959	9	18	9	0	0	1014.30	
1959	9	18	12	0	0	1016.20	
1959	9	18	15	0	0	1016.80	
1959	9	18	18	0	0	1018.50	
1959	9	18	21	0	0	1019.80	
1959	9	19	0	0	0	1019.60	
1959	9	19	3	0	0	1019.30	
1959	9	19	6	0	0	1019.70	
1959	9	19	9	0	0	1018.90	
1959	9	19	12	0	0	1017.90	
1959	9	19	15	0	0	1016.40	
1959	9	19	18	0	0	1014.80	
1959	9	19	21	0	0	1012.90	
1959	9	20	0	0	0	1011.50	
1959	9	20	3	0	0	1012.60	
1959	9	20	6	0	0	1014.10	
1959	9	20	9	0	0	1014.70	
1959	9	20	12	0	0	1016.10	
1959	9	20	18	0	0	1018.40	
1959	9	20	21	0	0	1019.40	
1959	9	21	0	0	0	1020.50	
1959	9	21	3	0	0	1020.30	
1959	9	21	6	0	0	1020.20	
1959	9	21	9	0	0	1018.80	
1959	9	21	12	0	0	1017.40	
1959	9	21	15	0	0	1015.80	
1959	9	21	18	0	0	1015.00	
1959	9	22	0	0	0	1010.70	
1959	9	22	3	0	0	1008.80	
1959	9	22	6	0	0	1006.10	
1959	9	22	9	0	0	1005.50	
1959	9	22	12	0	0	1004.40	
1959	9	22	15	0	0	1004.40	
1959	9	22	18	0	0	1006.90	
1959	9	22	21	0	0	1008.90	
1959	9	23	0	0	0	1009.90	
1959	9	23	3	0	0	1008.10	
1959	9	23	6	0	0	1007.60	
1959	9	23	9	0	0	1006.70	
1959	9	23	12	0	0	1007.00	
1959	9	23	15	0	0	1006.50	
1959	9	23	18	0	0	1006.80	
1959	9	23	21	0	0	1007.30	
1959	9	24	0	0	0	1007.40	
1959	9	24	3	0	0	1009.80	
1959	9	24	6	0	0	1011.00	
1959	9	24	9	0	0	1011.10	
1959	9	24	12	0	0	1011.20	
1959	9	24	15	0	0	1010.20	
1959	9	24	18	0	0	1010.50	
1959	9	24	21	0	0	1010.80	
1959	9	25	0	0	0	1010.80	
1959	9	25	3	0	0	1012.60	
1959	9	25	6	0	0	1014.70	
1959	9	25	9	0	0	1015.30	
1959	9	25	12	0	0	1015.70	
1959	9	25	15	0	0	1015.80	
1959	9	25	18	0	0	1016.90	
1959	9	25	21	0	0	1017.80	
1959	9	26	0	0	0	1018.00	
1959	9	26	3	0	0	1018.80	
1959	9	26	6	0	0	1019.40	
1959	9	26	9	0	0	1020.90	
1959	9	26	12	0	0	1019.30	
1959	9	26	15	0	0	1019.00	
1959	9	26	18	0	0	1019.30	
1959	9	26	21	0	0	1019.90	
1959	9	27	0	0	0	1019.70	
1959	9	27	3	0	0	1019.00	
1959	9	27	9	0	0	1016.80	
1959	9	27	12	0	0	1013.80	
1959	9	27	15	0	0	1012.00	
1959	9	27	18	0	0	1011.00	
1959	9	27	21	0	0	1010.00	
1959	9	28	0	0	0	1008.90	
1959	9	28	3	0	0	1010.00	
1959	9	28	6	0	0	1013.60	
1959	9	28	9	0	0	1017.20	
1959	9	28	12	0	0	1018.90	
1959	9	28	15	0	0	1020.50	
1959	9	28	18	0	0	1024.90	
1959	9	28	21	0	0	1024.60	
1959	9	29	0	0	0	1025.70	
1959	9	29	3	0	0	1026.00	
1959	9	29	6	0	0	1027.10	
1959	9	29	9	0	0	1027.80	
1959	9	29	12	0	0	1027.50	
1959	9	29	15	0	0	1027.20	
1959	9	29	18	0	0	1028.00	
1959	9	29	21	0	0	1029.20	
1959	9	30	0	0	0	1030.50	
1959	9	30	3	0	0	1030.30	
1959	9	30	6	0	0	1030.70	
1959	9	30	9	0	0	1030.80	
1959	9	30	12	0	0	1029.20	
1959	9	30	18	0	0	1027.00	
1959	9	30	21	0	0	1026.00	
1959	10	1	0	0	0	1023.80	
1959	10	1	3	0	0	1022.50	
1959	10	1	6	0	0	1022.40	
1959	10	1	9	0	0	1023.00	
1959	10	1	12	0	0	1021.90	
1959	10	1	15	0	0	1022.00	
1959	10	1	18	0	0	1024.00	
1959	10	1	21	0	0	1025.70	
1959	10	2	0	0	0	1027.00	
1959	10	2	3	0	0	1027.50	
1959	10	2	6	0	0	1028.30	
1959	10	2	9	0	0	1028.50	
1959	10	2	12	0	0	1027.80	
1959	10	2	15	0	0	1026.30	
1959	10	2	18	0	0	1024.90	
1959	10	3	0	0	0	1023.30	
1959	10	3	3	0	0	1022.90	
1959	10	3	6	0	0	1023.30	
1959	10	3	9	0	0	1024.50	
1959	10	3	12	0	0	1023.90	
1959	10	3	15	0	0	1026.30	
1959	10	3	18	0	0	1027.90	
1959	10	3	21	0	0	1029.90	
1959	10	4	0	0	0	1031.10	
1959	10	4	3	0	0	1032.70	
1959	10	4	6	0	0	1034.30	
1959	10	4	9	0	0	1035.00	
1959	10	4	15	0	0	1034.70	
1959	10	4	18	0	0	1037.10	
1959	10	4	21	0	0	1038.60	
1959	10	5	0	0	0	1039.20	
1959	10	5	3	0	0	1037.30	
1959	10	5	6	0	0	1039.40	
1959	10	5	9	0	0	1039.00	
1959	10	5	12	0	0	1037.40	
1959	10	5	15	0	0	1035.50	
1959	10	5	18	0	0	1034.60	
1959	10	5	21	0	0	1033.40	
1959	10	6	0	0	0	1032.20	
1959	10	6	3	0	0	1030.40	
1959	10	6	9	0	0	1028.30	
1959	10	6	12	0	0	1027.20	
1959	10	6	15	0	0	1026.30	
1959	10	6	18	0	0	1025.00	
1959	10	6	21	0	0	1025.30	
1959	10	7	0	0	0	1024.80	
1959	10	7	3	0	0	1023.80	
1959	10	7	6	0	0	1023.60	
1959	10	7	12	0	0	1022.00	
1959	10	7	15	0	0	1021.50	
1959	10	7	18	0	0	1021.80	
1959	10	7	21	0	0	1020.90	
1959	10	8	0	0	0	1021.10	
1959	10	8	3	0	0	1020.30	
1959	10	8	6	0	0	1021.40	
1959	10	8	9	0	0	1022.10	
1959	10	8	12	0	0	1023.40	
1959	10	8	15	0	0	1025.30	
1959	10	8	18	0	0	1027.00	
1959	10	8	21	0	0	1028.20	
1959	10	9	0	0	0	1029.10	
1959	10	9	3	0	0	1029.20	
1959	10	9	6	0	0	1026.60	
1959	10	9	9	0	0	1029.70	
1959	10	9	12	0	0	1028.30	
1959	10	9	15	0	0	1027.60	
1959	10	9	18	0	0	1028.30	
1959	10	9	21	0	0	1028.10	
1959	10	10	0	0	0	1027.90	
1959	10	10	3	0	0	1025.80	
1959	10	10	9	0	0	1022.80	
1959	10	10	12	0	0	1020.20	
1959	10	10	15	0	0	1018.20	
1959	10	10	18	0	0	1018.00	
1959	10	10	21	0	0	1017.50	
1959	10	11	0	0	0	1016.40	
1959	10	11	3	0	0	1019.80	
1959	10	11	6	0	0	1015.30	
1959	10	11	9	0	0	1016.10	
1959	10	11	12	0	0	1016.30	
1959	10	11	15	0	0	1016.50	
1959	10	11	18	0	0	1017.30	
1959	10	11	21	0	0	1017.20	
1959	10	12	0	0	0	1017.00	
1959	10	12	3	0	0	1016.40	
1959	10	12	6	0	0	1016.20	
1959	10	12	9	0	0	1016.10	
1959	10	12	12	0	0	1015.30	
1959	10	12	15	0	0	1014.20	
1959	10	12	18	0	0	1015.00	
1959	10	12	21	0	0	1017.60	
1959	10	13	0	0	0	1018.50	
1959	10	13	3	0	0	1021.60	
1959	10	13	6	0	0	1023.70	
1959	10	13	9	0	0	1024.50	
1959	10	13	12	0	0	1024.80	
1959	10	13	15	0	0	1025.10	
1959	10	13	18	0	0	1025.20	
1959	10	13	21	0	0	1024.60	
1959	10	14	0	0	0	1023.80	
1959	10	14	3	0	0	1024.80	
1959	10	14	6	0	0	1021.40	
1959	10	14	9	0	0	1021.00	
1959	10	14	12	0	0	1020.90	
1959	10	14	15	0	0	1021.40	
1959	10	14	18	0	0	1023.60	
1959	10	14	21	0	0	1025.40	
1959	10	15	0	0	0	1026.00	
1959	10	15	3	0	0	1027.40	
1959	10	15	6	0	0	1028.10	
1959	10	15	9	0	0	1029.60	
1959	10	15	12	0	0	1029.00	
1959	10	15	18	0	0	1028.50	
1959	10	15	21	0	0	1028.50	
1959	10	16	0	0	0	1027.50	
1959	10	16	9	0	0	1025.10	
1959	10	16	12	0	0	1024.40	
1959	10	16	15	0	0	1023.90	
1959	10	16	18	0	0	1024.40	
1959	10	17	0	0	0	1024.40	
1959	10	17	3	0	0	1024.80	
1959	10	17	6	0	0	1025.30	
1959	10	17	9	0	0	1025.50	
1959	10	17	12	0	0	1024.90	
1959	10	17	15	0	0	1024.30	
1959	10	17	18	0	0	1024.60	
1959	10	17	21	0	0	1024.50	
1959	10	18	0	0	0	1024.30	
1959	10	18	3	0	0	1023.50	
1959	10	18	9	0	0	1021.90	
1959	10	18	12	0	0	1019.40	
1959	10	18	15	0	0	1018.00	
1959	10	18	18	0	0	1018.90	
1959	10	18	21	0	0	1018.40	
1959	10	19	0	0	0	1017.90	
1959	10	19	3	0	0	1018.60	
1959	10	19	6	0	0	1019.50	
1959	10	19	9	0	0	1019.80	
1959	10	19	12	0	0	1018.90	
1959	10	19	15	0	0	1019.10	
1959	10	19	18	0	0	1019.10	
1959	10	19	21	0	0	1018.80	
1959	10	20	0	0	0	1017.30	
1959	10	20	3	0	0	1016.40	
1959	10	20	6	0	0	1015.70	
1959	10	20	9	0	0	1016.20	
1959	10	20	12	0	0	1014.60	
1959	10	20	15	0	0	1015.00	
1959	10	20	18	0	0	1016.00	
1959	10	20	21	0	0	1015.80	
1959	10	21	0	0	0	1015.10	
1959	10	21	3	0	0	1013.10	
1959	10	21	6	0	0	1014.00	
1959	10	21	9	0	0	1014.90	
1959	10	21	12	0	0	1014.30	
1959	10	21	15	0	0	1013.90	
1959	10	21	18	0	0	1013.40	
1959	10	21	21	0	0	1012.70	
1959	10	22	0	0	0	1011.50	
1959	10	22	3	0	0	1011.70	
1959	10	22	6	0	0	1011.30	
1959	10	22	9	0	0	1009.30	
1959	10	22	12	0	0	1006.40	
1959	10	22	15	0	0	1002.20	
1959	10	22	18	0	0	998.40	
1959	10	22	21	0	0	997.00	
1959	10	23	0	0	0	994.00	
1959	10	23	3	0	0	997.40	
1959	10	23	6	0	0	994.70	
1959	10	23	9	0	0	1004.00	
1959	10	23	12	0	0	1010.70	
1959	10	23	15	0	0	1015.10	
1959	10	23	18	0	0	1017.40	
1959	10	23	21	0	0	1019.70	
1959	10	24	0	0	0	1021.50	
1959	10	24	3	0	0	1022.50	
1959	10	24	6	0	0	1023.20	
1959	10	24	12	0	0	1023.30	
1959	10	24	15	0	0	1023.00	
1959	10	24	18	0	0	1022.70	
1959	10	24	21	0	0	1020.90	
1959	10	25	0	0	0	1018.20	
1959	10	25	3	0	0	1014.80	
1959	10	25	6	0	0	1011.80	
1959	10	25	9	0	0	1009.80	
1959	10	25	12	0	0	1006.70	
1959	10	25	15	0	0	1004.30	
1959	10	25	18	0	0	1003.20	
1959	10	25	21	0	0	1005.20	
1959	10	26	0	0	0	1008.30	
1959	10	26	3	0	0	1009.10	
1959	10	26	6	0	0	1010.30	
1959	10	26	9	0	0	1012.50	
1959	10	26	12	0	0	1013.70	
1959	10	26	15	0	0	1012.70	
1959	10	26	18	0	0	1011.60	
1959	10	26	21	0	0	1009.80	
1959	10	27	0	0	0	1007.30	
1959	10	27	3	0	0	1005.70	
1959	10	27	6	0	0	1006.30	
1959	10	27	9	0	0	1004.50	
1959	10	27	12	0	0	1002.50	
1959	10	27	15	0	0	1000.90	
1959	10	27	21	0	0	999.00	
1959	10	28	0	0	0	998.90	
1959	10	28	3	0	0	997.80	
1959	10	28	6	0	0	997.60	
1959	10	28	9	0	0	997.60	
1959	10	28	12	0	0	997.20	
1959	10	28	15	0	0	998.10	
1959	10	28	18	0	0	999.70	
1959	10	28	21	0	0	1000.80	
1959	10	29	0	0	0	1001.20	
1959	10	29	3	0	0	1002.10	
1959	10	29	6	0	0	1002.30	
1959	10	29	9	0	0	1002.30	
1959	10	29	12	0	0	1002.10	
1959	10	29	15	0	0	1001.60	
1959	10	29	18	0	0	1001.80	
1959	10	29	21	0	0	1001.70	
1959	10	30	0	0	0	1001.90	
1959	10	30	3	0	0	1001.50	
1959	10	30	6	0	0	1002.30	
1959	10	30	9	0	0	1003.10	
1959	10	30	12	0	0	1002.90	
1959	10	30	15	0	0	1004.00	
1959	10	30	18	0	0	1005.40	
1959	10	30	21	0	0	1006.60	
1959	10	31	0	0	0	1007.90	
1959	10	31	3	0	0	1008.80	
1959	10	31	6	0	0	1010.70	
1959	10	31	9	0	0	1012.60	
1959	10	31	12	0	0	1014.80	
1959	10	31	15	0	0	1015.70	
1959	10	31	18	0	0	1017.80	
1959	10	31	21	0	0	1017.50	
1959	11	1	0	0	0	1018.00	
1959	11	1	3	0	0	1019.70	
1959	11	1	6	0	0	1020.60	
1959	11	1	9	0	0	1021.10	
1959	11	1	12	0	0	1021.40	
1959	11	1	15	0	0	1022.40	
1959	11	1	18	0	0	1022.60	
1959	11	1	21	0	0	1023.00	
1959	11	2	0	0	0	1024.10	
1959	11	2	3	0	0	1024.90	
1959	11	2	6	0	0	1025.70	
1959	11	2	9	0	0	1027.00	
1959	11	2	12	0	0	1027.20	
1959	11	2	15	0	0	1027.60	
1959	11	2	18	0	0	1029.10	
1959	11	2	21	0	0	1029.60	
1959	11	3	0	0	0	1029.80	
1959	11	3	3	0	0	1029.80	
1959	11	3	6	0	0	1029.50	
1959	11	3	12	0	0	1028.50	
1959	11	3	15	0	0	1027.60	
1959	11	3	18	0	0	1027.60	
1959	11	3	21	0	0	1027.10	
1959	11	4	0	0	0	1025.10	
1959	11	4	3	0	0	1023.80	
1959	11	4	6	0	0	1022.70	
1959	11	4	9	0	0	1021.70	
1959	11	4	12	0	0	1020.10	
1959	11	4	15	0	0	1018.90	
1959	11	4	18	0	0	1018.40	
1959	11	4	21	0	0	1018.60	
1959	11	5	0	0	0	1018.20	
1959	11	5	3	0	0	1017.60	
1959	11	5	6	0	0	1017.90	
1959	11	5	9	0	0	1019.10	
1959	11	5	12	0	0	1019.00	
1959	11	5	15	0	0	1019.30	
1959	11	5	18	0	0	1019.80	
1959	11	5	21	0	0	1020.60	
1959	11	6	6	0	0	1021.80	
1959	11	6	12	0	0	1020.70	
1959	11	6	15	0	0	1020.00	
1959	11	6	18	0	0	1019.50	
1959	11	6	21	0	0	1019.20	
1959	11	7	0	0	0	1018.50	
1959	11	7	3	0	0	1017.70	
1959	11	7	6	0	0	1017.80	
1959	11	7	9	0	0	1018.00	
1959	11	7	12	0	0	1017.80	
1959	11	7	15	0	0	1018.40	
1959	11	7	18	0	0	1018.90	
1959	11	7	21	0	0	1019.10	
1959	11	8	0	0	0	1018.40	
1959	11	8	3	0	0	1018.30	
1959	11	8	6	0	0	1018.20	
1959	11	8	9	0	0	1017.90	
1959	11	8	12	0	0	1017.50	
1959	11	8	15	0	0	1018.20	
1959	11	8	18	0	0	1018.60	
1959	11	9	0	0	0	1018.10	
1959	11	9	3	0	0	1017.60	
1959	11	9	6	0	0	1017.10	
1959	11	9	9	0	0	1017.30	
1959	11	9	12	0	0	1017.20	
1959	11	9	15	0	0	1017.20	
1959	11	9	18	0	0	1017.80	
1959	11	9	21	0	0	1018.10	
1959	11	10	0	0	0	1017.60	
1959	11	10	3	0	0	1017.90	
1959	11	10	6	0	0	1017.80	
1959	11	10	9	0	0	1018.10	
1959	11	10	12	0	0	1017.90	
1959	11	10	15	0	0	1017.90	
1959	11	10	18	0	0	1017.70	
1959	11	10	21	0	0	1016.60	
1959	11	11	0	0	0	1015.90	
1959	11	11	3	0	0	1012.80	
1959	11	11	6	0	0	1013.90	
1959	11	11	9	0	0	1014.60	
1959	11	11	12	0	0	1014.30	
1959	11	11	15	0	0	1015.20	
1959	11	11	18	0	0	1016.30	
1959	11	11	21	0	0	1016.70	
1959	11	12	0	0	0	1017.30	
1959	11	12	3	0	0	1017.00	
1959	11	12	6	0	0	1017.10	
1959	11	12	9	0	0	1017.60	
1959	11	12	12	0	0	1018.10	
1959	11	12	15	0	0	1018.70	
1959	11	12	18	0	0	1019.20	
1959	11	12	21	0	0	1020.70	
1959	11	13	0	0	0	1021.80	
1959	11	13	3	0	0	1022.70	
1959	11	13	6	0	0	1023.40	
1959	11	13	9	0	0	1024.20	
1959	11	13	15	0	0	1023.80	
1959	11	13	18	0	0	1024.60	
1959	11	13	21	0	0	1024.90	
1959	11	14	0	0	0	1024.10	
1959	11	14	3	0	0	1023.50	
1959	11	14	6	0	0	1023.20	
1959	11	14	9	0	0	1023.80	
1959	11	14	15	0	0	1022.40	
1959	11	14	21	0	0	1023.10	
1959	11	15	0	0	0	1023.10	
1959	11	15	6	0	0	1022.30	
1959	11	15	9	0	0	1022.50	
1959	11	15	15	0	0	1022.70	
1959	11	15	21	0	0	1024.00	
1959	11	16	0	0	0	1023.80	
1959	11	16	3	0	0	1024.00	
1959	11	16	6	0	0	1023.40	
1959	11	16	9	0	0	1022.80	
1959	11	16	12	0	0	1021.40	
1959	11	16	15	0	0	1020.70	
1959	11	16	18	0	0	1020.50	
1959	11	16	21	0	0	1019.80	
1959	11	17	3	0	0	1017.90	
1959	11	17	6	0	0	1018.00	
1959	11	17	9	0	0	1018.60	
1959	11	17	12	0	0	1018.80	
1959	11	17	15	0	0	1020.30	
1959	11	17	18	0	0	1022.10	
1959	11	17	21	0	0	1023.50	
1959	11	18	0	0	0	1024.60	
1959	11	18	3	0	0	1025.30	
1959	11	18	6	0	0	1025.90	
1959	11	18	9	0	0	1026.90	
1959	11	18	12	0	0	1026.80	
1959	11	18	15	0	0	1026.80	
1959	11	18	18	0	0	1026.50	
1959	11	18	21	0	0	1026.50	
1959	11	19	0	0	0	1026.40	
1959	11	19	3	0	0	1025.60	
1959	11	19	6	0	0	1026.30	
1959	11	19	9	0	0	1026.80	
1959	11	19	12	0	0	1025.10	
1959	11	19	15	0	0	1027.30	
1959	11	19	18	0	0	1027.90	
1959	11	19	21	0	0	1028.20	
1959	11	20	0	0	0	1028.00	
1959	11	20	3	0	0	1029.40	
1959	11	20	6	0	0	1029.90	
1959	11	20	9	0	0	1030.40	
1959	11	20	18	0	0	1032.00	
1959	11	20	21	0	0	1032.50	
1959	11	21	0	0	0	1033.20	
1959	11	21	3	0	0	1033.60	
1959	11	21	6	0	0	1034.30	
1959	11	21	12	0	0	1036.00	
1959	11	21	15	0	0	1036.20	
1959	11	21	18	0	0	1037.80	
1959	11	21	21	0	0	1038.60	
1959	11	22	0	0	0	1038.10	
1959	11	22	3	0	0	1037.70	
1959	11	22	6	0	0	1037.60	
1959	11	22	9	0	0	1036.50	
1959	11	22	12	0	0	1034.90	
1959	11	22	15	0	0	1034.50	
1959	11	22	18	0	0	1034.40	
1959	11	22	21	0	0	1033.80	
1959	11	23	0	0	0	1032.40	
1959	11	23	3	0	0	1032.00	
1959	11	23	6	0	0	1029.60	
1959	11	23	9	0	0	1028.30	
1959	11	23	12	0	0	1027.30	
1959	11	23	15	0	0	1026.80	
1959	11	23	18	0	0	1026.60	
1959	11	23	21	0	0	1026.20	
1959	11	24	0	0	0	1025.80	
1959	11	24	3	0	0	1024.50	
1959	11	24	6	0	0	1024.20	
1959	11	24	12	0	0	1022.90	
1959	11	24	15	0	0	1023.10	
1959	11	24	18	0	0	1022.70	
1959	11	24	21	0	0	1023.20	
1959	11	25	0	0	0	1023.20	
1959	11	25	3	0	0	1022.70	
1959	11	25	6	0	0	1023.00	
1959	11	25	9	0	0	1025.60	
1959	11	25	12	0	0	1022.30	
1959	11	25	15	0	0	1022.60	
1959	11	25	18	0	0	1022.90	
1959	11	25	21	0	0	1024.20	
1959	11	26	0	0	0	1023.90	
1959	11	26	3	0	0	1024.00	
1959	11	26	6	0	0	1025.00	
1959	11	26	9	0	0	1025.70	
1959	11	26	12	0	0	1025.40	
1959	11	26	15	0	0	1025.90	
1959	11	26	18	0	0	1026.90	
1959	11	26	21	0	0	1028.00	
1959	11	27	0	0	0	1028.00	
1959	11	27	3	0	0	1028.50	
1959	11	27	6	0	0	1028.30	
1959	11	27	9	0	0	1028.60	
1959	11	27	12	0	0	1027.70	
1959	11	27	15	0	0	1027.80	
1959	11	27	18	0	0	1026.30	
1959	11	27	21	0	0	1025.90	
1959	11	28	0	0	0	1024.20	
1959	11	28	3	0	0	1023.20	
1959	11	28	6	0	0	1022.30	
1959	11	28	9	0	0	1020.90	
1959	11	28	12	0	0	1019.00	
1959	11	28	15	0	0	1017.80	
1959	11	28	18	0	0	1018.40	
1959	11	28	21	0	0	1019.30	
1959	11	29	0	0	0	1019.80	
1959	11	29	3	0	0	1019.00	
1959	11	29	6	0	0	1018.00	
1959	11	29	9	0	0	1014.00	
1959	11	29	12	0	0	1015.20	
1959	11	29	15	0	0	1014.70	
1959	11	29	18	0	0	1014.20	
1959	11	29	21	0	0	1014.80	
1959	11	30	0	0	0	1015.10	
1959	11	30	3	0	0	1015.60	
1959	11	30	6	0	0	1016.10	
1959	11	30	9	0	0	1016.40	
1959	11	30	12	0	0	1015.50	
1959	11	30	15	0	0	1014.70	
1959	11	30	18	0	0	1013.80	
1959	11	30	21	0	0	1013.00	
1959	12	1	0	0	0	1011.80	
1959	12	1	3	0	0	1010.60	
1959	12	1	6	0	0	1010.70	
1959	12	1	9	0	0	1011.40	
1959	12	1	12	0	0	1010.40	
1959	12	1	15	0	0	1009.90	
1959	12	1	18	0	0	1010.40	
1959	12	1	21	0	0	1010.70	
1959	12	2	0	0	0	1011.30	
1959	12	2	3	0	0	1011.50	
1959	12	2	6	0	0	1011.50	
1959	12	2	9	0	0	1012.10	
1959	12	2	12	0	0	1011.40	
1959	12	2	15	0	0	1010.30	
1959	12	2	18	0	0	1010.10	
1959	12	2	21	0	0	1009.20	
1959	12	3	0	0	0	1008.40	
1959	12	3	3	0	0	1007.90	
1959	12	3	6	0	0	1008.00	
1959	12	3	9	0	0	1008.30	
1959	12	3	12	0	0	1008.20	
1959	12	3	15	0	0	1008.80	
1959	12	3	18	0	0	1009.50	
1959	12	4	3	0	0	1011.20	
1959	12	4	6	0	0	1012.20	
1959	12	4	9	0	0	1013.40	
1959	12	4	12	0	0	1013.80	
1959	12	4	15	0	0	1014.10	
1959	12	4	18	0	0	1015.20	
1959	12	4	21	0	0	1016.20	
1959	12	5	0	0	0	1017.10	
1959	12	5	3	0	0	1018.00	
1959	12	5	6	0	0	1020.10	
1959	12	5	12	0	0	1022.60	
1959	12	5	15	0	0	1024.10	
1959	12	5	18	0	0	1026.10	
1959	12	5	21	0	0	1027.70	
1959	12	6	0	0	0	1029.00	
1959	12	6	3	0	0	1030.20	
1959	12	6	6	0	0	1032.40	
1959	12	6	9	0	0	1033.40	
1959	12	6	12	0	0	1033.30	
1959	12	6	15	0	0	1033.60	
1959	12	6	18	0	0	1035.30	
1959	12	6	21	0	0	1036.20	
1959	12	7	0	0	0	1036.70	
1959	12	7	3	0	0	1036.80	
1959	12	7	6	0	0	1036.60	
1959	12	7	9	0	0	1036.20	
1959	12	7	12	0	0	1033.90	
1959	12	7	15	0	0	1034.10	
1959	12	7	21	0	0	1033.10	
1959	12	8	0	0	0	1032.40	
1959	12	8	3	0	0	1030.80	
1959	12	8	6	0	0	1030.10	
1959	12	8	9	0	0	1029.70	
1959	12	8	12	0	0	1028.00	
1959	12	8	18	0	0	1027.20	
1959	12	8	21	0	0	1026.60	
1959	12	9	0	0	0	1025.80	
1959	12	9	3	0	0	1025.60	
1959	12	9	6	0	0	1024.40	
1959	12	9	12	0	0	1023.60	
1959	12	9	15	0	0	1024.50	
1959	12	9	18	0	0	1025.00	
1959	12	9	21	0	0	1026.00	
1959	12	10	0	0	0	1026.60	
1959	12	10	3	0	0	1026.70	
1959	12	10	6	0	0	1027.20	
1959	12	10	9	0	0	1028.00	
1959	12	10	12	0	0	1028.60	
1959	12	10	18	0	0	1029.60	
1959	12	10	21	0	0	1029.20	
1959	12	11	0	0	0	1028.90	
1959	12	11	3	0	0	1028.50	
1959	12	11	6	0	0	1027.40	
1959	12	11	9	0	0	1026.40	
1959	12	11	12	0	0	1023.70	
1959	12	11	15	0	0	1022.00	
1959	12	11	18	0	0	1019.90	
1959	12	11	21	0	0	1017.10	
1959	12	12	0	0	0	1017.00	
1959	12	12	3	0	0	1016.30	
1959	12	12	6	0	0	1015.50	
1959	12	12	9	0	0	1015.20	
1959	12	12	12	0	0	1015.20	
1959	12	12	15	0	0	1015.40	
1959	12	12	18	0	0	1017.30	
1959	12	12	21	0	0	1018.40	
1959	12	13	0	0	0	1019.20	
1959	12	13	6	0	0	1020.30	
1959	12	13	9	0	0	1022.00	
1959	12	13	12	0	0	1021.90	
1959	12	13	15	0	0	1022.10	
1959	12	13	18	0	0	1022.00	
1959	12	13	21	0	0	1022.20	
1959	12	14	0	0	0	1022.10	
1959	12	14	3	0	0	1020.10	
1959	12	14	6	0	0	1019.70	
1959	12	14	9	0	0	1019.70	
1959	12	14	12	0	0	1018.60	
1959	12	14	15	0	0	1019.10	
1959	12	14	18	0	0	1018.60	
1959	12	14	21	0	0	1018.70	
1959	12	15	0	0	0	1018.90	
1959	12	15	3	0	0	1019.50	
1959	12	15	6	0	0	1019.50	
1959	12	15	9	0	0	1020.10	
1959	12	15	12	0	0	1020.10	
1959	12	15	15	0	0	1020.70	
1959	12	15	18	0	0	1021.20	
1959	12	15	21	0	0	1021.50	
1959	12	16	0	0	0	1021.80	
1959	12	16	3	0	0	1021.50	
1959	12	16	6	0	0	1021.40	
1959	12	16	9	0	0	1022.00	
1959	12	16	12	0	0	1021.60	
1959	12	16	15	0	0	1022.50	
1959	12	16	18	0	0	1023.00	
1959	12	16	21	0	0	1022.90	
1959	12	17	3	0	0	1021.80	
1959	12	17	6	0	0	1021.00	
1959	12	17	9	0	0	1020.80	
1959	12	17	12	0	0	1019.10	
1959	12	17	15	0	0	1018.20	
1959	12	17	18	0	0	1017.40	
1959	12	17	21	0	0	1016.30	
1959	12	18	0	0	0	1015.30	
1959	12	18	3	0	0	1014.20	
1959	12	18	6	0	0	1013.20	
1959	12	18	9	0	0	1013.10	
1959	12	18	12	0	0	1011.80	
1959	12	18	15	0	0	1012.10	
1959	12	18	18	0	0	1012.70	
1959	12	18	21	0	0	1013.60	
1959	12	19	0	0	0	1014.10	
1959	12	19	3	0	0	1014.50	
1959	12	19	6	0	0	1015.80	
1959	12	19	12	0	0	1016.30	
1959	12	19	15	0	0	1017.20	
1959	12	19	18	0	0	1017.70	
1959	12	19	21	0	0	1018.50	
1959	12	20	0	0	0	1018.20	
1959	12	20	6	0	0	1018.00	
1959	12	20	9	0	0	1018.60	
1959	12	20	12	0	0	1017.70	
1959	12	20	15	0	0	1017.40	
1959	12	20	18	0	0	1016.70	
1959	12	20	21	0	0	1015.40	
1959	12	21	0	0	0	1013.90	
1959	12	21	3	0	0	1012.20	
1959	12	21	6	0	0	1011.40	
1959	12	21	9	0	0	1011.80	
1959	12	21	12	0	0	1010.20	
1959	12	21	15	0	0	1009.30	
1959	12	21	18	0	0	1009.30	
1959	12	21	21	0	0	1006.50	
1959	12	22	0	0	0	1008.90	
1959	12	22	3	0	0	1007.80	
1959	12	22	6	0	0	1007.90	
1959	12	22	9	0	0	1008.40	
1959	12	22	15	0	0	1008.30	
1959	12	22	18	0	0	1009.20	
1959	12	23	0	0	0	1010.40	
1959	12	23	3	0	0	1010.40	
1959	12	23	9	0	0	1010.10	
1959	12	23	12	0	0	1009.00	
1959	12	23	15	0	0	1007.70	
1959	12	23	21	0	0	1006.60	
1959	12	24	0	0	0	1005.80	
1959	12	24	3	0	0	1006.00	
1959	12	24	6	0	0	1005.60	
1959	12	24	9	0	0	1004.50	
1959	12	24	12	0	0	1003.50	
1959	12	24	15	0	0	1004.20	
1959	12	24	18	0	0	1004.50	
1959	12	24	21	0	0	1005.00	
1959	12	25	0	0	0	1003.90	
1959	12	25	3	0	0	1002.70	
1959	12	25	6	0	0	1001.00	
1959	12	25	9	0	0	1000.80	
1959	12	25	12	0	0	997.20	
1959	12	25	15	0	0	995.50	
1959	12	25	18	0	0	995.20	
1959	12	25	21	0	0	996.00	
1959	12	26	0	0	0	999.90	
1959	12	26	3	0	0	1002.40	
1959	12	26	6	0	0	1003.40	
1959	12	26	9	0	0	1003.10	
1959	12	26	12	0	0	1000.10	
1959	12	26	15	0	0	996.90	
1959	12	26	18	0	0	993.20	
1959	12	26	21	0	0	991.30	
1959	12	27	0	0	0	994.30	
1959	12	27	3	0	0	995.90	
1959	12	27	6	0	0	996.90	
1959	12	27	9	0	0	996.10	
1959	12	27	15	0	0	994.60	
1959	12	27	18	0	0	995.50	
1959	12	27	21	0	0	995.00	
1959	12	28	0	0	0	996.20	
1959	12	28	3	0	0	996.80	
1959	12	28	6	0	0	997.70	
1959	12	28	9	0	0	998.20	
1959	12	28	12	0	0	997.80	
1959	12	28	15	0	0	998.40	
1959	12	28	18	0	0	999.70	
1959	12	28	21	0	0	1001.20	
1959	12	29	0	0	0	1002.10	
1959	12	29	3	0	0	1003.10	
1959	12	29	6	0	0	1004.10	
1959	12	29	9	0	0	1005.00	
1959	12	29	12	0	0	1004.80	
1959	12	29	15	0	0	1005.40	
1959	12	29	18	0	0	1005.50	
1959	12	29	21	0	0	1006.30	
1959	12	30	0	0	0	1005.70	
1959	12	30	3	0	0	1006.80	
1959	12	30	6	0	0	1007.70	
1959	12	30	9	0	0	1008.20	
1959	12	30	12	0	0	1006.30	
1959	12	30	15	0	0	1004.20	
1959	12	30	18	0	0	1001.80	
1959	12	30	21	0	0	1001.20	
1959	12	31	12	0	0	1014.40	
1960	1	1	0	0	0	1021.30	
1960	1	1	3	0	0	1021.40	
1960	1	1	6	0	0	1021.00	
1960	1	1	9	0	0	1021.20	
1960	1	1	12	0	0	1019.30	
1960	1	1	15	0	0	1019.00	
1960	1	1	18	0	0	1018.80	
1960	1	1	21	0	0	1018.60	
1960	1	3	0	0	0	1019.20	
1960	1	3	3	0	0	1019.20	
1960	1	3	9	0	0	1021.20	
1960	1	3	12	0	0	1021.20	
1960	1	3	15	0	0	1022.00	
1960	1	3	18	0	0	1023.40	
1960	1	3	21	0	0	1024.00	
1960	1	4	0	0	0	1025.50	
1960	1	4	3	0	0	1026.80	
1960	1	4	6	0	0	1028.20	
1960	1	4	9	0	0	1025.80	
1960	1	4	12	0	0	1030.50	
1960	1	4	15	0	0	1031.80	
1960	1	4	18	0	0	1032.80	
1960	1	4	21	0	0	1034.20	
1960	1	5	0	0	0	1033.80	
1960	1	5	3	0	0	1033.50	
1960	1	5	6	0	0	1032.40	
1960	1	5	9	0	0	1031.30	
1960	1	5	12	0	0	1028.20	
1960	1	5	15	0	0	1024.50	
1960	1	5	18	0	0	1021.40	
1960	1	5	21	0	0	1017.30	
1960	1	6	0	0	0	1012.90	
1960	1	6	3	0	0	1009.60	
1960	1	6	6	0	0	1007.60	
1960	1	6	9	0	0	1006.70	
1960	1	6	12	0	0	1006.30	
1960	1	6	15	0	0	1005.90	
1960	1	6	18	0	0	1005.50	
1960	1	6	21	0	0	1004.70	
1960	1	7	0	0	0	1005.00	
1960	1	7	3	0	0	1004.60	
1960	1	7	12	0	0	1005.80	
1960	1	7	15	0	0	1006.90	
1960	1	7	18	0	0	1007.70	
1960	1	7	21	0	0	1008.30	
1960	1	8	0	0	0	1008.50	
1960	1	8	3	0	0	1008.20	
1960	1	8	6	0	0	1008.10	
1960	1	8	9	0	0	1009.10	
1960	1	8	12	0	0	1010.30	
1960	1	8	15	0	0	1011.30	
1960	1	8	18	0	0	1012.10	
1960	1	8	21	0	0	1012.70	
1960	1	9	3	0	0	1012.70	
1960	1	9	6	0	0	1013.40	
1960	1	9	9	0	0	1014.50	
1960	1	9	12	0	0	1015.00	
1960	1	9	15	0	0	1015.80	
1960	1	9	18	0	0	1016.70	
1960	1	9	21	0	0	1017.40	
1960	1	10	0	0	0	1017.90	
1960	1	10	3	0	0	1016.60	
1960	1	10	6	0	0	1015.20	
1960	1	10	9	0	0	1013.80	
1960	1	10	12	0	0	1011.40	
1960	1	10	15	0	0	1009.60	
1960	1	10	18	0	0	1006.40	
1960	1	11	0	0	0	1001.80	
1960	1	11	3	0	0	1000.60	
1960	1	11	6	0	0	999.70	
1960	1	11	9	0	0	999.60	
1960	1	11	12	0	0	998.70	
1960	1	11	15	0	0	998.50	
1960	1	11	18	0	0	998.60	
1960	1	11	21	0	0	998.90	
1960	1	12	0	0	0	1000.10	
1960	1	12	3	0	0	1003.00	
1960	1	12	6	0	0	1006.10	
1960	1	12	9	0	0	1008.90	
1960	1	12	12	0	0	1009.70	
1960	1	12	15	0	0	1011.10	
1960	1	12	18	0	0	1012.40	
1960	1	12	21	0	0	1012.90	
1960	1	13	0	0	0	1013.10	
1960	1	13	3	0	0	1012.20	
1960	1	13	6	0	0	1010.00	
1960	1	13	9	0	0	1007.80	
1960	1	13	12	0	0	1004.50	
1960	1	13	15	0	0	1003.80	
1960	1	13	18	0	0	1003.80	
1960	1	13	21	0	0	1004.20	
1960	1	14	0	0	0	1005.00	
1960	1	14	3	0	0	1006.00	
1960	1	14	9	0	0	1009.00	
1960	1	14	12	0	0	1009.80	
1960	1	14	15	0	0	1010.90	
1960	1	14	18	0	0	1012.00	
1960	1	14	21	0	0	1012.70	
1960	1	15	0	0	0	1012.80	
1960	1	15	3	0	0	1012.60	
1960	1	15	6	0	0	1012.40	
1960	1	15	9	0	0	1012.90	
1960	1	15	12	0	0	1012.60	
1960	1	15	15	0	0	1011.90	
1960	1	15	18	0	0	1011.70	
1960	1	15	21	0	0	1012.00	
1960	1	16	0	0	0	1011.80	
1960	1	16	3	0	0	1012.50	
1960	1	16	6	0	0	1012.30	
1960	1	16	9	0	0	1012.30	
1960	1	16	12	0	0	1010.90	
1960	1	16	15	0	0	1010.10	
1960	1	16	18	0	0	1009.80	
1960	1	16	21	0	0	1009.00	
1960	1	17	0	0	0	1009.10	
1960	1	17	3	0	0	1009.20	
1960	1	17	6	0	0	1010.20	
1960	1	17	9	0	0	1012.50	
1960	1	17	12	0	0	1014.10	
1960	1	17	15	0	0	1015.80	
1960	1	17	18	0	0	1017.20	
1960	1	17	21	0	0	1016.90	
1960	1	18	0	0	0	1016.00	
1960	1	18	3	0	0	1013.40	
1960	1	18	6	0	0	1011.80	
1960	1	18	9	0	0	1011.20	
1960	1	18	12	0	0	1010.50	
1960	1	18	15	0	0	1010.00	
1960	1	18	18	0	0	1009.80	
1960	1	18	21	0	0	1009.00	
1960	1	19	0	0	0	1008.70	
1960	1	19	6	0	0	1005.30	
1960	1	19	9	0	0	1005.10	
1960	1	19	12	0	0	1005.10	
1960	1	19	15	0	0	1006.30	
1960	1	19	18	0	0	1008.40	
1960	1	19	21	0	0	1011.10	
1960	1	20	0	0	0	1011.60	
1960	1	20	3	0	0	1011.40	
1960	1	20	9	0	0	1008.60	
1960	1	20	12	0	0	1006.40	
1960	1	20	15	0	0	1004.70	
1960	1	20	18	0	0	1004.30	
1960	1	20	21	0	0	1004.00	
1960	1	21	0	0	0	1004.80	
1960	1	21	3	0	0	1006.30	
1960	1	21	6	0	0	1008.50	
1960	1	21	9	0	0	1011.10	
1960	1	21	12	0	0	1012.40	
1960	1	21	15	0	0	1015.00	
1960	1	21	18	0	0	1018.20	
1960	1	21	21	0	0	1020.70	
1960	1	22	0	0	0	1022.30	
1960	1	22	3	0	0	1023.40	
1960	1	22	6	0	0	1024.80	
1960	1	22	9	0	0	1026.50	
1960	1	22	12	0	0	1026.80	
1960	1	22	15	0	0	1027.30	
1960	1	22	18	0	0	1027.90	
1960	1	22	21	0	0	1028.30	
1960	1	23	0	0	0	1027.90	
1960	1	23	3	0	0	1027.40	
1960	1	23	6	0	0	1027.00	
1960	1	23	9	0	0	1027.20	
1960	1	23	12	0	0	1025.20	
1960	1	23	15	0	0	1025.00	
1960	1	23	18	0	0	1024.50	
1960	1	23	21	0	0	1023.90	
1960	1	24	0	0	0	1023.90	
1960	1	24	3	0	0	1023.40	
1960	1	24	6	0	0	1023.30	
1960	1	24	9	0	0	1022.80	
1960	1	24	12	0	0	1021.50	
1960	1	24	15	0	0	1020.70	
1960	1	24	18	0	0	1020.80	
1960	1	24	21	0	0	1020.60	
1960	1	25	0	0	0	1020.10	
1960	1	25	6	0	0	1019.70	
1960	1	25	9	0	0	1018.80	
1960	1	25	12	0	0	1017.20	
1960	1	25	15	0	0	1017.30	
1960	1	25	18	0	0	1017.50	
1960	1	25	21	0	0	1017.10	
1960	1	26	0	0	0	1016.20	
1960	1	26	3	0	0	1015.80	
1960	1	26	6	0	0	1015.20	
1960	1	26	9	0	0	1014.60	
1960	1	26	12	0	0	1015.40	
1960	1	26	15	0	0	1013.30	
1960	1	26	18	0	0	1012.70	
1960	1	26	21	0	0	1012.50	
1960	1	27	0	0	0	1012.30	
1960	1	27	3	0	0	1011.80	
1960	1	27	6	0	0	1011.90	
1960	1	27	12	0	0	1011.30	
1960	1	27	15	0	0	1010.80	
1960	1	27	18	0	0	1011.10	
1960	1	27	21	0	0	1011.60	
1960	1	28	0	0	0	1012.30	
1960	1	28	3	0	0	1012.60	
1960	1	28	6	0	0	1012.50	
1960	1	28	9	0	0	1013.50	
1960	1	28	12	0	0	1013.00	
1960	1	28	15	0	0	1013.00	
1960	1	28	18	0	0	1012.90	
1960	1	28	21	0	0	1012.60	
1960	1	29	3	0	0	1010.30	
1960	1	29	6	0	0	1008.70	
1960	1	29	9	0	0	1008.00	
1960	1	29	12	0	0	1007.40	
1960	1	29	15	0	0	1007.50	
1960	1	29	18	0	0	1008.10	
1960	1	29	21	0	0	1008.00	
1960	1	30	3	0	0	1005.80	
1960	1	30	6	0	0	1005.80	
1960	1	30	9	0	0	1007.50	
1960	1	30	12	0	0	1010.50	
1960	1	30	15	0	0	1013.70	
1960	1	30	18	0	0	1016.00	
1960	1	30	21	0	0	1018.70	
1960	1	31	0	0	0	1020.20	
1960	1	31	3	0	0	1022.10	
1960	1	31	6	0	0	1024.00	
1960	1	31	9	0	0	1025.20	
1960	1	31	12	0	0	1026.50	
1960	1	31	15	0	0	1028.40	
1960	1	31	18	0	0	1031.70	
1960	1	31	21	0	0	1033.10	
1960	2	1	3	0	0	1035.70	
1960	2	1	6	0	0	1036.40	
1960	2	1	9	0	0	1037.00	
1960	2	1	12	0	0	1036.80	
1960	2	1	15	0	0	1036.40	
1960	2	1	18	0	0	1036.50	
1960	2	1	21	0	0	1035.00	
1960	2	2	0	0	0	1033.50	
1960	2	2	3	0	0	1032.00	
1960	2	2	6	0	0	1032.60	
1960	2	2	9	0	0	1033.70	
1960	2	2	12	0	0	1032.90	
1960	2	2	15	0	0	1033.00	
1960	2	2	18	0	0	1034.40	
1960	2	2	21	0	0	1035.90	
1960	2	3	0	0	0	1036.00	
1960	2	3	6	0	0	1038.20	
1960	2	3	9	0	0	1038.90	
1960	2	3	12	0	0	1038.80	
1960	2	3	15	0	0	1038.80	
1960	2	3	18	0	0	1040.00	
1960	2	3	21	0	0	1039.60	
1960	2	4	0	0	0	1039.20	
1960	2	4	3	0	0	1039.10	
1960	2	4	9	0	0	1037.70	
1960	2	4	12	0	0	1036.20	
1960	2	4	15	0	0	1035.80	
1960	2	4	18	0	0	1036.20	
1960	2	4	21	0	0	1035.80	
1960	2	5	0	0	0	1035.30	
1960	2	5	3	0	0	1035.40	
1960	2	5	6	0	0	1035.50	
1960	2	5	9	0	0	1035.60	
1960	2	5	12	0	0	1035.10	
1960	2	5	15	0	0	1035.90	
1960	2	5	18	0	0	1036.70	
1960	2	5	21	0	0	1037.90	
1960	2	6	0	0	0	1039.00	
1960	2	6	3	0	0	1039.60	
1960	2	6	6	0	0	1040.20	
1960	2	6	9	0	0	1041.40	
1960	2	6	12	0	0	1041.20	
1960	2	6	15	0	0	1041.90	
1960	2	6	21	0	0	1043.90	
1960	2	7	0	0	0	1045.50	
1960	2	7	3	0	0	1045.40	
1960	2	7	6	0	0	1045.40	
1960	2	7	12	0	0	1044.00	
1960	2	7	15	0	0	1042.50	
1960	2	7	18	0	0	1040.90	
1960	2	7	21	0	0	1039.00	
1960	2	8	0	0	0	1035.80	
1960	2	8	3	0	0	1033.60	
1960	2	8	6	0	0	1032.80	
1960	2	8	9	0	0	1032.90	
1960	2	8	12	0	0	1032.70	
1960	2	8	15	0	0	1033.40	
1960	2	8	18	0	0	1034.10	
1960	2	8	21	0	0	1034.60	
1960	2	9	0	0	0	1033.60	
1960	2	9	3	0	0	1032.20	
1960	2	9	6	0	0	1031.10	
1960	2	9	9	0	0	1029.60	
1960	2	9	12	0	0	1026.30	
1960	2	9	15	0	0	1023.10	
1960	2	9	18	0	0	1019.80	
1960	2	9	21	0	0	1015.80	
1960	2	10	0	0	0	1010.30	
1960	2	10	3	0	0	1005.80	
1960	2	10	6	0	0	1002.50	
1960	2	10	9	0	0	1001.10	
1960	2	10	12	0	0	1000.50	
1960	2	10	15	0	0	1000.20	
1960	2	10	18	0	0	999.80	
1960	2	10	21	0	0	999.90	
1960	2	11	0	0	0	999.70	
1960	2	11	3	0	0	999.70	
1960	2	11	6	0	0	999.10	
1960	2	11	9	0	0	1000.10	
1960	2	11	12	0	0	1001.30	
1960	2	11	15	0	0	1002.50	
1960	2	11	21	0	0	1006.10	
1960	2	12	0	0	0	1008.30	
1960	2	12	3	0	0	1009.50	
1960	2	12	6	0	0	1009.00	
1960	2	12	12	0	0	1007.50	
1960	2	12	15	0	0	1005.90	
1960	2	12	18	0	0	1004.40	
1960	2	12	21	0	0	1001.60	
1960	2	13	0	0	0	997.60	
1960	2	13	3	0	0	994.20	
1960	2	13	6	0	0	990.40	
1960	2	13	9	0	0	988.50	
1960	2	13	12	0	0	987.70	
1960	2	13	15	0	0	987.70	
1960	2	13	18	0	0	989.80	
1960	2	13	21	0	0	992.00	
1960	2	14	0	0	0	993.10	
1960	2	14	3	0	0	993.80	
1960	2	14	6	0	0	994.70	
1960	2	14	9	0	0	995.80	
1960	2	14	12	0	0	997.90	
1960	2	14	15	0	0	997.90	
1960	2	14	18	0	0	998.90	
1960	2	14	21	0	0	1000.10	
1960	2	15	0	0	0	999.40	
1960	2	15	3	0	0	998.40	
1960	2	15	6	0	0	998.00	
1960	2	15	9	0	0	998.20	
1960	2	15	12	0	0	997.60	
1960	2	15	15	0	0	997.80	
1960	2	15	18	0	0	998.40	
1960	2	15	21	0	0	997.80	
1960	2	16	0	0	0	997.60	
1960	2	16	3	0	0	997.50	
1960	2	16	9	0	0	999.00	
1960	2	16	12	0	0	998.50	
1960	2	16	15	0	0	998.70	
1960	2	16	18	0	0	998.80	
1960	2	16	21	0	0	998.30	
1960	2	17	0	0	0	998.00	
1960	2	17	3	0	0	997.20	
1960	2	17	6	0	0	996.00	
1960	2	17	9	0	0	995.30	
1960	2	17	15	0	0	994.10	
1960	2	17	18	0	0	994.20	
1960	2	17	21	0	0	994.10	
1960	2	18	0	0	0	995.10	
1960	2	18	3	0	0	995.50	
1960	2	18	6	0	0	995.60	
1960	2	18	12	0	0	997.30	
1960	2	18	15	0	0	999.10	
1960	2	18	18	0	0	1001.20	
1960	2	18	21	0	0	1003.50	
1960	2	19	0	0	0	1005.10	
1960	2	19	3	0	0	1006.60	
1960	2	19	6	0	0	1008.90	
1960	2	19	9	0	0	1010.70	
1960	2	19	12	0	0	1011.40	
1960	2	19	15	0	0	1011.90	
1960	2	19	21	0	0	1015.80	
1960	2	20	0	0	0	1015.80	
1960	2	20	3	0	0	1015.60	
1960	2	20	6	0	0	1015.20	
1960	2	20	9	0	0	1014.60	
1960	2	20	12	0	0	1014.30	
1960	2	20	15	0	0	1014.60	
1960	2	20	18	0	0	1015.80	
1960	2	20	21	0	0	1016.20	
1960	2	21	0	0	0	1015.90	
1960	2	21	6	0	0	1014.10	
1960	2	21	9	0	0	1013.90	
1960	2	21	12	0	0	1012.00	
1960	2	21	15	0	0	1011.60	
1960	2	21	18	0	0	1008.10	
1960	2	21	21	0	0	1005.60	
1960	2	22	0	0	0	1003.70	
1960	2	22	3	0	0	1003.40	
1960	2	22	6	0	0	1004.60	
1960	2	22	9	0	0	1005.90	
1960	2	22	12	0	0	1007.20	
1960	2	22	15	0	0	1006.90	
1960	2	22	18	0	0	1006.70	
1960	2	22	21	0	0	1005.90	
1960	2	23	0	0	0	1003.60	
1960	2	23	3	0	0	1001.80	
1960	2	23	6	0	0	1001.20	
1960	2	23	9	0	0	1002.10	
1960	2	23	12	0	0	1002.60	
1960	2	23	15	0	0	1004.00	
1960	2	23	18	0	0	1005.50	
1960	2	23	21	0	0	1006.70	
1960	2	24	0	0	0	1007.00	
1960	2	24	3	0	0	1006.90	
1960	2	24	6	0	0	1006.90	
1960	2	24	9	0	0	1007.00	
1960	2	24	12	0	0	1007.10	
1960	2	24	15	0	0	1007.30	
1960	2	24	18	0	0	1008.00	
1960	2	24	21	0	0	1007.70	
1960	2	25	0	0	0	1007.70	
1960	2	25	3	0	0	1008.70	
1960	2	25	6	0	0	1009.60	
1960	2	25	9	0	0	1010.30	
1960	2	25	12	0	0	1010.60	
1960	2	25	15	0	0	1011.40	
1960	2	25	18	0	0	1012.50	
1960	2	25	21	0	0	1013.60	
1960	2	26	0	0	0	1013.80	
1960	2	26	3	0	0	1014.20	
1960	2	26	6	0	0	1014.80	
1960	2	26	9	0	0	1016.30	
1960	2	26	12	0	0	1017.60	
1960	2	26	15	0	0	1019.50	
1960	2	26	18	0	0	1021.80	
1960	2	26	21	0	0	1023.70	
1960	2	27	6	0	0	1025.90	
1960	2	27	9	0	0	1026.60	
1960	2	27	12	0	0	1026.50	
1960	2	27	15	0	0	1025.90	
1960	2	27	18	0	0	1025.90	
1960	2	27	21	0	0	1025.80	
1960	2	28	0	0	0	1024.50	
1960	2	28	3	0	0	1021.80	
1960	2	28	12	0	0	1017.50	
1960	2	28	15	0	0	1015.90	
1960	2	28	18	0	0	1015.20	
1960	2	28	21	0	0	1014.00	
1960	2	29	3	0	0	1011.30	
1960	2	29	6	0	0	1010.50	
1960	2	29	9	0	0	1011.90	
1960	2	29	12	0	0	1015.10	
1960	2	29	15	0	0	1018.00	
1960	2	29	18	0	0	1019.60	
1960	2	29	21	0	0	1021.30	
1960	3	1	0	0	0	1022.20	
1960	3	1	3	0	0	1022.40	
1960	3	1	6	0	0	1022.60	
1960	3	1	9	0	0	1021.70	
1960	3	1	12	0	0	1020.70	
1960	3	1	15	0	0	1019.90	
1960	3	1	18	0	0	1020.50	
1960	3	1	21	0	0	1021.00	
1960	3	2	0	0	0	1020.80	
1960	3	2	3	0	0	1020.10	
1960	3	2	6	0	0	1019.60	
1960	3	2	9	0	0	1018.70	
1960	3	2	12	0	0	1017.50	
1960	3	2	18	0	0	1017.10	
1960	3	2	21	0	0	1018.20	
1960	3	3	0	0	0	1018.20	
1960	3	3	3	0	0	1018.30	
1960	3	3	9	0	0	1019.70	
1960	3	3	12	0	0	1019.00	
1960	3	3	15	0	0	1019.80	
1960	3	3	18	0	0	1020.90	
1960	3	3	21	0	0	1021.20	
1960	3	4	0	0	0	1021.60	
1960	3	4	3	0	0	1021.70	
1960	3	4	6	0	0	1022.00	
1960	3	4	9	0	0	1022.30	
1960	3	4	12	0	0	1022.80	
1960	3	4	15	0	0	1024.60	
1960	3	4	18	0	0	1026.60	
1960	3	4	21	0	0	1029.50	
1960	3	5	0	0	0	1030.70	
1960	3	5	3	0	0	1031.80	
1960	3	5	6	0	0	1033.30	
1960	3	5	9	0	0	1034.90	
1960	3	5	12	0	0	1035.50	
1960	3	5	15	0	0	1036.50	
1960	3	5	18	0	0	1039.10	
1960	3	5	21	0	0	1040.20	
1960	3	6	0	0	0	1040.60	
1960	3	6	3	0	0	1040.50	
1960	3	6	6	0	0	1041.00	
1960	3	6	9	0	0	1041.00	
1960	3	6	12	0	0	1040.10	
1960	3	6	15	0	0	1039.70	
1960	3	6	18	0	0	1040.00	
1960	3	6	21	0	0	1040.60	
1960	3	7	0	0	0	1040.50	
1960	3	7	3	0	0	1039.70	
1960	3	7	6	0	0	1039.50	
1960	3	7	9	0	0	1040.00	
1960	3	7	12	0	0	1037.70	
1960	3	7	15	0	0	1036.30	
1960	3	7	18	0	0	1037.00	
1960	3	7	21	0	0	1036.50	
1960	3	8	0	0	0	1036.60	
1960	3	8	3	0	0	1036.10	
1960	3	8	6	0	0	1037.00	
1960	3	8	9	0	0	1036.30	
1960	3	8	12	0	0	1034.50	
1960	3	8	15	0	0	1033.50	
1960	3	8	18	0	0	1034.00	
1960	3	8	21	0	0	1034.20	
1960	3	9	0	0	0	1034.20	
1960	3	9	3	0	0	1033.50	
1960	3	9	6	0	0	1033.30	
1960	3	9	12	0	0	1030.70	
1960	3	9	15	0	0	1029.90	
1960	3	9	18	0	0	1029.80	
1960	3	9	21	0	0	1030.60	
1960	3	10	0	0	0	1030.60	
1960	3	10	3	0	0	1030.30	
1960	3	10	6	0	0	1030.60	
1960	3	10	9	0	0	1030.10	
1960	3	10	12	0	0	1029.30	
1960	3	10	15	0	0	1028.90	
1960	3	10	18	0	0	1029.30	
1960	3	10	21	0	0	1029.50	
1960	3	11	0	0	0	1029.80	
1960	3	11	3	0	0	1030.00	
1960	3	11	6	0	0	1029.80	
1960	3	11	9	0	0	1028.80	
1960	3	11	12	0	0	1026.90	
1960	3	11	15	0	0	1025.80	
1960	3	11	18	0	0	1026.10	
1960	3	11	21	0	0	1025.90	
1960	3	12	0	0	0	1024.50	
1960	3	12	3	0	0	1022.90	
1960	3	12	9	0	0	1020.50	
1960	3	12	12	0	0	1018.70	
1960	3	12	15	0	0	1017.60	
1960	3	12	18	0	0	1017.70	
1960	3	12	21	0	0	1017.60	
1960	3	13	0	0	0	1017.10	
1960	3	13	3	0	0	1016.20	
1960	3	13	6	0	0	1015.60	
1960	3	13	9	0	0	1014.20	
1960	3	13	12	0	0	1013.10	
1960	3	13	15	0	0	1012.80	
1960	3	13	21	0	0	1012.80	
1960	3	14	0	0	0	1012.30	
1960	3	14	3	0	0	1011.80	
1960	3	14	6	0	0	1011.40	
1960	3	14	9	0	0	1010.60	
1960	3	14	12	0	0	1009.50	
1960	3	14	15	0	0	1009.00	
1960	3	14	18	0	0	1009.20	
1960	3	14	21	0	0	1009.00	
1960	3	15	0	0	0	1008.50	
1960	3	15	3	0	0	1008.60	
1960	3	15	6	0	0	1008.70	
1960	3	15	9	0	0	1009.10	
1960	3	15	12	0	0	1008.80	
1960	3	15	15	0	0	1009.90	
1960	3	15	18	0	0	1010.80	
1960	3	16	0	0	0	1010.60	
1960	3	16	3	0	0	1010.70	
1960	3	16	6	0	0	1010.80	
1960	3	16	9	0	0	1010.90	
1960	3	16	12	0	0	1011.20	
1960	3	16	15	0	0	1011.60	
1960	3	16	18	0	0	1011.80	
1960	3	16	21	0	0	1011.70	
1960	3	17	21	0	0	1015.10	
1960	3	18	0	0	0	1015.20	
1960	3	18	3	0	0	1014.80	
1960	3	18	6	0	0	1015.10	
1960	3	18	9	0	0	1016.30	
1960	3	18	12	0	0	1017.60	
1960	3	18	15	0	0	1017.90	
1960	3	18	18	0	0	1019.50	
1960	3	19	0	0	0	1022.40	
1960	3	19	3	0	0	1023.00	
1960	3	19	6	0	0	1024.00	
1960	3	19	9	0	0	1025.60	
1960	3	19	12	0	0	1027.10	
1960	3	19	15	0	0	1028.40	
1960	3	19	18	0	0	1030.30	
1960	3	19	21	0	0	1032.20	
1960	3	20	0	0	0	1033.60	
1960	3	20	3	0	0	1034.40	
1960	3	20	6	0	0	1036.10	
1960	3	20	9	0	0	1036.70	
1960	3	20	12	0	0	1037.00	
1960	3	20	15	0	0	1037.90	
1960	3	20	21	0	0	1040.30	
1960	3	21	0	0	0	1041.10	
1960	3	21	3	0	0	1041.20	
1960	3	21	6	0	0	1041.00	
1960	3	21	9	0	0	1038.70	
1960	3	21	12	0	0	1039.70	
1960	3	21	15	0	0	1038.80	
1960	3	21	18	0	0	1038.70	
1960	3	22	0	0	0	1037.60	
1960	3	22	3	0	0	1037.20	
1960	3	22	6	0	0	1037.00	
1960	3	22	9	0	0	1035.70	
1960	3	22	12	0	0	1034.50	
1960	3	22	15	0	0	1032.90	
1960	3	22	18	0	0	1032.70	
1960	3	22	21	0	0	1032.50	
1960	3	23	0	0	0	1032.30	
1960	3	23	3	0	0	1032.10	
1960	3	23	6	0	0	1032.20	
1960	3	23	9	0	0	1032.40	
1960	3	23	15	0	0	1031.40	
1960	3	23	18	0	0	1031.80	
1960	3	23	21	0	0	1032.50	
1960	3	24	0	0	0	1032.80	
1960	3	24	3	0	0	1033.00	
1960	3	24	6	0	0	1033.90	
1960	3	24	9	0	0	1034.60	
1960	3	24	12	0	0	1034.20	
1960	3	24	18	0	0	1033.80	
1960	3	24	21	0	0	1034.30	
1960	3	26	0	0	0	1026.20	
1960	3	26	3	0	0	1024.60	
1960	3	26	6	0	0	1023.40	
1960	3	26	9	0	0	1022.00	
1960	3	26	12	0	0	1020.40	
1960	3	26	15	0	0	1018.40	
1960	3	26	18	0	0	1017.40	
1960	3	26	21	0	0	1016.60	
1960	3	27	0	0	0	1015.20	
1960	3	27	3	0	0	1013.30	
1960	3	27	6	0	0	1012.70	
1960	3	27	9	0	0	1011.20	
1960	3	27	12	0	0	1009.60	
1960	3	27	15	0	0	1007.90	
1960	3	27	18	0	0	1007.50	
1960	3	27	21	0	0	1007.40	
1960	3	28	0	0	0	1007.00	
1960	3	28	3	0	0	1006.00	
1960	3	28	6	0	0	1006.20	
1960	3	28	9	0	0	1006.20	
1960	3	28	12	0	0	1004.80	
1960	3	28	18	0	0	1005.10	
1960	3	28	21	0	0	1005.70	
1960	3	29	0	0	0	1006.00	
1960	3	29	3	0	0	1006.00	
1960	3	29	6	0	0	1007.30	
1960	3	29	9	0	0	1008.90	
1960	3	29	12	0	0	1009.30	
1960	3	29	15	0	0	1010.10	
1960	3	29	18	0	0	1011.10	
1960	3	29	21	0	0	1011.80	
1960	3	30	0	0	0	1012.60	
1960	3	30	3	0	0	1012.40	
1960	3	30	9	0	0	1013.90	
1960	3	30	12	0	0	1013.90	
1960	3	30	15	0	0	1013.40	
1960	3	30	18	0	0	1013.80	
1960	3	31	0	0	0	1015.40	
1960	3	31	3	0	0	1015.10	
1960	3	31	6	0	0	1014.80	
1960	3	31	9	0	0	1016.90	
1960	3	31	12	0	0	1014.90	
1960	3	31	15	0	0	1014.50	
1960	3	31	18	0	0	1015.50	
1960	3	31	21	0	0	1016.10	
1960	4	1	0	0	0	1017.00	
1960	4	1	3	0	0	1017.50	
1960	4	1	9	0	0	1019.60	
1960	4	1	12	0	0	1020.50	
1960	4	1	15	0	0	1020.50	
1960	4	1	18	0	0	1021.50	
1960	4	1	21	0	0	1022.70	
1960	4	2	0	0	0	1023.20	
1960	4	2	3	0	0	1024.20	
1960	4	2	6	0	0	1024.50	
1960	4	2	9	0	0	1025.30	
1960	4	2	12	0	0	1024.90	
1960	4	2	15	0	0	1024.00	
1960	4	2	18	0	0	1024.60	
1960	4	2	21	0	0	1025.00	
1960	4	3	0	0	0	1024.40	
1960	4	3	3	0	0	1023.90	
1960	4	3	6	0	0	1023.70	
1960	4	3	9	0	0	1022.00	
1960	4	3	12	0	0	1020.70	
1960	4	3	15	0	0	1019.40	
1960	4	3	18	0	0	1019.10	
1960	4	4	0	0	0	1018.00	
1960	4	4	9	0	0	1018.30	
1960	4	4	12	0	0	1018.40	
1960	4	4	18	0	0	1020.40	
1960	4	4	21	0	0	1021.00	
1960	4	5	0	0	0	1020.70	
1960	4	5	3	0	0	1020.40	
1960	4	5	6	0	0	1020.50	
1960	4	5	9	0	0	1021.40	
1960	4	5	12	0	0	1023.60	
1960	4	5	15	0	0	1024.90	
1960	4	5	18	0	0	1026.40	
1960	4	5	21	0	0	1028.90	
1960	4	6	0	0	0	1029.50	
1960	4	6	3	0	0	1029.90	
1960	4	6	6	0	0	1031.00	
1960	4	6	9	0	0	1032.50	
1960	4	6	12	0	0	1033.20	
1960	4	6	15	0	0	1032.80	
1960	4	6	18	0	0	1033.40	
1960	4	7	0	0	0	1033.80	
1960	4	7	3	0	0	1033.60	
1960	4	7	6	0	0	1034.20	
1960	4	7	9	0	0	1033.90	
1960	4	7	12	0	0	1032.70	
1960	4	7	15	0	0	1031.40	
1960	4	7	21	0	0	1032.00	
1960	4	8	0	0	0	1031.00	
1960	4	8	3	0	0	1030.00	
1960	4	8	6	0	0	1029.30	
1960	4	8	9	0	0	1028.70	
1960	4	8	12	0	0	1026.80	
1960	4	8	15	0	0	1025.90	
1960	4	8	21	0	0	1024.50	
1960	4	9	0	0	0	1023.40	
1960	4	9	3	0	0	1023.00	
1960	4	9	6	0	0	1022.80	
1960	4	9	9	0	0	1021.70	
1960	4	9	12	0	0	1020.00	
1960	4	9	15	0	0	1019.30	
1960	4	9	18	0	0	1020.00	
1960	4	9	21	0	0	1019.60	
1960	4	10	0	0	0	1018.70	
1960	4	10	3	0	0	1017.80	
1960	4	10	6	0	0	1017.30	
1960	4	10	9	0	0	1016.10	
1960	4	10	12	0	0	1015.00	
1960	4	10	15	0	0	1014.60	
1960	4	10	18	0	0	1014.80	
1960	4	10	21	0	0	1015.20	
1960	4	11	0	0	0	1014.80	
1960	4	11	6	0	0	1015.00	
1960	4	11	9	0	0	1012.80	
1960	4	11	12	0	0	1012.50	
1960	4	11	15	0	0	1011.90	
1960	4	11	18	0	0	1012.90	
1960	4	11	21	0	0	1013.70	
1960	4	12	3	0	0	1016.40	
1960	4	12	6	0	0	1017.80	
1960	4	12	9	0	0	1017.80	
1960	4	12	12	0	0	1017.50	
1960	4	12	15	0	0	1020.40	
1960	4	12	18	0	0	1022.40	
1960	4	12	21	0	0	1024.20	
1960	4	13	0	0	0	1025.40	
1960	4	13	3	0	0	1026.60	
1960	4	13	6	0	0	1027.50	
1960	4	13	9	0	0	1027.10	
1960	4	13	12	0	0	1026.40	
1960	4	13	15	0	0	1023.60	
1960	4	13	18	0	0	1022.70	
1960	4	13	21	0	0	1022.20	
1960	4	14	0	0	0	1020.70	
1960	4	14	3	0	0	1019.10	
1960	4	14	6	0	0	1018.20	
1960	4	14	9	0	0	1016.80	
1960	4	14	12	0	0	1015.00	
1960	4	14	15	0	0	1013.50	
1960	4	14	18	0	0	1012.30	
1960	4	14	21	0	0	1011.40	
1960	4	15	0	0	0	1010.30	
1960	4	15	3	0	0	1012.80	
1960	4	15	6	0	0	1014.60	
1960	4	15	9	0	0	1015.50	
1960	4	15	12	0	0	1016.20	
1960	4	15	15	0	0	1015.60	
1960	4	15	18	0	0	1016.00	
1960	4	15	21	0	0	1016.90	
1960	4	16	0	0	0	1017.00	
1960	4	16	3	0	0	1017.00	
1960	4	16	6	0	0	1017.90	
1960	4	16	9	0	0	1018.20	
1960	4	16	12	0	0	1017.90	
1960	4	16	15	0	0	1018.30	
1960	4	16	18	0	0	1019.30	
1960	4	16	21	0	0	1020.00	
1960	4	17	0	0	0	1020.40	
1960	4	17	3	0	0	1020.40	
1960	4	17	6	0	0	1020.60	
1960	4	17	9	0	0	1021.20	
1960	4	17	12	0	0	1021.30	
1960	4	17	15	0	0	1021.30	
1960	4	17	18	0	0	1022.60	
1960	4	17	21	0	0	1023.70	
1960	4	18	0	0	0	1024.10	
1960	4	18	3	0	0	1024.20	
1960	4	18	6	0	0	1025.30	
1960	4	18	12	0	0	1024.70	
1960	4	18	15	0	0	1024.00	
1960	4	18	18	0	0	1024.90	
1960	4	18	21	0	0	1026.30	
1960	4	19	0	0	0	1026.80	
1960	4	19	3	0	0	1026.90	
1960	4	19	6	0	0	1027.20	
1960	4	19	9	0	0	1027.40	
1960	4	19	12	0	0	1026.40	
1960	4	19	15	0	0	1025.10	
1960	4	19	18	0	0	1025.40	
1960	4	19	21	0	0	1026.10	
1960	4	20	0	0	0	1026.10	
1960	4	20	3	0	0	1026.10	
1960	4	20	6	0	0	1026.30	
1960	4	20	9	0	0	1025.10	
1960	4	20	12	0	0	1023.40	
1960	4	20	15	0	0	1022.30	
1960	4	20	18	0	0	1021.90	
1960	4	20	21	0	0	1021.90	
1960	4	21	0	0	0	1021.20	
1960	4	21	3	0	0	1020.50	
1960	4	21	6	0	0	1019.60	
1960	4	21	9	0	0	1017.30	
1960	4	21	12	0	0	1014.30	
1960	4	21	15	0	0	1011.60	
1960	4	21	18	0	0	1011.20	
1960	4	21	21	0	0	1009.60	
1960	4	22	0	0	0	1009.00	
1960	4	22	3	0	0	1007.90	
1960	4	22	6	0	0	1007.20	
1960	4	22	9	0	0	1007.00	
1960	4	22	12	0	0	1006.90	
1960	4	22	15	0	0	1006.20	
1960	4	22	18	0	0	1005.00	
1960	4	22	21	0	0	1004.20	
1960	4	23	0	0	0	1001.80	
1960	4	23	6	0	0	999.20	
1960	4	23	9	0	0	1000.50	
1960	4	23	12	0	0	1001.90	
1960	4	23	15	0	0	1002.60	
1960	4	23	18	0	0	1003.70	
1960	4	23	21	0	0	1004.00	
1960	4	24	0	0	0	1003.60	
1960	4	24	3	0	0	1002.40	
1960	4	24	6	0	0	1002.20	
1960	4	24	9	0	0	1001.80	
1960	4	24	12	0	0	1001.80	
1960	4	24	15	0	0	1001.50	
1960	4	24	18	0	0	1002.10	
1960	4	24	21	0	0	1002.90	
1960	4	25	0	0	0	1003.30	
1960	4	25	3	0	0	1003.70	
1960	4	25	6	0	0	1004.20	
1960	4	25	9	0	0	1004.50	
1960	4	25	12	0	0	1005.20	
1960	4	25	15	0	0	1005.60	
1960	4	25	18	0	0	1006.90	
1960	4	25	21	0	0	1007.20	
1960	4	26	0	0	0	1007.30	
1960	4	26	3	0	0	1006.30	
1960	4	26	9	0	0	1006.20	
1960	4	26	12	0	0	1006.50	
1960	4	26	15	0	0	1006.40	
1960	4	26	18	0	0	1008.20	
1960	4	26	21	0	0	1010.60	
1960	4	27	0	0	0	1011.90	
1960	4	27	3	0	0	1013.40	
1960	4	27	6	0	0	1015.00	
1960	4	27	9	0	0	1015.50	
1960	4	27	12	0	0	1016.10	
1960	4	27	15	0	0	1016.00	
1960	4	27	18	0	0	1017.60	
1960	4	27	21	0	0	1017.20	
1960	4	28	0	0	0	1017.30	
1960	4	28	9	0	0	1016.90	
1960	4	28	12	0	0	1017.10	
1960	4	28	15	0	0	1017.00	
1960	4	28	18	0	0	1018.70	
1960	4	28	21	0	0	1020.60	
1960	4	29	0	0	0	1021.10	
1960	4	29	3	0	0	1021.50	
1960	4	29	6	0	0	1021.40	
1960	4	29	9	0	0	1019.40	
1960	4	29	12	0	0	1018.80	
1960	4	29	15	0	0	1017.40	
1960	4	29	18	0	0	1017.90	
1960	4	29	21	0	0	1017.40	
1960	4	30	0	0	0	1016.60	
1960	4	30	3	0	0	1016.00	
1960	4	30	6	0	0	1015.30	
1960	4	30	9	0	0	1014.00	
1960	4	30	12	0	0	1011.80	
1960	4	30	15	0	0	1011.70	
1960	4	30	21	0	0	1009.80	
1960	5	1	0	0	0	1009.40	
1960	5	1	3	0	0	1008.20	
1960	5	1	6	0	0	1007.90	
1960	5	1	15	0	0	1007.50	
1960	5	1	18	0	0	1007.80	
1960	5	1	21	0	0	1009.10	
1960	5	2	0	0	0	1009.20	
1960	5	2	3	0	0	1009.50	
1960	5	2	6	0	0	1009.30	
1960	5	2	9	0	0	1009.50	
1960	5	2	12	0	0	1010.20	
1960	5	2	15	0	0	1011.30	
1960	5	2	18	0	0	1013.10	
1960	5	2	21	0	0	1015.00	
1960	5	3	0	0	0	1015.20	
1960	5	3	3	0	0	1016.10	
1960	5	3	6	0	0	1017.40	
1960	5	3	12	0	0	1018.10	
1960	5	3	15	0	0	1018.50	
1960	5	3	18	0	0	1019.30	
1960	5	3	21	0	0	1020.40	
1960	5	4	0	0	0	1020.40	
1960	5	4	3	0	0	1021.20	
1960	5	4	6	0	0	1023.50	
1960	5	4	9	0	0	1025.10	
1960	5	4	12	0	0	1024.40	
1960	5	4	15	0	0	1025.50	
1960	5	4	18	0	0	1026.30	
1960	5	4	21	0	0	1026.80	
1960	5	5	0	0	0	1029.40	
1960	5	5	3	0	0	1027.90	
1960	5	5	6	0	0	1027.40	
1960	5	5	9	0	0	1026.70	
1960	5	5	12	0	0	1025.10	
1960	5	5	15	0	0	1025.40	
1960	5	5	18	0	0	1025.40	
1960	5	5	21	0	0	1025.90	
1960	5	6	0	0	0	1026.80	
1960	5	6	3	0	0	1026.90	
1960	5	6	9	0	0	1025.20	
1960	5	6	12	0	0	1024.30	
1960	5	6	15	0	0	1023.50	
1960	5	6	18	0	0	1023.90	
1960	5	6	21	0	0	1024.10	
1960	5	8	0	0	0	1025.70	
1960	5	8	3	0	0	1025.10	
1960	5	8	6	0	0	1025.40	
1960	5	8	12	0	0	1024.50	
1960	5	8	15	0	0	1023.00	
1960	5	8	18	0	0	1022.50	
1960	5	9	0	0	0	1022.90	
1960	5	9	3	0	0	1022.90	
1960	5	9	6	0	0	1022.60	
1960	5	9	9	0	0	1022.50	
1960	5	9	12	0	0	1021.10	
1960	5	9	15	0	0	1021.10	
1960	5	9	18	0	0	1021.50	
1960	5	10	0	0	0	1021.80	
1960	5	10	3	0	0	1022.20	
1960	5	10	6	0	0	1022.70	
1960	5	10	9	0	0	1023.00	
1960	5	10	12	0	0	1023.30	
1960	5	10	15	0	0	1022.70	
1960	5	10	18	0	0	1023.30	
1960	5	11	3	0	0	1023.50	
1960	5	11	6	0	0	1023.70	
1960	5	11	9	0	0	1023.80	
1960	5	11	12	0	0	1023.20	
1960	5	11	15	0	0	1022.50	
1960	5	11	18	0	0	1022.50	
1960	5	11	21	0	0	1023.30	
1960	5	12	0	0	0	1023.20	
1960	5	12	3	0	0	1023.10	
1960	5	12	9	0	0	1023.60	
1960	5	12	12	0	0	1022.30	
1960	5	12	18	0	0	1021.50	
1960	5	12	21	0	0	1022.00	
1960	5	13	0	0	0	1022.30	
1960	5	13	3	0	0	1022.30	
1960	5	13	6	0	0	1023.00	
1960	5	13	9	0	0	1022.40	
1960	5	13	12	0	0	1022.00	
1960	5	13	18	0	0	1021.40	
1960	5	13	21	0	0	1021.90	
1960	5	14	0	0	0	1022.10	
1960	5	14	6	0	0	1021.70	
1960	5	14	9	0	0	1021.90	
1960	5	14	12	0	0	1021.60	
1960	5	14	15	0	0	1021.20	
1960	5	14	18	0	0	1021.40	
1960	5	14	21	0	0	1022.60	
1960	5	15	0	0	0	1022.80	
1960	5	15	3	0	0	1023.00	
1960	5	15	6	0	0	1023.40	
1960	5	15	9	0	0	1023.40	
1960	5	15	12	0	0	1022.40	
1960	5	15	15	0	0	1021.80	
1960	5	15	18	0	0	1022.00	
1960	5	16	0	0	0	1022.90	
1960	5	16	3	0	0	1022.60	
1960	5	16	6	0	0	1022.50	
1960	5	16	9	0	0	1021.60	
1960	5	16	12	0	0	1020.60	
1960	5	16	15	0	0	1019.10	
1960	5	16	18	0	0	1018.70	
1960	5	16	21	0	0	1019.90	
1960	5	17	0	0	0	1018.60	
1960	5	17	3	0	0	1018.00	
1960	5	17	6	0	0	1017.20	
1960	5	17	9	0	0	1016.50	
1960	5	17	12	0	0	1015.90	
1960	5	17	18	0	0	1014.90	
1960	5	17	21	0	0	1016.20	
1960	5	18	0	0	0	1016.90	
1960	5	18	3	0	0	1017.20	
1960	5	18	6	0	0	1017.00	
1960	5	18	9	0	0	1016.50	
1960	5	18	12	0	0	1015.60	
1960	5	18	15	0	0	1014.20	
1960	5	18	18	0	0	1013.10	
1960	5	18	21	0	0	1012.80	
1960	5	19	0	0	0	1010.90	
1960	5	19	3	0	0	1009.10	
1960	5	19	6	0	0	1006.90	
1960	5	19	9	0	0	1005.10	
1960	5	19	12	0	0	1003.70	
1960	5	19	15	0	0	1001.50	
1960	5	19	18	0	0	1002.20	
1960	5	19	21	0	0	1003.30	
1960	5	20	0	0	0	1002.80	
1960	5	20	3	0	0	1002.90	
1960	5	20	6	0	0	1003.70	
1960	5	20	9	0	0	1005.00	
1960	5	20	12	0	0	1004.40	
1960	5	20	15	0	0	1004.10	
1960	5	20	18	0	0	1005.40	
1960	5	20	21	0	0	1007.50	
1960	5	21	3	0	0	1009.80	
1960	5	21	6	0	0	1010.80	
1960	5	21	9	0	0	1010.70	
1960	5	21	12	0	0	1010.60	
1960	5	21	15	0	0	1010.70	
1960	5	21	18	0	0	1011.30	
1960	5	21	21	0	0	1011.60	
1960	5	22	0	0	0	1011.90	
1960	5	22	3	0	0	1011.50	
1960	5	22	6	0	0	1011.30	
1960	5	22	9	0	0	1011.00	
1960	5	22	12	0	0	1009.90	
1960	5	22	15	0	0	1009.70	
1960	5	22	18	0	0	1010.50	
1960	5	22	21	0	0	1011.50	
1960	5	23	0	0	0	1011.50	
1960	5	23	3	0	0	1012.30	
1960	5	23	6	0	0	1013.50	
1960	5	23	9	0	0	1014.40	
1960	5	23	12	0	0	1015.10	
1960	5	23	15	0	0	1014.00	
1960	5	23	18	0	0	1013.90	
1960	5	23	21	0	0	1014.90	
1960	5	24	0	0	0	1014.50	
1960	5	24	3	0	0	1015.00	
1960	5	24	6	0	0	1015.70	
1960	5	24	9	0	0	1016.00	
1960	5	24	12	0	0	1015.70	
1960	5	24	15	0	0	1014.70	
1960	5	24	18	0	0	1014.20	
1960	5	24	21	0	0	1014.80	
1960	5	25	0	0	0	1014.40	
1960	5	25	3	0	0	1013.50	
1960	5	25	6	0	0	1012.60	
1960	5	25	9	0	0	1015.00	
1960	5	25	12	0	0	1017.80	
1960	5	25	15	0	0	1018.90	
1960	5	25	18	0	0	1020.20	
1960	5	25	21	0	0	1021.20	
1960	5	26	0	0	0	1022.90	
1960	5	26	3	0	0	1021.90	
1960	5	26	6	0	0	1020.00	
1960	5	26	9	0	0	1019.40	
1960	5	26	12	0	0	1019.00	
1960	5	26	15	0	0	1019.90	
1960	5	26	21	0	0	1021.50	
1960	5	27	0	0	0	1021.00	
1960	5	27	3	0	0	1022.10	
1960	5	27	6	0	0	1022.40	
1960	5	27	9	0	0	1022.60	
1960	5	27	12	0	0	1022.20	
1960	5	27	15	0	0	1021.40	
1960	5	27	18	0	0	1020.30	
1960	5	28	0	0	0	1017.50	
1960	5	28	3	0	0	1015.50	
1960	5	28	6	0	0	1013.50	
1960	5	28	12	0	0	1011.70	
1960	5	28	15	0	0	1011.70	
1960	5	28	18	0	0	1012.70	
1960	5	28	21	0	0	1014.20	
1960	5	29	0	0	0	1015.40	
1960	5	29	3	0	0	1016.40	
1960	5	29	6	0	0	1017.60	
1960	5	29	9	0	0	1017.90	
1960	5	29	12	0	0	1019.00	
1960	5	29	15	0	0	1019.20	
1960	5	29	18	0	0	1019.60	
1960	5	29	21	0	0	1019.90	
1960	5	30	0	0	0	1019.40	
1960	5	30	3	0	0	1019.40	
1960	5	30	6	0	0	1019.00	
1960	5	30	9	0	0	1018.90	
1960	5	30	12	0	0	1018.60	
1960	5	30	15	0	0	1018.00	
1960	5	30	18	0	0	1018.20	
1960	5	30	21	0	0	1018.60	
1960	5	31	0	0	0	1018.60	
1960	5	31	3	0	0	1019.10	
1960	5	31	6	0	0	1019.00	
1960	5	31	9	0	0	1019.20	
1960	5	31	12	0	0	1018.40	
1960	5	31	18	0	0	1018.10	
1960	5	31	21	0	0	1019.20	
1960	6	1	0	0	0	1019.80	
1960	6	1	3	0	0	1019.90	
1960	6	1	9	0	0	1021.40	
1960	6	1	12	0	0	1021.60	
1960	6	1	15	0	0	1021.40	
1960	6	1	18	0	0	1022.10	
1960	6	1	21	0	0	1022.80	
1960	6	2	0	0	0	1023.70	
1960	6	2	3	0	0	1024.20	
1960	6	2	6	0	0	1024.40	
1960	6	2	9	0	0	1024.30	
1960	6	2	12	0	0	1023.80	
1960	6	2	15	0	0	1022.90	
1960	6	2	18	0	0	1022.60	
1960	6	2	21	0	0	1023.60	
1960	6	3	0	0	0	1023.70	
1960	6	3	3	0	0	1023.60	
1960	6	3	6	0	0	1023.60	
1960	6	3	9	0	0	1023.50	
1960	6	3	12	0	0	1023.00	
1960	6	3	15	0	0	1022.40	
1960	6	3	18	0	0	1021.90	
1960	6	3	21	0	0	1023.60	
1960	6	4	0	0	0	1024.00	
1960	6	4	6	0	0	1024.30	
1960	6	4	12	0	0	1023.70	
1960	6	4	15	0	0	1022.80	
1960	6	4	18	0	0	1022.20	
1960	6	4	21	0	0	1022.60	
1960	6	5	0	0	0	1023.20	
1960	6	5	3	0	0	1023.80	
1960	6	5	6	0	0	1023.00	
1960	6	5	9	0	0	1022.50	
1960	6	5	12	0	0	1021.00	
1960	6	5	15	0	0	1019.80	
1960	6	5	18	0	0	1019.70	
1960	6	5	21	0	0	1020.40	
1960	6	6	0	0	0	1020.00	
1960	6	6	3	0	0	1019.70	
1960	6	6	6	0	0	1019.00	
1960	6	6	9	0	0	1018.20	
1960	6	6	12	0	0	1016.30	
1960	6	6	15	0	0	1015.50	
1960	6	6	18	0	0	1016.40	
1960	6	6	21	0	0	1016.20	
1960	6	7	0	0	0	1014.40	
1960	6	7	3	0	0	1014.10	
1960	6	7	6	0	0	1013.70	
1960	6	7	9	0	0	1013.30	
1960	6	7	12	0	0	1011.40	
1960	6	7	15	0	0	1011.20	
1960	6	7	18	0	0	1011.10	
1960	6	7	21	0	0	1012.30	
1960	6	8	0	0	0	1012.50	
1960	6	8	3	0	0	1012.80	
1960	6	8	6	0	0	1013.10	
1960	6	8	9	0	0	1014.10	
1960	6	8	12	0	0	1014.70	
1960	6	8	15	0	0	1014.50	
1960	6	8	18	0	0	1014.60	
1960	6	8	21	0	0	1016.30	
1960	6	9	0	0	0	1016.50	
1960	6	9	3	0	0	1015.80	
1960	6	9	6	0	0	1015.20	
1960	6	9	12	0	0	1012.70	
1960	6	9	15	0	0	1009.90	
1960	6	9	18	0	0	1008.80	
1960	6	9	21	0	0	1008.50	
1960	6	10	0	0	0	1007.90	
1960	6	10	3	0	0	1007.50	
1960	6	10	6	0	0	1007.90	
1960	6	10	9	0	0	1008.30	
1960	6	10	15	0	0	1007.50	
1960	6	10	18	0	0	1007.50	
1960	6	11	0	0	0	1006.30	
1960	6	11	3	0	0	1005.70	
1960	6	11	9	0	0	1002.50	
1960	6	11	12	0	0	1002.50	
1960	6	11	15	0	0	1002.60	
1960	6	11	18	0	0	1005.60	
1960	6	11	21	0	0	1008.00	
1960	6	12	0	0	0	1008.50	
1960	6	12	3	0	0	1009.80	
1960	6	12	6	0	0	1009.70	
1960	6	12	9	0	0	1009.80	
1960	6	12	12	0	0	1009.50	
1960	6	12	15	0	0	1009.30	
1960	6	12	18	0	0	1010.20	
1960	6	12	21	0	0	1011.80	
1960	6	13	0	0	0	1013.10	
1960	6	13	3	0	0	1013.60	
1960	6	13	12	0	0	1015.00	
1960	6	13	18	0	0	1013.30	
1960	6	13	21	0	0	1013.80	
1960	6	14	0	0	0	1014.60	
1960	6	14	3	0	0	1014.60	
1960	6	14	9	0	0	1013.30	
1960	6	14	12	0	0	1012.90	
1960	6	14	15	0	0	1012.30	
1960	6	14	18	0	0	1012.60	
1960	6	14	21	0	0	1014.00	
1960	6	15	0	0	0	1015.50	
1960	6	15	3	0	0	1016.50	
1960	6	15	6	0	0	1018.50	
1960	6	15	9	0	0	1018.50	
1960	6	15	12	0	0	1019.50	
1960	6	15	15	0	0	1018.60	
1960	6	15	18	0	0	1019.20	
1960	6	15	21	0	0	1020.30	
1960	6	16	0	0	0	1021.00	
1960	6	16	3	0	0	1020.60	
1960	6	16	6	0	0	1021.90	
1960	6	16	9	0	0	1021.70	
1960	6	16	12	0	0	1021.90	
1960	6	16	15	0	0	1021.40	
1960	6	16	18	0	0	1021.90	
1960	6	16	21	0	0	1023.00	
1960	6	17	0	0	0	1022.80	
1960	6	17	3	0	0	1022.60	
1960	6	17	6	0	0	1021.40	
1960	6	17	9	0	0	1021.10	
1960	6	17	12	0	0	1019.20	
1960	6	17	15	0	0	1018.60	
1960	6	17	18	0	0	1018.20	
1960	6	17	21	0	0	1018.30	
1960	6	18	0	0	0	1018.40	
1960	6	18	3	0	0	1018.50	
1960	6	18	6	0	0	1018.80	
1960	6	18	9	0	0	1018.90	
1960	6	18	12	0	0	1018.60	
1960	6	18	15	0	0	1017.80	
1960	6	18	18	0	0	1017.00	
1960	6	18	21	0	0	1016.00	
1960	6	19	3	0	0	1012.10	
1960	6	19	6	0	0	1009.70	
1960	6	19	9	0	0	1008.10	
1960	6	19	15	0	0	1009.10	
1960	6	20	0	0	0	1009.40	
1960	6	20	3	0	0	1007.60	
1960	6	20	6	0	0	1006.00	
1960	6	20	9	0	0	1005.10	
1960	6	20	12	0	0	1004.00	
1960	6	20	15	0	0	1003.80	
1960	6	20	18	0	0	1004.30	
1960	6	20	21	0	0	1005.70	
1960	6	21	0	0	0	1006.30	
1960	6	21	3	0	0	1006.90	
1960	6	21	9	0	0	1006.90	
1960	6	21	12	0	0	1007.50	
1960	6	21	18	0	0	1010.00	
1960	6	21	21	0	0	1011.40	
1960	6	22	0	0	0	1012.60	
1960	6	22	3	0	0	1012.80	
1960	6	22	6	0	0	1013.50	
1960	6	22	9	0	0	1014.10	
1960	6	22	12	0	0	1014.50	
1960	6	22	15	0	0	1014.80	
1960	6	22	18	0	0	1016.10	
1960	6	22	21	0	0	1016.90	
1960	6	23	0	0	0	1017.50	
1960	6	23	3	0	0	1018.40	
1960	6	23	6	0	0	1019.40	
1960	6	23	9	0	0	1020.10	
1960	6	23	12	0	0	1019.70	
1960	6	23	15	0	0	1019.80	
1960	6	23	18	0	0	1020.40	
1960	6	23	21	0	0	1021.50	
1960	6	24	0	0	0	1022.10	
1960	6	24	3	0	0	1022.30	
1960	6	24	6	0	0	1022.60	
1960	6	24	9	0	0	1022.50	
1960	6	24	12	0	0	1022.20	
1960	6	24	15	0	0	1021.60	
1960	6	24	18	0	0	1021.60	
1960	6	24	21	0	0	1022.50	
1960	6	25	0	0	0	1022.80	
1960	6	25	9	0	0	1021.60	
1960	6	25	15	0	0	1018.30	
1960	6	25	18	0	0	1017.50	
1960	6	25	21	0	0	1017.80	
1960	6	26	0	0	0	1017.30	
1960	6	26	3	0	0	1015.20	
1960	6	26	6	0	0	1015.00	
1960	6	26	9	0	0	1015.60	
1960	6	26	12	0	0	1015.70	
1960	6	26	15	0	0	1015.10	
1960	6	26	18	0	0	1014.30	
1960	6	26	21	0	0	1014.50	
1960	6	27	0	0	0	1013.00	
1960	6	27	6	0	0	1011.10	
1960	6	27	9	0	0	1011.20	
1960	6	27	12	0	0	1010.90	
1960	6	27	15	0	0	1010.60	
1960	6	27	21	0	0	1010.60	
1960	6	28	0	0	0	1010.80	
1960	6	28	3	0	0	1010.30	
1960	6	28	6	0	0	1009.80	
1960	6	28	9	0	0	1008.30	
1960	6	28	12	0	0	1008.20	
1960	6	28	15	0	0	1008.10	
1960	6	28	18	0	0	1008.30	
1960	6	29	0	0	0	1008.10	
1960	6	29	3	0	0	1008.50	
1960	6	29	6	0	0	1007.20	
1960	6	29	9	0	0	1006.80	
1960	6	29	12	0	0	1006.10	
1960	6	29	15	0	0	1005.30	
1960	6	29	18	0	0	1005.20	
1960	6	29	21	0	0	1004.70	
1960	6	30	0	0	0	1004.10	
1960	6	30	3	0	0	1003.30	
1960	6	30	9	0	0	1004.30	
1960	6	30	12	0	0	1002.60	
1960	6	30	15	0	0	1003.00	
1960	6	30	18	0	0	1003.00	
1960	6	30	21	0	0	1003.90	
1960	7	1	0	0	0	1004.10	
1960	7	1	3	0	0	1003.60	
1960	7	1	6	0	0	1003.80	
1960	7	1	9	0	0	1004.50	
1960	7	1	12	0	0	1005.60	
1960	7	1	15	0	0	1005.60	
1960	7	1	18	0	0	1006.50	
1960	7	1	21	0	0	1006.70	
1960	7	2	3	0	0	1006.70	
1960	7	2	9	0	0	1006.50	
1960	7	2	12	0	0	1006.00	
1960	7	2	15	0	0	1005.50	
1960	7	2	18	0	0	1005.50	
1960	7	2	21	0	0	1003.00	
1960	7	3	0	0	0	1004.80	
1960	7	3	3	0	0	1003.90	
1960	7	3	6	0	0	1002.80	
1960	7	3	9	0	0	1002.30	
1960	7	3	12	0	0	1002.30	
1960	7	3	15	0	0	1001.50	
1960	7	3	18	0	0	1001.40	
1960	7	3	21	0	0	1001.60	
1960	7	4	0	0	0	1001.50	
1960	7	4	3	0	0	1001.40	
1960	7	4	6	0	0	1000.10	
1960	7	4	9	0	0	999.70	
1960	7	4	15	0	0	999.70	
1960	7	4	18	0	0	1000.30	
1960	7	4	21	0	0	1001.10	
1960	7	6	0	0	0	1005.20	
1960	7	6	3	0	0	1005.50	
1960	7	6	6	0	0	1005.70	
1960	7	6	9	0	0	1005.70	
1960	7	6	12	0	0	1005.60	
1960	7	6	15	0	0	1005.30	
1960	7	6	18	0	0	1004.50	
1960	7	6	21	0	0	1004.50	
1960	7	7	0	0	0	1004.50	
1960	7	7	3	0	0	1005.10	
1960	7	7	6	0	0	1006.70	
1960	7	7	9	0	0	1007.90	
1960	7	7	12	0	0	1008.00	
1960	7	7	15	0	0	1008.60	
1960	7	7	18	0	0	1009.90	
1960	7	7	21	0	0	1012.20	
1960	7	8	0	0	0	1013.10	
1960	7	8	3	0	0	1013.30	
1960	7	8	6	0	0	1012.90	
1960	7	8	9	0	0	1012.60	
1960	7	8	12	0	0	1012.20	
1960	7	8	15	0	0	1011.00	
1960	7	8	18	0	0	1010.40	
1960	7	8	21	0	0	1010.90	
1960	7	9	0	0	0	1009.90	
1960	7	9	3	0	0	1008.20	
1960	7	9	6	0	0	1008.00	
1960	7	9	9	0	0	1007.20	
1960	7	9	12	0	0	1006.50	
1960	7	9	18	0	0	1005.60	
1960	7	10	0	0	0	1006.30	
1960	7	10	3	0	0	1006.40	
1960	7	10	6	0	0	1007.00	
1960	7	10	9	0	0	1007.70	
1960	7	10	12	0	0	1009.40	
1960	7	10	15	0	0	1010.60	
1960	7	10	18	0	0	1011.30	
1960	7	10	21	0	0	1011.90	
1960	7	11	0	0	0	1012.90	
1960	7	11	3	0	0	1013.50	
1960	7	11	6	0	0	1015.00	
1960	7	11	9	0	0	1015.60	
1960	7	11	12	0	0	1015.10	
1960	7	11	15	0	0	1014.40	
1960	7	11	18	0	0	1014.40	
1960	7	11	21	0	0	1014.90	
1960	7	12	0	0	0	1014.30	
1960	7	12	3	0	0	1014.10	
1960	7	12	6	0	0	1013.80	
1960	7	12	9	0	0	1013.50	
1960	7	12	12	0	0	1013.30	
1960	7	12	15	0	0	1014.00	
1960	7	12	18	0	0	1014.00	
1960	7	12	21	0	0	1014.40	
1960	7	13	0	0	0	1014.20	
1960	7	13	3	0	0	1014.70	
1960	7	13	9	0	0	1015.40	
1960	7	13	12	0	0	1015.50	
1960	7	13	15	0	0	1015.70	
1960	7	13	18	0	0	1015.50	
1960	7	13	21	0	0	1016.40	
1960	7	14	3	0	0	1016.30	
1960	7	14	6	0	0	1014.20	
1960	7	14	9	0	0	1017.80	
1960	7	14	12	0	0	1017.90	
1960	7	14	15	0	0	1017.60	
1960	7	14	18	0	0	1017.70	
1960	7	14	21	0	0	1018.20	
1960	7	15	0	0	0	1018.10	
1960	7	15	3	0	0	1018.60	
1960	7	15	6	0	0	1019.00	
1960	7	15	12	0	0	1018.50	
1960	7	15	15	0	0	1018.00	
1960	7	15	18	0	0	1017.90	
1960	7	15	21	0	0	1018.00	
1960	7	16	0	0	0	1018.60	
1960	7	16	3	0	0	1019.10	
1960	7	16	9	0	0	1018.00	
1960	7	16	12	0	0	1017.70	
1960	7	16	15	0	0	1016.60	
1960	7	16	18	0	0	1016.50	
1960	7	16	21	0	0	1017.30	
1960	7	17	0	0	0	1017.40	
1960	7	17	3	0	0	1017.50	
1960	7	17	6	0	0	1018.20	
1960	7	17	9	0	0	1018.90	
1960	7	17	12	0	0	1017.80	
1960	7	17	15	0	0	1017.80	
1960	7	17	18	0	0	1017.60	
1960	7	17	21	0	0	1018.20	
1960	7	18	0	0	0	1016.50	
1960	7	18	6	0	0	1016.00	
1960	7	18	9	0	0	1015.50	
1960	7	18	12	0	0	1014.10	
1960	7	18	15	0	0	1013.70	
1960	7	18	18	0	0	1013.80	
1960	7	18	21	0	0	1015.00	
1960	7	19	0	0	0	1015.20	
1960	7	19	3	0	0	1016.00	
1960	7	19	6	0	0	1016.90	
1960	7	19	9	0	0	1017.30	
1960	7	19	12	0	0	1017.80	
1960	7	19	15	0	0	1018.10	
1960	7	19	18	0	0	1018.30	
1960	7	19	21	0	0	1018.90	
1960	7	20	0	0	0	1018.50	
1960	7	20	3	0	0	1018.10	
1960	7	20	6	0	0	1016.40	
1960	7	20	15	0	0	1016.10	
1960	7	20	18	0	0	1017.40	
1960	7	20	21	0	0	1018.70	
1960	7	21	0	0	0	1019.20	
1960	7	21	3	0	0	1019.50	
1960	7	21	9	0	0	1017.90	
1960	7	21	12	0	0	1017.20	
1960	7	21	15	0	0	1015.30	
1960	7	21	18	0	0	1014.50	
1960	7	21	21	0	0	1014.20	
1960	7	22	0	0	0	1012.80	
1960	7	22	3	0	0	1011.80	
1960	7	22	6	0	0	1010.20	
1960	7	22	9	0	0	1010.20	
1960	7	22	12	0	0	1010.80	
1960	7	22	15	0	0	1011.60	
1960	7	22	18	0	0	1012.20	
1960	7	22	21	0	0	1013.30	
1960	7	23	0	0	0	1013.80	
1960	7	23	3	0	0	1014.30	
1960	7	23	6	0	0	1014.10	
1960	7	23	9	0	0	1013.70	
1960	7	23	15	0	0	1015.30	
1960	7	23	18	0	0	1012.60	
1960	7	23	21	0	0	1012.40	
1960	7	24	0	0	0	1011.20	
1960	7	24	3	0	0	1010.30	
1960	7	24	6	0	0	1009.00	
1960	7	24	9	0	0	1007.80	
1960	7	24	12	0	0	1006.80	
1960	7	24	15	0	0	1006.70	
1960	7	24	18	0	0	1006.60	
1960	7	24	21	0	0	1007.50	
1960	7	25	0	0	0	1008.00	
1960	7	25	6	0	0	1008.50	
1960	7	25	9	0	0	1006.70	
1960	7	25	12	0	0	1006.60	
1960	7	25	15	0	0	1005.90	
1960	7	25	18	0	0	1006.40	
1960	7	25	21	0	0	1007.80	
1960	7	26	0	0	0	1008.30	
1960	7	26	6	0	0	1008.30	
1960	7	26	9	0	0	1008.60	
1960	7	26	12	0	0	1008.60	
1960	7	26	15	0	0	1007.30	
1960	7	26	18	0	0	1009.90	
1960	7	26	21	0	0	1007.20	
1960	7	27	0	0	0	1005.80	
1960	7	27	6	0	0	1002.70	
1960	7	27	9	0	0	1002.10	
1960	7	27	12	0	0	1001.60	
1960	7	27	15	0	0	1001.40	
1960	7	27	18	0	0	1000.80	
1960	7	27	21	0	0	1001.50	
1960	7	28	0	0	0	1001.20	
1960	7	28	3	0	0	1001.70	
1960	7	28	6	0	0	1001.50	
1960	7	28	9	0	0	1001.30	
1960	7	28	12	0	0	1000.40	
1960	7	28	15	0	0	1002.10	
1960	7	28	18	0	0	1002.80	
1960	7	28	21	0	0	1003.90	
1960	7	29	0	0	0	1005.50	
1960	7	29	6	0	0	1009.60	
1960	7	29	9	0	0	1011.00	
1960	7	29	12	0	0	1011.70	
1960	7	29	15	0	0	1013.20	
1960	7	29	18	0	0	1013.90	
1960	7	30	0	0	0	1016.80	
1960	7	30	3	0	0	1018.20	
1960	7	30	6	0	0	1019.20	
1960	7	30	9	0	0	1020.00	
1960	7	30	12	0	0	1020.00	
1960	7	30	15	0	0	1020.20	
1960	7	30	18	0	0	1020.80	
1960	7	31	0	0	0	1021.80	
1960	7	31	3	0	0	1021.80	
1960	7	31	6	0	0	1021.20	
1960	7	31	12	0	0	1020.20	
1960	7	31	15	0	0	1019.30	
1960	7	31	18	0	0	1019.30	
1960	7	31	21	0	0	1019.50	
1960	8	1	0	0	0	1019.90	
1960	8	1	6	0	0	1018.70	
1960	8	1	9	0	0	1018.00	
1960	8	1	12	0	0	1016.60	
1960	8	1	15	0	0	1015.80	
1960	8	1	18	0	0	1015.00	
1960	8	1	21	0	0	1014.90	
1960	8	2	0	0	0	1013.90	
1960	8	2	3	0	0	1012.30	
1960	8	2	9	0	0	1011.20	
1960	8	2	12	0	0	1010.00	
1960	8	2	15	0	0	1009.20	
1960	8	2	18	0	0	1008.90	
1960	8	2	21	0	0	1009.30	
1960	8	3	0	0	0	1008.80	
1960	8	3	3	0	0	1008.30	
1960	8	3	6	0	0	1008.50	
1960	8	3	12	0	0	1009.40	
1960	8	3	15	0	0	1009.60	
1960	8	3	18	0	0	1010.70	
1960	8	3	21	0	0	1011.20	
1960	8	4	0	0	0	1011.10	
1960	8	4	3	0	0	1011.40	
1960	8	4	6	0	0	1011.90	
1960	8	4	9	0	0	1012.30	
1960	8	4	12	0	0	1012.50	
1960	8	4	15	0	0	1012.40	
1960	8	4	18	0	0	1013.10	
1960	8	4	21	0	0	1012.70	
1960	8	5	0	0	0	1012.40	
1960	8	5	3	0	0	1012.50	
1960	8	5	6	0	0	1012.70	
1960	8	5	9	0	0	1013.00	
1960	8	5	12	0	0	1013.70	
1960	8	5	15	0	0	1013.90	
1960	8	6	3	0	0	1013.30	
1960	8	6	6	0	0	1013.10	
1960	8	6	9	0	0	1012.30	
1960	8	6	12	0	0	1011.80	
1960	8	6	15	0	0	1011.10	
1960	8	6	18	0	0	1010.50	
1960	8	6	21	0	0	1010.30	
1960	8	7	0	0	0	1009.40	
1960	8	7	3	0	0	1008.60	
1960	8	7	6	0	0	1008.30	
1960	8	7	9	0	0	1008.30	
1960	8	7	12	0	0	1008.00	
1960	8	7	15	0	0	1007.50	
1960	8	7	18	0	0	1007.30	
1960	8	7	21	0	0	1007.00	
1960	8	8	0	0	0	1006.40	
1960	8	8	6	0	0	1006.50	
1960	8	8	9	0	0	1006.70	
1960	8	8	12	0	0	1007.20	
1960	8	8	15	0	0	1006.70	
1960	8	8	18	0	0	1007.10	
1960	8	8	21	0	0	1007.30	
1960	8	9	0	0	0	1007.60	
1960	8	9	3	0	0	1007.10	
1960	8	9	6	0	0	1007.30	
1960	8	9	9	0	0	1007.70	
1960	8	9	12	0	0	1007.80	
1960	8	9	15	0	0	1007.70	
1960	8	9	21	0	0	1009.70	
1960	8	10	3	0	0	1011.20	
1960	8	10	6	0	0	1011.00	
1960	8	10	9	0	0	1011.40	
1960	8	10	12	0	0	1011.10	
1960	8	10	15	0	0	1011.00	
1960	8	10	18	0	0	1011.50	
1960	8	10	21	0	0	1012.30	
1960	8	11	0	0	0	1012.80	
1960	8	11	3	0	0	1012.50	
1960	8	11	6	0	0	1012.40	
1960	8	11	9	0	0	1012.20	
1960	8	11	12	0	0	1010.70	
1960	8	11	18	0	0	1009.00	
1960	8	11	21	0	0	1009.00	
1960	8	12	0	0	0	1008.10	
1960	8	12	3	0	0	1007.20	
1960	8	12	6	0	0	1007.00	
1960	8	12	9	0	0	1005.50	
1960	8	12	12	0	0	1004.60	
1960	8	12	15	0	0	1003.70	
1960	8	12	18	0	0	1003.50	
1960	8	12	21	0	0	1003.40	
1960	8	13	0	0	0	1002.60	
1960	8	13	3	0	0	1001.60	
1960	8	13	6	0	0	1000.90	
1960	8	13	9	0	0	1000.60	
1960	8	13	12	0	0	1000.10	
1960	8	13	15	0	0	999.00	
1960	8	13	21	0	0	999.00	
1960	8	14	0	0	0	998.00	
1960	8	14	3	0	0	997.90	
1960	8	14	6	0	0	998.00	
1960	8	14	9	0	0	998.20	
1960	8	14	12	0	0	998.30	
1960	8	14	15	0	0	999.80	
1960	8	14	18	0	0	1002.50	
1960	8	14	21	0	0	1003.40	
1960	8	15	0	0	0	1004.10	
1960	8	15	3	0	0	1004.50	
1960	8	15	6	0	0	1006.00	
1960	8	15	9	0	0	1006.70	
1960	8	15	12	0	0	1007.50	
1960	8	15	15	0	0	1007.60	
1960	8	15	18	0	0	1008.00	
1960	8	15	21	0	0	1008.20	
1960	8	16	0	0	0	1007.70	
1960	8	16	3	0	0	1007.10	
1960	8	16	6	0	0	1006.90	
1960	8	16	9	0	0	1006.80	
1960	8	16	12	0	0	1006.80	
1960	8	16	15	0	0	1006.80	
1960	8	16	18	0	0	1007.60	
1960	8	16	21	0	0	1008.30	
1960	8	17	0	0	0	1008.60	
1960	8	17	3	0	0	1008.60	
1960	8	17	9	0	0	1009.60	
1960	8	17	12	0	0	1009.40	
1960	8	17	15	0	0	1009.90	
1960	8	17	18	0	0	1010.50	
1960	8	17	21	0	0	1011.40	
1960	8	18	0	0	0	1011.50	
1960	8	18	3	0	0	1011.50	
1960	8	18	6	0	0	1011.40	
1960	8	18	9	0	0	1010.30	
1960	8	18	12	0	0	1009.10	
1960	8	18	15	0	0	1007.50	
1960	8	18	18	0	0	1006.10	
1960	8	18	21	0	0	1004.50	
1960	8	19	0	0	0	1002.00	
1960	8	19	3	0	0	1000.60	
1960	8	19	12	0	0	997.40	
1960	8	19	15	0	0	995.40	
1960	8	19	18	0	0	994.20	
1960	8	19	21	0	0	996.30	
1960	8	20	0	0	0	998.00	
1960	8	20	3	0	0	999.50	
1960	8	20	6	0	0	1001.30	
1960	8	20	9	0	0	1003.20	
1960	8	20	12	0	0	1005.20	
1960	8	20	15	0	0	1006.60	
1960	8	20	18	0	0	1008.60	
1960	8	21	0	0	0	1010.60	
1960	8	21	3	0	0	1010.70	
1960	8	21	9	0	0	1011.60	
1960	8	21	12	0	0	1012.00	
1960	8	21	15	0	0	1012.00	
1960	8	21	18	0	0	1013.00	
1960	8	21	21	0	0	1013.60	
1960	8	22	0	0	0	1013.90	
1960	8	22	3	0	0	1013.90	
1960	8	22	6	0	0	1014.40	
1960	8	22	9	0	0	1014.60	
1960	8	22	12	0	0	1014.70	
1960	8	22	15	0	0	1015.50	
1960	8	22	18	0	0	1016.40	
1960	8	22	21	0	0	1019.70	
1960	8	23	0	0	0	1018.20	
1960	8	23	3	0	0	1018.10	
1960	8	23	6	0	0	1018.50	
1960	8	23	9	0	0	1017.90	
1960	8	23	12	0	0	1016.80	
1960	8	23	15	0	0	1015.90	
1960	8	23	18	0	0	1014.40	
1960	8	23	21	0	0	1013.70	
1960	8	24	0	0	0	1012.50	
1960	8	24	3	0	0	1011.10	
1960	8	24	6	0	0	1010.90	
1960	8	24	9	0	0	1011.00	
1960	8	24	12	0	0	1011.30	
1960	8	24	15	0	0	1011.10	
1960	8	24	18	0	0	1012.80	
1960	8	24	21	0	0	1013.60	
1960	8	25	0	0	0	1014.00	
1960	8	25	3	0	0	1013.80	
1960	8	25	6	0	0	1014.80	
1960	8	25	9	0	0	1014.70	
1960	8	25	12	0	0	1014.30	
1960	8	25	15	0	0	1014.10	
1960	8	25	18	0	0	1015.30	
1960	8	25	21	0	0	1016.00	
1960	8	26	0	0	0	1016.80	
1960	8	26	3	0	0	1017.00	
1960	8	26	6	0	0	1017.40	
1960	8	26	9	0	0	1017.50	
1960	8	26	15	0	0	1017.30	
1960	8	26	18	0	0	1019.00	
1960	8	26	21	0	0	1019.90	
1960	8	27	0	0	0	1021.10	
1960	8	27	3	0	0	1021.70	
1960	8	27	6	0	0	1022.50	
1960	8	27	9	0	0	1022.50	
1960	8	27	12	0	0	1022.30	
1960	8	27	15	0	0	1022.20	
1960	8	27	18	0	0	1022.00	
1960	8	27	21	0	0	1022.80	
1960	8	28	0	0	0	1023.20	
1960	8	28	3	0	0	1021.60	
1960	8	28	6	0	0	1023.10	
1960	8	28	9	0	0	1022.10	
1960	8	28	12	0	0	1020.60	
1960	8	28	15	0	0	1019.40	
1960	8	28	18	0	0	1018.40	
1960	8	28	21	0	0	1017.50	
1960	8	29	0	0	0	1016.40	
1960	8	29	3	0	0	1014.50	
1960	8	29	6	0	0	1012.50	
1960	8	29	9	0	0	1010.90	
1960	8	29	12	0	0	1009.50	
1960	8	29	15	0	0	1009.70	
1960	8	29	18	0	0	1008.90	
1960	8	29	21	0	0	1008.90	
1960	8	30	0	0	0	1007.70	
1960	8	30	3	0	0	1007.20	
1960	8	30	6	0	0	1006.50	
1960	8	30	9	0	0	1005.20	
1960	8	30	12	0	0	1003.00	
1960	8	30	15	0	0	1002.30	
1960	8	30	18	0	0	1001.80	
1960	8	30	21	0	0	1001.10	
1960	8	31	0	0	0	1000.50	
1960	8	31	3	0	0	999.40	
1960	8	31	6	0	0	1002.50	
1960	8	31	12	0	0	1000.50	
1960	8	31	15	0	0	1000.50	
1960	8	31	18	0	0	1001.20	
1960	8	31	21	0	0	1002.30	
1960	9	1	0	0	0	1002.60	
1960	9	1	3	0	0	1003.80	
1960	9	1	9	0	0	1006.00	
1960	9	1	12	0	0	1005.90	
1960	9	1	15	0	0	1006.80	
1960	9	1	18	0	0	1007.40	
1960	9	1	21	0	0	1007.60	
1960	9	2	0	0	0	1007.10	
1960	9	2	3	0	0	1006.00	
1960	9	2	6	0	0	1005.40	
1960	9	2	9	0	0	1006.30	
1960	9	2	12	0	0	1006.10	
1960	9	2	15	0	0	1007.00	
1960	9	2	18	0	0	1007.50	
1960	9	2	21	0	0	1008.40	
1960	9	3	0	0	0	1008.90	
1960	9	3	3	0	0	1009.20	
1960	9	3	6	0	0	1010.10	
1960	9	3	9	0	0	1010.90	
1960	9	3	12	0	0	1009.50	
1960	9	3	15	0	0	1008.80	
1960	9	3	18	0	0	1007.40	
1960	9	3	21	0	0	1006.20	
1960	9	4	0	0	0	1003.20	
1960	9	4	3	0	0	1002.10	
1960	9	4	6	0	0	1002.20	
1960	9	4	9	0	0	1003.40	
1960	9	4	12	0	0	1003.90	
1960	9	4	15	0	0	1003.30	
1960	9	4	18	0	0	1003.50	
1960	9	4	21	0	0	1004.00	
1960	9	5	0	0	0	1004.40	
1960	9	5	3	0	0	1004.00	
1960	9	5	6	0	0	1004.00	
1960	9	5	9	0	0	1004.80	
1960	9	5	12	0	0	1004.80	
1960	9	5	15	0	0	1005.50	
1960	9	5	18	0	0	1006.90	
1960	9	5	21	0	0	1008.40	
1960	9	6	0	0	0	1008.80	
1960	9	6	3	0	0	1009.10	
1960	9	6	6	0	0	1009.00	
1960	9	6	9	0	0	1008.80	
1960	9	6	12	0	0	1008.80	
1960	9	6	15	0	0	1008.30	
1960	9	6	18	0	0	1008.20	
1960	9	6	21	0	0	1008.50	
1960	9	7	0	0	0	1008.30	
1960	9	7	3	0	0	1008.20	
1960	9	7	6	0	0	1008.00	
1960	9	7	9	0	0	1007.70	
1960	9	7	12	0	0	1007.80	
1960	9	7	15	0	0	1008.00	
1960	9	7	18	0	0	1008.30	
1960	9	7	21	0	0	1008.60	
1960	9	8	0	0	0	1009.10	
1960	9	8	3	0	0	1009.90	
1960	9	8	6	0	0	1010.70	
1960	9	8	9	0	0	1011.50	
1960	9	8	12	0	0	1012.10	
1960	9	8	15	0	0	1012.50	
1960	9	8	18	0	0	1013.40	
1960	9	8	21	0	0	1014.20	
1960	9	9	0	0	0	1014.10	
1960	9	9	3	0	0	1013.90	
1960	9	9	6	0	0	1015.10	
1960	9	9	9	0	0	1016.30	
1960	9	9	12	0	0	1016.50	
1960	9	9	15	0	0	1018.00	
1960	9	9	18	0	0	1019.70	
1960	9	9	21	0	0	1021.20	
1960	9	10	0	0	0	1021.70	
1960	9	10	3	0	0	1021.20	
1960	9	10	6	0	0	1021.10	
1960	9	10	9	0	0	1021.10	
1960	9	10	12	0	0	1020.80	
1960	9	10	15	0	0	1020.50	
1960	9	10	21	0	0	1020.90	
1960	9	11	0	0	0	1020.60	
1960	9	11	3	0	0	1020.30	
1960	9	11	6	0	0	1020.70	
1960	9	11	9	0	0	1021.50	
1960	9	11	12	0	0	1022.10	
1960	9	11	15	0	0	1022.70	
1960	9	11	18	0	0	1023.80	
1960	9	12	0	0	0	1026.10	
1960	9	12	3	0	0	1026.10	
1960	9	12	6	0	0	1027.00	
1960	9	12	9	0	0	1027.40	
1960	9	12	12	0	0	1026.80	
1960	9	12	15	0	0	1026.60	
1960	9	12	18	0	0	1027.20	
1960	9	13	0	0	0	1027.80	
1960	9	13	3	0	0	1027.50	
1960	9	13	6	0	0	1027.80	
1960	9	13	9	0	0	1028.10	
1960	9	13	12	0	0	1027.60	
1960	9	13	15	0	0	1027.00	
1960	9	13	18	0	0	1027.40	
1960	9	13	21	0	0	1028.00	
1960	9	14	0	0	0	1028.40	
1960	9	14	3	0	0	1028.30	
1960	9	14	6	0	0	1028.20	
1960	9	14	9	0	0	1027.60	
1960	9	14	12	0	0	1026.00	
1960	9	14	15	0	0	1024.30	
1960	9	14	18	0	0	1024.30	
1960	9	14	21	0	0	1024.50	
1960	9	15	0	0	0	1024.60	
1960	9	15	3	0	0	1023.70	
1960	9	15	6	0	0	1023.90	
1960	9	15	9	0	0	1023.70	
1960	9	15	12	0	0	1022.10	
1960	9	15	18	0	0	1019.00	
1960	9	15	21	0	0	1022.20	
1960	9	16	0	0	0	1022.70	
1960	9	16	3	0	0	1022.20	
1960	9	16	6	0	0	1022.80	
1960	9	16	9	0	0	1022.60	
1960	9	16	12	0	0	1022.10	
1960	9	16	15	0	0	1021.60	
1960	9	16	18	0	0	1022.80	
1960	9	16	21	0	0	1023.60	
1960	9	17	0	0	0	1024.00	
1960	9	17	3	0	0	1024.70	
1960	9	17	6	0	0	1025.10	
1960	9	17	9	0	0	1025.40	
1960	9	17	12	0	0	1024.70	
1960	9	17	15	0	0	1024.30	
1960	9	17	18	0	0	1024.90	
1960	9	17	21	0	0	1025.80	
1960	9	18	0	0	0	1026.00	
1960	9	18	3	0	0	1026.40	
1960	9	18	6	0	0	1026.70	
1960	9	18	9	0	0	1026.40	
1960	9	18	12	0	0	1026.00	
1960	9	18	15	0	0	1026.20	
1960	9	18	18	0	0	1025.80	
1960	9	18	21	0	0	1025.60	
1960	9	19	0	0	0	1024.60	
1960	9	19	3	0	0	1024.00	
1960	9	19	6	0	0	1023.20	
1960	9	19	9	0	0	1022.00	
1960	9	19	12	0	0	1020.80	
1960	9	19	15	0	0	1018.90	
1960	9	19	18	0	0	1018.40	
1960	9	19	21	0	0	1017.90	
1960	9	20	0	0	0	1016.80	
1960	9	20	3	0	0	1015.80	
1960	9	20	6	0	0	1015.20	
1960	9	20	12	0	0	1013.70	
1960	9	20	15	0	0	1013.40	
1960	9	20	18	0	0	1014.70	
1960	9	20	21	0	0	1015.40	
1960	9	21	0	0	0	1016.30	
1960	9	21	3	0	0	1016.80	
1960	9	21	6	0	0	1018.60	
1960	9	21	9	0	0	1018.90	
1960	9	21	12	0	0	1018.80	
1960	9	21	15	0	0	1018.90	
1960	9	21	18	0	0	1020.50	
1960	9	21	21	0	0	1021.80	
1960	9	22	3	0	0	1023.30	
1960	9	22	6	0	0	1024.40	
1960	9	22	9	0	0	1026.10	
1960	9	22	12	0	0	1026.70	
1960	9	22	15	0	0	1027.60	
1960	9	22	18	0	0	1029.80	
1960	9	22	21	0	0	1031.60	
1960	9	23	0	0	0	1033.00	
1960	9	23	3	0	0	1033.80	
1960	9	23	6	0	0	1034.70	
1960	9	23	9	0	0	1034.80	
1960	9	23	12	0	0	1034.60	
1960	9	23	15	0	0	1034.20	
1960	9	23	18	0	0	1034.40	
1960	9	24	0	0	0	1035.20	
1960	9	24	3	0	0	1035.10	
1960	9	24	6	0	0	1035.20	
1960	9	24	9	0	0	1034.40	
1960	9	24	12	0	0	1033.40	
1960	9	24	15	0	0	1032.50	
1960	9	24	18	0	0	1032.00	
1960	9	25	0	0	0	1031.20	
1960	9	25	3	0	0	1029.80	
1960	9	25	6	0	0	1028.50	
1960	9	25	9	0	0	1026.20	
1960	9	25	12	0	0	1023.00	
1960	9	25	15	0	0	1020.30	
1960	9	25	18	0	0	1018.70	
1960	9	25	21	0	0	1016.70	
1960	9	26	0	0	0	1017.20	
1960	9	26	3	0	0	1011.70	
1960	9	26	6	0	0	1010.00	
1960	9	26	9	0	0	1008.30	
1960	9	26	12	0	0	1007.20	
1960	9	26	15	0	0	1006.40	
1960	9	26	18	0	0	1006.70	
1960	9	26	21	0	0	1006.50	
1960	9	27	0	0	0	1005.30	
1960	9	27	3	0	0	1004.20	
1960	9	27	6	0	0	1003.90	
1960	9	27	9	0	0	1004.60	
1960	9	27	12	0	0	1004.60	
1960	9	27	15	0	0	1004.90	
1960	9	27	18	0	0	1006.10	
1960	9	27	21	0	0	1006.70	
1960	9	28	0	0	0	1007.10	
1960	9	28	3	0	0	1007.00	
1960	9	28	9	0	0	1007.70	
1960	9	28	12	0	0	1007.80	
1960	9	28	15	0	0	1007.20	
1960	9	28	18	0	0	1007.20	
1960	9	28	21	0	0	1006.80	
1960	9	29	0	0	0	1006.80	
1960	9	29	3	0	0	1006.30	
1960	9	29	6	0	0	1006.40	
1960	9	29	9	0	0	1006.50	
1960	9	29	12	0	0	1006.70	
1960	9	29	15	0	0	1007.40	
1960	9	29	18	0	0	1008.60	
1960	9	30	0	0	0	1011.10	
1960	9	30	3	0	0	1012.80	
1960	9	30	6	0	0	1014.00	
1960	9	30	9	0	0	1015.30	
1960	9	30	12	0	0	1016.10	
1960	9	30	15	0	0	1016.80	
1960	9	30	18	0	0	1017.80	
