SEF	1.0.0
ID	DWRUK_LEEMING
Name	Leeming
Lat	54.3000
Lon	-1.5500
Alt	
Source	DWR_UKMO_RDG
Link	https://github.com/ed-hawkins/weather-rescue/dwr-1919-1960
Vbl	mslp
Stat	point
Units	hPa
Meta	PTC=Y|PGC=Y|Data policy=Open
Year	Month	Day	Hour	Minute	Period	Value	Meta
1944	11	20	9	0	0	989.00	
1944	11	20	12	0	0	990.80	
1944	11	20	15	0	0	995.90	
1944	11	20	18	0	0	1001.90	
1944	11	20	21	0	0	1009.00	
1944	11	21	0	0	0	1011.00	
1944	11	21	3	0	0	1014.30	
1944	11	21	6	0	0	1016.90	
1944	11	21	9	0	0	1021.40	
1944	11	21	12	0	0	1021.20	
1944	11	21	15	0	0	1021.40	
1944	11	21	18	0	0	1020.40	
1944	11	21	21	0	0	1016.70	
1944	11	22	0	0	0	1012.30	
1944	11	22	3	0	0	1005.50	
1944	11	22	6	0	0	999.50	
1944	11	22	9	0	0	998.50	
1944	11	22	12	0	0	997.90	
1944	11	22	15	0	0	998.00	
1944	11	22	18	0	0	996.20	
1944	11	22	21	0	0	996.30	
1944	11	23	0	0	0	994.50	
1944	11	23	3	0	0	994.80	
1944	11	23	6	0	0	993.40	
1944	11	23	9	0	0	993.30	
1944	11	23	12	0	0	993.10	
1944	11	23	15	0	0	992.80	
1944	11	23	18	0	0	992.80	
1944	11	23	21	0	0	993.30	
1944	11	24	0	0	0	993.10	
1944	11	24	3	0	0	991.10	
1944	11	24	6	0	0	989.30	
1944	11	24	9	0	0	998.30	
1944	11	24	12	0	0	998.90	
1944	11	24	15	0	0	990.30	
1944	11	24	18	0	0	991.70	
1944	11	24	21	0	0	991.50	
1944	11	25	0	0	0	991.30	
1944	11	25	3	0	0	990.30	
1944	11	25	6	0	0	990.50	
1944	11	25	9	0	0	992.60	
1944	11	25	12	0	0	995.20	
1944	11	25	15	0	0	996.60	
1944	11	25	18	0	0	999.20	
1944	11	25	21	0	0	1001.30	
1944	11	26	0	0	0	1002.50	
1944	11	26	3	0	0	1003.70	
1944	11	26	6	0	0	1005.10	
1944	11	26	9	0	0	1006.20	
1944	11	26	12	0	0	1006.40	
1944	11	26	15	0	0	1005.70	
1944	11	26	18	0	0	1007.10	
1944	11	26	21	0	0	1010.00	
1944	11	27	0	0	0	1013.00	
1944	11	27	3	0	0	1016.50	
1944	11	27	6	0	0	1018.30	
1944	11	27	9	0	0	1021.30	
1944	11	27	12	0	0	1021.10	
1944	11	27	15	0	0	1019.70	
1944	11	27	18	0	0	1018.50	
1944	11	27	21	0	0	1014.70	
1944	11	28	0	0	0	1010.50	
1944	11	28	3	0	0	1006.50	
1944	11	28	6	0	0	1003.10	
1944	11	28	9	0	0	1001.60	
1944	11	28	12	0	0	1001.20	
1944	11	28	15	0	0	1003.20	
1944	11	28	18	0	0	1007.00	
1944	11	28	21	0	0	1010.00	
1944	11	29	0	0	0	1012.40	
1944	11	29	3	0	0	1013.80	
1944	11	29	6	0	0	1014.20	
1944	11	29	9	0	0	1015.80	
1944	11	29	12	0	0	1016.80	
1944	11	29	15	0	0	1016.50	
1944	11	29	18	0	0	1017.10	
1944	11	29	21	0	0	1018.00	
1944	11	30	0	0	0	1018.60	
1944	11	30	3	0	0	1019.70	
1944	11	30	6	0	0	1020.70	
1944	11	30	9	0	0	1021.70	
1944	11	30	12	0	0	1022.30	
1944	11	30	15	0	0	1023.00	
1944	11	30	18	0	0	1022.80	
1944	11	30	21	0	0	1022.00	
1944	12	1	0	0	0	1020.40	
1944	12	1	3	0	0	1018.00	
1944	12	1	6	0	0	1014.80	
1944	12	1	9	0	0	1018.10	
1944	12	1	12	0	0	1017.10	
1944	12	1	15	0	0	1008.30	
1944	12	1	18	0	0	1005.30	
1944	12	1	21	0	0	1002.60	
1944	12	2	0	0	0	1000.40	
1944	12	2	3	0	0	1001.50	
1944	12	2	6	0	0	1002.70	
1944	12	2	9	0	0	1003.20	
1944	12	2	12	0	0	1003.40	
1944	12	2	15	0	0	1002.90	
1944	12	2	18	0	0	1004.70	
1944	12	2	21	0	0	1006.50	
1944	12	3	0	0	0	1007.50	
1944	12	3	3	0	0	1007.50	
1944	12	3	6	0	0	1006.30	
1944	12	3	9	0	0	1003.50	
1944	12	3	12	0	0	996.50	
1944	12	3	15	0	0	997.20	
1944	12	3	18	0	0	995.80	
1944	12	3	21	0	0	994.90	
1944	12	4	0	0	0	994.30	
1944	12	4	3	0	0	994.00	
1944	12	4	6	0	0	993.80	
1944	12	4	9	0	0	995.50	
1944	12	4	12	0	0	996.90	
1944	12	4	15	0	0	997.00	
1944	12	4	18	0	0	998.00	
1944	12	4	21	0	0	997.60	
1944	12	5	0	0	0	997.00	
1944	12	5	3	0	0	997.00	
1944	12	5	6	0	0	997.40	
1944	12	5	9	0	0	997.80	
1944	12	5	12	0	0	997.60	
1944	12	5	15	0	0	997.50	
1944	12	5	18	0	0	998.30	
1944	12	5	21	0	0	997.90	
1944	12	6	0	0	0	997.30	
1944	12	6	3	0	0	996.50	
1944	12	6	6	0	0	995.50	
1944	12	6	9	0	0	996.30	
1944	12	6	12	0	0	994.90	
1944	12	6	15	0	0	990.70	
1944	12	6	18	0	0	989.30	
1944	12	6	21	0	0	988.00	
1944	12	7	0	0	0	986.80	
1944	12	7	3	0	0	985.80	
1944	12	7	6	0	0	984.20	
1944	12	7	9	0	0	983.40	
1944	12	7	12	0	0	981.20	
1944	12	7	15	0	0	979.00	
1944	12	7	18	0	0	978.00	
1944	12	7	21	0	0	976.60	
1944	12	8	0	0	0	976.20	
1944	12	8	3	0	0	978.00	
1944	12	8	6	0	0	979.80	
1944	12	8	9	0	0	983.60	
1944	12	8	12	0	0	986.60	
1944	12	8	15	0	0	988.70	
1944	12	8	18	0	0	991.10	
1944	12	8	21	0	0	995.30	
1944	12	9	0	0	0	993.90	
1944	12	9	3	0	0	994.70	
1944	12	9	6	0	0	995.90	
1944	12	9	9	0	0	997.20	
1944	12	9	12	0	0	997.60	
1944	12	9	15	0	0	998.50	
1944	12	9	18	0	0	999.90	
1944	12	9	21	0	0	1000.30	
1944	12	10	0	0	0	1000.30	
1944	12	10	3	0	0	998.50	
1944	12	10	6	0	0	997.10	
1944	12	10	9	0	0	1002.00	
1944	12	10	12	0	0	998.60	
1944	12	10	15	0	0	977.90	
1944	12	10	18	0	0	982.10	
1944	12	11	3	0	0	979.90	
1944	12	11	6	0	0	980.10	
1944	12	11	9	0	0	981.00	
1944	12	11	12	0	0	982.00	
1944	12	11	15	0	0	982.70	
1944	12	11	18	0	0	984.10	
1944	12	11	21	0	0	985.90	
1944	12	12	0	0	0	988.50	
1944	12	12	3	0	0	991.40	
1944	12	12	6	0	0	995.40	
1944	12	12	9	0	0	999.20	
1944	12	12	12	0	0	1004.20	
1944	12	12	15	0	0	1007.40	
1944	12	12	18	0	0	1011.60	
1944	12	12	21	0	0	1014.80	
1944	12	13	0	0	0	1017.40	
1944	12	13	3	0	0	1019.70	
1944	12	13	6	0	0	1021.50	
1944	12	13	9	0	0	1022.80	
1944	12	13	12	0	0	1023.80	
1944	12	13	15	0	0	1023.20	
1944	12	13	18	0	0	1023.40	
1944	12	13	21	0	0	1021.60	
1944	12	14	0	0	0	1021.20	
1944	12	14	3	0	0	1031.40	
1944	12	14	6	0	0	1029.80	
1944	12	14	9	0	0	1019.80	
1944	12	14	12	0	0	1019.20	
1944	12	14	15	0	0	1016.90	
1944	12	14	18	0	0	1015.30	
1944	12	14	21	0	0	1013.70	
1944	12	15	0	0	0	1012.50	
1944	12	15	3	0	0	1011.80	
1944	12	15	6	0	0	1010.00	
1944	12	15	9	0	0	1009.50	
1944	12	15	12	0	0	1008.50	
1944	12	15	15	0	0	1007.30	
1944	12	15	18	0	0	1006.50	
1944	12	15	21	0	0	1006.20	
1944	12	16	0	0	0	1005.20	
1944	12	16	3	0	0	1004.70	
1944	12	16	6	0	0	1003.70	
1944	12	16	9	0	0	1003.30	
1944	12	16	12	0	0	1001.10	
1944	12	16	15	0	0	998.40	
1944	12	16	18	0	0	997.40	
1944	12	16	21	0	0	995.80	
1944	12	17	0	0	0	991.80	
1944	12	17	3	0	0	984.50	
1944	12	17	6	0	0	980.70	
1944	12	17	9	0	0	983.00	
1944	12	17	12	0	0	984.20	
1944	12	17	15	0	0	987.80	
1944	12	17	18	0	0	990.40	
1944	12	17	21	0	0	993.60	
1944	12	18	0	0	0	996.20	
1944	12	18	3	0	0	997.80	
1944	12	18	6	0	0	998.40	
1944	12	18	9	0	0	998.40	
1944	12	18	12	0	0	999.00	
1944	12	18	15	0	0	1003.50	
1944	12	18	18	0	0	1007.70	
1944	12	18	21	0	0	1011.10	
1944	12	19	0	0	0	1013.10	
1944	12	19	3	0	0	1014.50	
1944	12	19	6	0	0	1017.10	
1944	12	19	9	0	0	1019.00	
1944	12	19	12	0	0	1020.20	
1944	12	19	15	0	0	1021.00	
1944	12	19	18	0	0	1022.60	
1944	12	19	21	0	0	1034.40	
1944	12	20	0	0	0	1035.00	
1944	12	20	3	0	0	1025.80	
1944	12	20	6	0	0	1026.20	
1944	12	20	9	0	0	1027.60	
1944	12	20	12	0	0	1027.00	
1944	12	20	15	0	0	1026.30	
1944	12	20	18	0	0	1026.10	
1944	12	20	21	0	0	1026.30	
1944	12	21	0	0	0	1026.30	
1944	12	21	3	0	0	1026.50	
1944	12	21	6	0	0	1027.50	
1944	12	21	9	0	0	1030.10	
1944	12	21	12	0	0	1031.10	
1944	12	21	15	0	0	1031.60	
1944	12	21	18	0	0	1031.80	
1944	12	21	21	0	0	1032.00	
1944	12	22	0	0	0	1031.00	
1944	12	22	3	0	0	1030.70	
1944	12	22	6	0	0	1030.90	
1944	12	22	9	0	0	1032.30	
1944	12	22	12	0	0	1033.70	
1944	12	22	15	0	0	1035.00	
1944	12	22	18	0	0	1036.20	
1944	12	22	21	0	0	1037.70	
1944	12	23	0	0	0	1038.50	
1944	12	23	3	0	0	1039.40	
1944	12	23	6	0	0	1039.60	
1944	12	23	9	0	0	1041.20	
1944	12	23	12	0	0	1040.60	
1944	12	23	15	0	0	1040.50	
1944	12	23	18	0	0	1040.30	
1944	12	23	21	0	0	1040.80	
1944	12	24	0	0	0	1040.20	
1944	12	24	3	0	0	1039.10	
1944	12	24	6	0	0	1038.50	
1944	12	24	9	0	0	1038.70	
1944	12	24	12	0	0	1037.90	
1944	12	24	15	0	0	1037.10	
1944	12	24	18	0	0	1036.10	
1944	12	24	21	0	0	1035.90	
1944	12	25	0	0	0	1034.90	
1944	12	25	3	0	0	1033.50	
1944	12	25	6	0	0	1031.90	
1944	12	25	9	0	0	1031.70	
1944	12	25	12	0	0	1030.30	
1944	12	25	15	0	0	1029.50	
1944	12	25	18	0	0	1029.70	
1944	12	25	21	0	0	1030.00	
1944	12	26	0	0	0	1029.80	
1944	12	26	3	0	0	1030.30	
1944	12	26	6	0	0	1029.70	
1944	12	26	9	0	0	1030.60	
1944	12	26	12	0	0	1028.80	
1944	12	26	15	0	0	1026.90	
1944	12	26	18	0	0	1025.30	
1944	12	26	21	0	0	1024.50	
1944	12	27	0	0	0	1022.90	
1944	12	27	3	0	0	1021.50	
1944	12	27	6	0	0	1019.30	
1944	12	27	9	0	0	1019.10	
1944	12	27	12	0	0	1018.10	
1944	12	27	15	0	0	1018.20	
1944	12	27	18	0	0	1020.60	
1944	12	27	21	0	0	1022.50	
1944	12	28	0	0	0	1024.30	
1944	12	28	3	0	0	1026.80	
1944	12	28	6	0	0	1028.20	
1944	12	28	9	0	0	1030.90	
1944	12	28	12	0	0	1033.10	
1944	12	28	15	0	0	1034.40	
1944	12	28	18	0	0	1035.60	
1944	12	28	21	0	0	1036.30	
1944	12	29	0	0	0	1036.90	
1944	12	29	3	0	0	1036.70	
1944	12	29	6	0	0	1036.10	
1944	12	29	9	0	0	1036.00	
1944	12	29	12	0	0	1034.00	
1944	12	29	15	0	0	1031.70	
1944	12	29	18	0	0	1030.70	
1944	12	29	21	0	0	1029.00	
1944	12	30	0	0	0	1027.60	
1944	12	30	3	0	0	1026.00	
1944	12	30	6	0	0	1025.40	
1944	12	30	9	0	0	1026.20	
1944	12	30	12	0	0	1025.60	
1944	12	30	15	0	0	1026.10	
1944	12	30	18	0	0	1026.70	
1944	12	30	21	0	0	1028.20	
1944	12	31	0	0	0	1028.80	
1944	12	31	3	0	0	1030.20	
1944	12	31	6	0	0	1031.20	
1944	12	31	9	0	0	1033.10	
1944	12	31	12	0	0	1033.30	
1944	12	31	15	0	0	1033.30	
1944	12	31	18	0	0	1034.30	
1944	12	31	21	0	0	1036.50	
1945	1	1	0	0	0	1035.90	
1945	1	1	3	0	0	1036.20	
1945	1	1	6	0	0	1035.60	
1945	1	1	9	0	0	1036.00	
1945	1	1	12	0	0	1035.80	
1945	1	1	15	0	0	1035.10	
1945	1	1	18	0	0	1034.90	
1945	1	1	21	0	0	1034.10	
1945	1	2	0	0	0	1034.30	
1945	1	2	3	0	0	1034.30	
1945	1	2	6	0	0	1033.10	
1945	1	2	9	0	0	1032.30	
1945	1	2	12	0	0	1030.30	
1945	1	2	15	0	0	1027.90	
1945	1	2	18	0	0	1024.10	
1945	1	2	21	0	0	1021.00	
1945	1	3	0	0	0	1019.20	
1945	1	3	3	0	0	1016.60	
1945	1	3	6	0	0	1011.60	
1945	1	3	9	0	0	1005.00	
1945	1	3	12	0	0	1002.00	
1945	1	3	15	0	0	1002.10	
1945	1	3	18	0	0	1002.90	
1945	1	3	21	0	0	1004.70	
1945	1	4	0	0	0	1006.90	
1945	1	4	3	0	0	1006.40	
1945	1	4	6	0	0	1006.20	
1945	1	4	9	0	0	1006.50	
1945	1	4	12	0	0	1005.90	
1945	1	4	15	0	0	997.40	
1945	1	4	18	0	0	1001.00	
1945	1	4	21	0	0	1012.00	
1945	1	5	0	0	0	1013.40	
1945	1	5	3	0	0	1014.40	
1945	1	5	6	0	0	1015.20	
1945	1	5	9	0	0	1016.90	
1945	1	5	12	0	0	1016.50	
1945	1	5	15	0	0	1016.60	
1945	1	5	18	0	0	1017.20	
1945	1	5	21	0	0	1016.70	
1945	1	6	0	0	0	1015.30	
1945	1	6	3	0	0	1015.00	
1945	1	6	6	0	0	1015.20	
1945	1	6	9	0	0	1017.00	
1945	1	6	12	0	0	1017.40	
1945	1	6	15	0	0	1016.40	
1945	1	6	18	0	0	1015.80	
1945	1	6	21	0	0	1013.80	
1945	1	7	0	0	0	1013.60	
1945	1	7	3	0	0	1012.10	
1945	1	7	6	0	0	1010.70	
1945	1	7	9	0	0	1010.10	
1945	1	7	12	0	0	1010.30	
1945	1	7	15	0	0	1009.80	
1945	1	7	18	0	0	1008.60	
1945	1	7	21	0	0	1007.90	
1945	1	8	0	0	0	1006.50	
1945	1	8	3	0	0	1006.00	
1945	1	8	6	0	0	1005.40	
1945	1	8	9	0	0	1006.10	
1945	1	8	12	0	0	1006.70	
1945	1	8	15	0	0	1006.00	
1945	1	8	18	0	0	1006.60	
1945	1	8	21	0	0	1006.80	
1945	1	9	0	0	0	1005.60	
1945	1	9	3	0	0	1005.50	
1945	1	9	6	0	0	1005.30	
1945	1	9	9	0	0	1006.70	
1945	1	9	12	0	0	1007.30	
1945	1	9	15	0	0	1008.30	
1945	1	9	18	0	0	1009.30	
1945	1	9	21	0	0	1009.70	
1945	1	10	0	0	0	1011.50	
1945	1	10	3	0	0	1012.30	
1945	1	10	6	0	0	1012.70	
1945	1	10	9	0	0	1012.20	
1945	1	10	12	0	0	1012.80	
1945	1	10	15	0	0	1011.50	
1945	1	10	18	0	0	1011.30	
1945	1	10	21	0	0	1012.20	
1945	1	11	0	0	0	1015.60	
1945	1	11	3	0	0	1017.20	
1945	1	11	6	0	0	1018.20	
1945	1	11	9	0	0	1019.40	
1945	1	11	12	0	0	1020.80	
1945	1	11	15	0	0	1021.30	
1945	1	11	18	0	0	1022.90	
1945	1	11	21	0	0	1024.10	
1945	1	12	0	0	0	1024.50	
1945	1	12	3	0	0	1026.00	
1945	1	12	6	0	0	1027.00	
1945	1	12	9	0	0	1028.80	
1945	1	12	12	0	0	1029.00	
1945	1	12	15	0	0	1028.90	
1945	1	12	18	0	0	1029.50	
1945	1	12	21	0	0	1030.20	
1945	1	13	0	0	0	1031.20	
1945	1	13	3	0	0	1032.40	
1945	1	13	6	0	0	1033.00	
1945	1	13	9	0	0	1034.70	
1945	1	13	12	0	0	1034.90	
1945	1	13	15	0	0	1035.00	
1945	1	13	18	0	0	1036.00	
1945	1	13	21	0	0	1037.50	
1945	1	14	0	0	0	1035.90	
1945	1	14	3	0	0	1035.90	
1945	1	14	6	0	0	1034.90	
1945	1	14	9	0	0	1035.00	
1945	1	14	12	0	0	1033.60	
1945	1	14	15	0	0	1031.90	
1945	1	14	18	0	0	1031.30	
1945	1	14	21	0	0	1031.40	
1945	1	15	0	0	0	1030.40	
1945	1	15	3	0	0	1030.40	
1945	1	15	6	0	0	1029.40	
1945	1	15	9	0	0	1029.60	
1945	1	15	12	0	0	1028.60	
1945	1	15	15	0	0	1025.40	
1945	1	15	18	0	0	1023.60	
1945	1	15	21	0	0	1021.60	
1945	1	16	0	0	0	1019.40	
1945	1	16	3	0	0	1017.30	
1945	1	16	6	0	0	1015.10	
1945	1	16	9	0	0	1014.20	
1945	1	16	12	0	0	1011.60	
1945	1	16	15	0	0	1008.20	
1945	1	16	18	0	0	1007.00	
1945	1	16	21	0	0	1003.50	
1945	1	17	0	0	0	1001.70	
1945	1	17	3	0	0	1002.60	
1945	1	17	6	0	0	1003.60	
1945	1	17	9	0	0	1005.60	
1945	1	17	12	0	0	1006.20	
1945	1	17	21	0	0	996.60	
1945	1	18	0	0	0	994.00	
1945	1	18	3	0	0	989.40	
1945	1	18	6	0	0	986.00	
1945	1	18	9	0	0	980.40	
1945	1	18	12	0	0	971.80	
1945	1	18	15	0	0	967.60	
1945	1	18	18	0	0	963.80	
1945	1	18	21	0	0	962.60	
1945	1	19	0	0	0	971.20	
1945	1	19	3	0	0	980.60	
1945	1	19	6	0	0	985.20	
1945	1	19	9	0	0	989.10	
1945	1	19	12	0	0	992.90	
1945	1	19	15	0	0	997.50	
1945	1	19	18	0	0	999.30	
1945	1	19	21	0	0	999.30	
1945	1	20	0	0	0	998.10	
1945	1	20	3	0	0	996.40	
1945	1	20	6	0	0	995.80	
1945	1	20	9	0	0	996.50	
1945	1	20	12	0	0	996.30	
1945	1	20	15	0	0	998.40	
1945	1	20	18	0	0	1000.60	
1945	1	20	21	0	0	1002.20	
1945	1	21	0	0	0	1003.60	
1945	1	21	3	0	0	1004.70	
1945	1	21	6	0	0	1005.70	
1945	1	21	9	0	0	1007.60	
1945	1	21	12	0	0	1007.80	
1945	1	21	15	0	0	1008.40	
1945	1	21	18	0	0	1009.00	
1945	1	21	21	0	0	1010.00	
1945	1	22	0	0	0	1010.20	
1945	1	22	3	0	0	1011.90	
1945	1	22	6	0	0	1013.30	
1945	1	22	9	0	0	1015.50	
1945	1	22	12	0	0	1015.30	
1945	1	22	15	0	0	1014.10	
1945	1	22	18	0	0	1012.90	
1945	1	22	21	0	0	1012.00	
1945	1	23	0	0	0	1010.20	
1945	1	23	3	0	0	1008.60	
1945	1	23	6	0	0	1007.20	
1945	1	23	9	0	0	1007.10	
1945	1	23	12	0	0	1006.70	
1945	1	23	15	0	0	1005.50	
1945	1	23	18	0	0	1005.70	
1945	1	23	21	0	0	1006.20	
1945	1	24	0	0	0	1006.80	
1945	1	24	3	0	0	1007.00	
1945	1	24	6	0	0	1007.00	
1945	1	24	9	0	0	1008.40	
1945	1	24	12	0	0	1009.20	
1945	1	24	15	0	0	1008.70	
1945	1	24	18	0	0	1009.70	
1945	1	24	21	0	0	1010.80	
1945	1	25	0	0	0	1011.40	
1945	1	25	3	0	0	1012.40	
1945	1	25	6	0	0	1012.60	
1945	1	25	9	0	0	1013.70	
1945	1	25	12	0	0	1013.70	
1945	1	25	15	0	0	1012.90	
1945	1	25	18	0	0	1013.50	
1945	1	25	21	0	0	1013.50	
1945	1	26	0	0	0	1012.90	
1945	1	26	3	0	0	1012.00	
1945	1	26	6	0	0	1011.40	
1945	1	26	9	0	0	1011.60	
1945	1	26	12	0	0	1011.40	
1945	1	26	15	0	0	1011.60	
1945	1	26	18	0	0	1011.40	
1945	1	26	21	0	0	1011.80	
1945	1	27	0	0	0	1011.80	
1945	1	27	3	0	0	1011.10	
1945	1	27	6	0	0	1011.30	
1945	1	27	9	0	0	1012.70	
1945	1	27	12	0	0	1012.10	
1945	1	27	15	0	0	1013.10	
1945	1	27	18	0	0	1014.10	
1945	1	27	21	0	0	1015.90	
1945	1	28	0	0	0	1017.50	
1945	1	28	3	0	0	1019.60	
1945	1	28	6	0	0	1021.40	
1945	1	28	9	0	0	1024.50	
1945	1	28	12	0	0	1027.10	
1945	1	28	15	0	0	1028.80	
1945	1	28	18	0	0	1031.40	
1945	1	28	21	0	0	1031.60	
1945	1	29	0	0	0	1033.00	
1945	1	29	3	0	0	1032.30	
1945	1	29	6	0	0	1031.50	
1945	1	29	9	0	0	1030.70	
1945	1	29	12	0	0	1028.50	
1945	1	29	15	0	0	1026.30	
1945	1	29	18	0	0	1023.30	
1945	1	29	21	0	0	1018.90	
1945	1	30	0	0	0	1013.70	
1945	1	30	3	0	0	1008.10	
1945	1	30	6	0	0	1003.10	
1945	1	30	9	0	0	1000.90	
1945	1	30	12	0	0	1000.50	
1945	1	30	15	0	0	999.70	
1945	1	30	18	0	0	999.90	
1945	1	30	21	0	0	1000.30	
1945	1	31	0	0	0	1000.90	
1945	1	31	3	0	0	1001.00	
1945	1	31	6	0	0	1001.20	
1945	1	31	9	0	0	1002.70	
1945	1	31	12	0	0	1002.50	
1945	1	31	15	0	0	1000.10	
1945	1	31	18	0	0	997.90	
1945	1	31	21	0	0	993.80	
1945	2	1	0	0	0	991.60	
1945	2	1	3	0	0	989.40	
1945	2	1	6	0	0	989.60	
1945	2	1	9	0	0	998.40	
1945	2	1	12	0	0	1001.00	
1945	2	1	15	0	0	1000.60	
1945	2	1	18	0	0	996.80	
1945	2	1	21	0	0	997.30	
1945	2	2	0	0	0	997.10	
1945	2	2	3	0	0	994.90	
1945	2	2	6	0	0	991.90	
1945	2	2	9	0	0	988.90	
1945	2	2	12	0	0	989.10	
1945	2	2	15	0	0	992.70	
1945	2	2	18	0	0	996.30	
1945	2	2	21	0	0	999.30	
1945	2	3	0	0	0	1006.30	
1945	2	3	3	0	0	1011.00	
1945	2	3	6	0	0	1015.60	
1945	2	3	9	0	0	1018.40	
1945	2	3	12	0	0	1020.20	
1945	2	3	15	0	0	1019.70	
1945	2	3	18	0	0	1017.90	
1945	2	3	21	0	0	1014.00	
1945	2	4	0	0	0	1007.80	
1945	2	4	3	0	0	1002.90	
1945	2	4	6	0	0	1000.70	
1945	2	4	9	0	0	1002.00	
1945	2	4	12	0	0	1006.20	
1945	2	4	15	0	0	1010.90	
1945	2	4	18	0	0	1013.30	
1945	2	4	21	0	0	1013.40	
1945	2	5	0	0	0	1012.60	
1945	2	5	3	0	0	1008.60	
1945	2	5	6	0	0	1006.40	
1945	2	5	9	0	0	1008.10	
1945	2	5	12	0	0	1008.70	
1945	2	5	15	0	0	1009.20	
1945	2	5	18	0	0	1010.40	
1945	2	5	21	0	0	1011.90	
1945	2	6	0	0	0	1013.70	
1945	2	6	3	0	0	1014.80	
1945	2	6	6	0	0	1015.80	
1945	2	6	9	0	0	1015.50	
1945	2	6	12	0	0	1015.50	
1945	2	6	15	0	0	1011.20	
1945	2	6	18	0	0	1008.40	
1945	2	6	21	0	0	1006.20	
1945	2	7	0	0	0	1002.80	
1945	2	7	3	0	0	999.40	
1945	2	7	6	0	0	997.00	
1945	2	7	9	0	0	996.60	
1945	2	7	12	0	0	998.00	
1945	2	7	15	0	0	1000.70	
1945	2	7	18	0	0	1004.50	
1945	2	7	21	0	0	1007.80	
1945	2	8	0	0	0	1009.00	
1945	2	8	3	0	0	1008.30	
1945	2	8	6	0	0	1008.10	
1945	2	8	9	0	0	1005.90	
1945	2	8	12	0	0	1002.90	
1945	2	8	15	0	0	997.50	
1945	2	8	18	0	0	994.50	
1945	2	8	21	0	0	993.50	
1945	2	9	0	0	0	994.30	
1945	2	9	3	0	0	996.60	
1945	2	9	6	0	0	1000.00	
1945	2	9	9	0	0	1003.70	
1945	2	9	12	0	0	1005.90	
1945	2	9	15	0	0	1006.50	
1945	2	9	18	0	0	1003.70	
1945	2	9	21	0	0	999.00	
1945	2	10	0	0	0	993.60	
1945	2	10	3	0	0	991.60	
1945	2	10	6	0	0	992.40	
1945	2	10	9	0	0	994.50	
1945	2	10	12	0	0	995.10	
1945	2	10	15	0	0	995.00	
1945	2	10	18	0	0	996.00	
1945	2	10	21	0	0	997.10	
1945	2	11	0	0	0	998.10	
1945	2	11	3	0	0	998.00	
1945	2	11	6	0	0	997.80	
1945	2	11	9	0	0	996.70	
1945	2	11	12	0	0	995.30	
1945	2	11	15	0	0	994.30	
1945	2	11	18	0	0	995.70	
1945	2	11	21	0	0	997.60	
1945	2	12	0	0	0	999.40	
1945	2	12	3	0	0	999.70	
1945	2	12	6	0	0	1000.10	
1945	2	12	9	0	0	999.90	
1945	2	12	12	0	0	999.30	
1945	2	12	15	0	0	996.60	
1945	2	12	18	0	0	994.40	
1945	2	12	21	0	0	994.50	
1945	2	13	0	0	0	995.90	
1945	2	13	3	0	0	996.10	
1945	2	13	6	0	0	998.10	
1945	2	13	9	0	0	1000.00	
1945	2	13	12	0	0	1001.80	
1945	2	13	15	0	0	1003.50	
1945	2	13	18	0	0	1004.90	
1945	2	13	21	0	0	1008.90	
1945	2	14	0	0	0	1011.10	
1945	2	14	3	0	0	1012.40	
1945	2	14	6	0	0	1013.80	
1945	2	14	9	0	0	1015.30	
1945	2	14	12	0	0	1016.30	
1945	2	14	15	0	0	1017.60	
1945	2	14	18	0	0	1019.20	
1945	2	14	21	0	0	1021.10	
1945	2	15	0	0	0	1022.30	
1945	2	15	3	0	0	1022.80	
1945	2	15	6	0	0	1022.80	
1945	2	15	9	0	0	1023.40	
1945	2	15	12	0	0	1023.00	
1945	2	15	15	0	0	1022.20	
1945	2	15	18	0	0	1020.80	
1945	2	15	21	0	0	1021.40	
1945	2	16	0	0	0	1021.20	
1945	2	16	3	0	0	1020.20	
1945	2	16	6	0	0	1019.40	
1945	2	16	9	0	0	1020.00	
1945	2	16	12	0	0	1020.60	
1945	2	16	15	0	0	1020.40	
1945	2	16	18	0	0	1022.20	
1945	2	16	21	0	0	1022.60	
1945	2	17	0	0	0	1023.20	
1945	2	17	3	0	0	1022.80	
1945	2	17	6	0	0	1022.20	
1945	2	17	9	0	0	1022.30	
1945	2	17	12	0	0	1022.30	
1945	2	17	15	0	0	1021.90	
1945	2	17	18	0	0	1023.10	
1945	2	17	21	0	0	1024.30	
1945	2	18	0	0	0	1024.50	
1945	2	18	3	0	0	1024.70	
1945	2	18	6	0	0	1025.90	
1945	2	18	9	0	0	1028.20	
1945	2	18	12	0	0	1029.00	
1945	2	18	15	0	0	1029.20	
1945	2	18	18	0	0	1031.40	
1945	2	18	21	0	0	1032.30	
1945	2	19	0	0	0	1033.30	
1945	2	19	3	0	0	1033.30	
1945	2	19	6	0	0	1032.70	
1945	2	19	9	0	0	1032.60	
1945	2	19	12	0	0	1031.60	
1945	2	19	15	0	0	1030.00	
1945	2	19	18	0	0	1029.60	
1945	2	19	21	0	0	1029.10	
1945	2	20	0	0	0	1027.70	
1945	2	20	3	0	0	1026.90	
1945	2	20	6	0	0	1028.90	
1945	2	20	9	0	0	1031.70	
1945	2	20	12	0	0	1033.50	
1945	2	20	15	0	0	1034.80	
1945	2	20	18	0	0	1036.20	
1945	2	20	21	0	0	1038.10	
1945	2	21	0	0	0	1038.30	
1945	2	21	3	0	0	1038.00	
1945	2	21	6	0	0	1037.00	
1945	2	21	9	0	0	1037.60	
1945	2	21	12	0	0	1035.60	
1945	2	21	15	0	0	1034.30	
1945	2	21	18	0	0	1033.30	
1945	2	21	21	0	0	1032.50	
1945	2	22	0	0	0	1031.70	
1945	2	22	3	0	0	1030.40	
1945	2	22	6	0	0	1030.00	
1945	2	22	9	0	0	1029.90	
1945	2	22	12	0	0	1031.10	
1945	2	22	15	0	0	1030.70	
1945	2	22	18	0	0	1030.50	
1945	2	22	21	0	0	1029.40	
1945	2	23	0	0	0	1028.00	
1945	2	23	3	0	0	1027.00	
1945	2	23	6	0	0	1026.80	
1945	2	23	9	0	0	1027.90	
1945	2	23	12	0	0	1028.50	
1945	2	23	15	0	0	1030.00	
1945	2	23	18	0	0	1030.60	
1945	2	23	21	0	0	1031.80	
1945	2	24	0	0	0	1032.80	
1945	2	24	3	0	0	1031.70	
1945	2	24	6	0	0	1031.10	
1945	2	24	9	0	0	1029.90	
1945	2	24	12	0	0	1028.50	
1945	2	24	15	0	0	1025.80	
1945	2	24	18	0	0	1023.60	
1945	2	24	21	0	0	1020.20	
1945	2	25	0	0	0	1018.60	
1945	2	25	3	0	0	1015.30	
1945	2	25	6	0	0	1013.50	
1945	2	25	9	0	0	1014.00	
1945	2	25	12	0	0	1014.20	
1945	2	25	15	0	0	1015.80	
1945	2	25	18	0	0	1013.60	
1945	2	25	21	0	0	1013.00	
1945	2	26	0	0	0	1012.40	
1945	2	26	3	0	0	1013.00	
1945	2	26	6	0	0	1014.60	
1945	2	26	9	0	0	1016.70	
1945	2	26	12	0	0	1020.50	
1945	2	26	15	0	0	1022.50	
1945	2	26	18	0	0	1025.10	
1945	2	26	21	0	0	1027.10	
1945	2	27	0	0	0	1028.10	
1945	2	27	3	0	0	1028.60	
1945	2	27	6	0	0	1028.80	
1945	2	27	9	0	0	1029.40	
1945	2	27	12	0	0	1030.80	
1945	2	27	15	0	0	1030.30	
1945	2	27	18	0	0	1031.10	
1945	2	27	21	0	0	1032.10	
1945	2	28	0	0	0	1032.30	
1945	2	28	3	0	0	1031.40	
1945	2	28	6	0	0	1031.20	
1945	2	28	9	0	0	1031.20	
1945	2	28	12	0	0	1030.60	
1945	2	28	15	0	0	1028.50	
1945	2	28	18	0	0	1026.90	
1945	2	28	21	0	0	1024.50	
1945	3	1	0	0	0	1021.30	
1945	3	1	3	0	0	1018.50	
1945	3	1	6	0	0	1019.50	
1945	3	1	9	0	0	1023.20	
1945	3	1	12	0	0	1025.40	
1945	3	1	15	0	0	1027.90	
1945	3	1	18	0	0	1031.90	
1945	3	1	21	0	0	1034.50	
1945	3	2	0	0	0	1036.30	
1945	3	2	3	0	0	1037.70	
1945	3	2	6	0	0	1038.70	
1945	3	2	9	0	0	1040.00	
1945	3	2	12	0	0	1041.00	
1945	3	2	15	0	0	1040.70	
1945	3	2	18	0	0	1041.70	
1945	3	2	21	0	0	1042.40	
1945	3	3	0	0	0	1042.60	
1945	3	3	3	0	0	1042.20	
1945	3	3	6	0	0	1042.20	
1945	3	3	9	0	0	1042.20	
1945	3	3	12	0	0	1041.40	
1945	3	3	15	0	0	1040.20	
1945	3	3	18	0	0	1039.20	
1945	3	3	21	0	0	1038.20	
1945	3	4	0	0	0	1036.80	
1945	3	4	3	0	0	1035.40	
1945	3	4	6	0	0	1034.00	
1945	3	4	9	0	0	1032.10	
1945	3	4	12	0	0	1031.10	
1945	3	4	15	0	0	1032.30	
1945	3	4	18	0	0	1032.70	
1945	3	4	21	0	0	1033.50	
1945	3	5	0	0	0	1033.30	
1945	3	5	3	0	0	1032.60	
1945	3	5	6	0	0	1031.60	
1945	3	5	9	0	0	1030.60	
1945	3	5	12	0	0	1029.60	
1945	3	5	15	0	0	1028.60	
1945	3	5	18	0	0	1028.80	
1945	3	5	21	0	0	1029.40	
1945	3	6	0	0	0	1029.80	
1945	3	6	3	0	0	1029.20	
1945	3	6	6	0	0	1029.40	
1945	3	6	9	0	0	1029.80	
1945	3	6	12	0	0	1030.40	
1945	3	6	15	0	0	1029.70	
1945	3	6	18	0	0	1030.10	
1945	3	6	21	0	0	1030.70	
1945	3	7	0	0	0	1031.90	
1945	3	7	3	0	0	1030.60	
1945	3	7	6	0	0	1031.00	
1945	3	7	9	0	0	1031.90	
1945	3	7	12	0	0	1032.10	
1945	3	7	15	0	0	1031.20	
1945	3	7	18	0	0	1032.20	
1945	3	7	21	0	0	1031.80	
1945	3	8	0	0	0	1032.00	
1945	3	8	3	0	0	1032.60	
1945	3	8	6	0	0	1035.40	
1945	3	8	9	0	0	1037.40	
1945	3	8	12	0	0	1038.40	
1945	3	8	15	0	0	1038.80	
1945	3	8	18	0	0	1040.40	
1945	3	8	21	0	0	1041.10	
1945	3	9	0	0	0	1041.70	
1945	3	9	3	0	0	1041.60	
1945	3	9	6	0	0	1041.40	
1945	3	9	9	0	0	1042.10	
1945	3	9	12	0	0	1042.10	
1945	3	9	15	0	0	1040.80	
1945	3	9	18	0	0	1040.60	
1945	3	9	21	0	0	1040.60	
1945	3	10	0	0	0	1040.20	
1945	3	10	3	0	0	1039.50	
1945	3	10	6	0	0	1038.70	
1945	3	10	9	0	0	1038.30	
1945	3	10	12	0	0	1037.70	
1945	3	10	15	0	0	1038.00	
1945	3	10	18	0	0	1037.80	
1945	3	10	21	0	0	1037.40	
1945	3	11	0	0	0	1037.20	
1945	3	11	3	0	0	1037.30	
1945	3	11	6	0	0	1037.50	
1945	3	11	9	0	0	1038.50	
1945	3	11	12	0	0	1038.30	
1945	3	11	15	0	0	1036.80	
1945	3	11	18	0	0	1036.20	
1945	3	11	21	0	0	1036.20	
1945	3	12	0	0	0	1035.60	
1945	3	12	3	0	0	1034.60	
1945	3	12	6	0	0	1034.00	
1945	3	12	9	0	0	1033.40	
1945	3	12	12	0	0	1032.20	
1945	3	12	15	0	0	1030.50	
1945	3	12	18	0	0	1030.30	
1945	3	12	21	0	0	1030.20	
1945	3	13	0	0	0	1030.40	
1945	3	13	3	0	0	1030.00	
1945	3	13	6	0	0	1030.20	
1945	3	13	9	0	0	1030.70	
1945	3	13	12	0	0	1030.90	
1945	3	13	15	0	0	1029.40	
1945	3	13	18	0	0	1029.40	
1945	3	13	21	0	0	1029.80	
1945	3	14	0	0	0	1028.80	
1945	3	14	3	0	0	1028.10	
1945	3	14	6	0	0	1027.50	
1945	3	14	9	0	0	1027.80	
1945	3	14	12	0	0	1026.40	
1945	3	14	15	0	0	1025.10	
1945	3	14	18	0	0	1024.30	
1945	3	14	21	0	0	1024.30	
1945	3	15	0	0	0	1024.10	
1945	3	15	3	0	0	1022.60	
1945	3	15	6	0	0	1021.60	
1945	3	15	9	0	0	1021.60	
1945	3	15	12	0	0	1021.40	
1945	3	15	15	0	0	1020.30	
1945	3	15	18	0	0	1019.70	
1945	3	15	21	0	0	1019.90	
1945	3	16	0	0	0	1019.10	
1945	3	16	3	0	0	1018.20	
1945	3	16	6	0	0	1018.00	
1945	3	16	9	0	0	1018.70	
1945	3	16	12	0	0	1019.10	
1945	3	16	15	0	0	1019.30	
1945	3	16	18	0	0	1020.30	
1945	3	16	21	0	0	1021.40	
1945	3	17	0	0	0	1022.40	
1945	3	17	3	0	0	1023.00	
1945	3	17	6	0	0	1024.00	
1945	3	17	9	0	0	1025.00	
1945	3	17	12	0	0	1025.60	
1945	3	17	15	0	0	1025.80	
1945	3	17	18	0	0	1026.00	
1945	3	17	21	0	0	1026.70	
1945	3	18	0	0	0	1026.50	
1945	3	18	3	0	0	1025.60	
1945	3	18	6	0	0	1025.00	
1945	3	18	9	0	0	1024.40	
1945	3	18	12	0	0	1023.00	
1945	3	18	15	0	0	1021.80	
1945	3	18	18	0	0	1019.80	
1945	3	18	21	0	0	1018.80	
1945	3	19	0	0	0	1017.80	
1945	3	19	3	0	0	1017.20	
1945	3	19	6	0	0	1016.20	
1945	3	19	9	0	0	1015.60	
1945	3	19	12	0	0	1013.60	
1945	3	19	15	0	0	1009.80	
1945	3	19	18	0	0	1006.00	
1945	3	19	21	0	0	1006.10	
1945	3	20	0	0	0	1008.10	
1945	3	20	3	0	0	1012.30	
1945	3	20	6	0	0	1015.30	
1945	3	20	9	0	0	1018.10	
1945	3	20	12	0	0	1019.10	
1945	3	20	15	0	0	1020.50	
1945	3	20	18	0	0	1021.90	
1945	3	20	21	0	0	1023.00	
1945	3	21	0	0	0	1023.40	
1945	3	21	3	0	0	1022.60	
1945	3	21	6	0	0	1023.20	
1945	3	21	9	0	0	1024.00	
1945	3	21	12	0	0	1023.40	
1945	3	21	15	0	0	1023.00	
1945	3	21	18	0	0	1023.60	
1945	3	21	21	0	0	1024.20	
1945	3	22	0	0	0	1023.80	
1945	3	22	3	0	0	1023.30	
1945	3	22	6	0	0	1023.70	
1945	3	22	9	0	0	1024.30	
1945	3	22	12	0	0	1023.70	
1945	3	22	15	0	0	1023.00	
1945	3	22	18	0	0	1022.80	
1945	3	22	21	0	0	1023.30	
1945	3	23	0	0	0	1023.30	
1945	3	23	3	0	0	1022.90	
1945	3	23	6	0	0	1022.90	
1945	3	23	9	0	0	1023.00	
1945	3	23	12	0	0	1020.60	
1945	3	23	15	0	0	1018.30	
1945	3	23	18	0	0	1016.70	
1945	3	23	21	0	0	1017.20	
1945	3	24	0	0	0	1016.60	
1945	3	24	3	0	0	1016.30	
1945	3	24	6	0	0	1014.50	
1945	3	24	9	0	0	1013.40	
1945	3	24	12	0	0	1011.40	
1945	3	24	15	0	0	1008.60	
1945	3	24	18	0	0	1008.40	
1945	3	24	21	0	0	1009.40	
1945	3	25	0	0	0	1009.40	
1945	3	25	3	0	0	1008.10	
1945	3	25	6	0	0	1006.70	
1945	3	25	9	0	0	1006.20	
1945	3	25	12	0	0	1007.00	
1945	3	25	15	0	0	1007.10	
1945	3	25	18	0	0	1009.30	
1945	3	25	21	0	0	1011.60	
1945	3	26	0	0	0	1013.80	
1945	3	26	3	0	0	1014.70	
1945	3	26	6	0	0	1015.70	
1945	3	26	9	0	0	1016.90	
1945	3	26	12	0	0	1016.90	
1945	3	26	15	0	0	1016.70	
1945	3	26	18	0	0	1017.70	
1945	3	26	21	0	0	1019.50	
1945	3	27	0	0	0	1020.10	
1945	3	27	3	0	0	1020.20	
1945	3	27	6	0	0	1020.40	
1945	3	27	9	0	0	1017.60	
1945	3	27	12	0	0	1015.80	
1945	3	27	15	0	0	1017.20	
1945	3	27	18	0	0	1016.20	
1945	3	27	21	0	0	1016.50	
1945	3	28	0	0	0	1015.90	
1945	3	28	3	0	0	1014.90	
1945	3	28	6	0	0	1014.30	
1945	3	28	9	0	0	1014.10	
1945	3	28	12	0	0	1012.30	
1945	3	28	15	0	0	1010.60	
1945	3	28	18	0	0	1010.60	
1945	3	28	21	0	0	1011.00	
1945	3	29	0	0	0	1010.40	
1945	3	29	3	0	0	1009.50	
1945	3	29	6	0	0	1008.10	
1945	3	29	9	0	0	1007.60	
1945	3	29	12	0	0	1007.00	
1945	3	29	15	0	0	1004.20	
1945	3	29	18	0	0	1002.00	
1945	3	29	21	0	0	1003.60	
1945	3	30	0	0	0	1005.00	
1945	3	30	3	0	0	1005.10	
1945	3	30	6	0	0	1006.30	
1945	3	30	9	0	0	1005.80	
1945	3	30	12	0	0	1007.60	
1945	3	30	15	0	0	1008.70	
1945	3	30	18	0	0	1010.50	
1945	3	30	21	0	0	1010.60	
1945	3	31	0	0	0	1010.00	
1945	3	31	3	0	0	1009.30	
1945	3	31	6	0	0	1008.70	
1945	3	31	9	0	0	1008.30	
1945	3	31	12	0	0	1007.70	
1945	3	31	15	0	0	1004.90	
1945	3	31	18	0	0	1001.10	
1945	3	31	21	0	0	999.10	
1945	4	1	0	0	0	997.70	
1945	4	1	3	0	0	997.50	
1945	4	1	6	0	0	996.10	
1945	4	1	9	0	0	994.80	
1945	4	1	12	0	0	995.20	
1945	4	1	15	0	0	993.40	
1945	4	1	18	0	0	994.00	
1945	4	1	21	0	0	993.60	
1945	4	2	0	0	0	991.80	
1945	4	2	3	0	0	992.10	
1945	4	2	6	0	0	994.70	
1945	4	2	9	0	0	998.90	
1945	4	2	12	0	0	1001.90	
1945	4	2	15	0	0	1003.30	
1945	4	2	18	0	0	1003.30	
1945	4	2	21	0	0	1003.60	
1945	4	3	0	0	0	1003.40	
1945	4	3	3	0	0	1003.10	
1945	4	3	6	0	0	1002.50	
1945	4	3	9	0	0	1004.80	
1945	4	3	12	0	0	1003.80	
1945	4	3	15	0	0	1005.50	
1945	4	3	18	0	0	1007.70	
1945	4	3	21	0	0	1009.40	
1945	4	4	0	0	0	1010.00	
1945	4	4	3	0	0	1010.30	
1945	4	4	6	0	0	1011.50	
1945	4	4	9	0	0	1012.60	
1945	4	4	12	0	0	1012.80	
1945	4	4	15	0	0	1014.10	
1945	4	4	18	0	0	1012.70	
1945	4	5	3	0	0	1009.60	
1945	4	5	6	0	0	1007.80	
1945	4	5	9	0	0	1009.60	
1945	4	5	12	0	0	1012.20	
1945	4	5	15	0	0	1014.30	
1945	4	5	18	0	0	1017.30	
1945	4	5	21	0	0	1020.90	
1945	4	6	0	0	0	1022.70	
1945	4	6	3	0	0	1024.00	
1945	4	6	6	0	0	1025.40	
1945	4	6	9	0	0	1027.60	
1945	4	6	12	0	0	1029.00	
1945	4	6	15	0	0	1029.90	
1945	4	6	18	0	0	1031.30	
1945	4	6	21	0	0	1033.40	
1945	4	7	0	0	0	1035.00	
1945	4	7	3	0	0	1035.60	
1945	4	7	6	0	0	1036.60	
1945	4	7	9	0	0	1038.10	
1945	4	7	12	0	0	1038.30	
1945	4	7	15	0	0	1037.70	
1945	4	7	18	0	0	1036.90	
1945	4	7	21	0	0	1037.20	
1945	4	8	0	0	0	1037.20	
1945	4	8	3	0	0	1036.70	
1945	4	8	6	0	0	1036.70	
1945	4	8	9	0	0	1036.60	
1945	4	8	12	0	0	1035.40	
1945	4	8	15	0	0	1033.80	
1945	4	8	18	0	0	1032.80	
1945	4	8	21	0	0	1034.40	
1945	4	9	0	0	0	1034.80	
1945	4	9	3	0	0	1034.50	
1945	4	9	6	0	0	1035.10	
1945	4	9	9	0	0	1035.40	
1945	4	9	12	0	0	1034.40	
1945	4	9	15	0	0	1032.30	
1945	4	9	18	0	0	1031.50	
1945	4	9	21	0	0	1031.40	
1945	4	10	0	0	0	1031.20	
1945	4	10	3	0	0	1029.50	
1945	4	10	6	0	0	1028.90	
1945	4	10	9	0	0	1027.40	
1945	4	10	12	0	0	1025.00	
1945	4	10	15	0	0	1022.20	
1945	4	10	18	0	0	1020.00	
1945	4	10	21	0	0	1019.60	
1945	4	11	0	0	0	1018.00	
1945	4	11	3	0	0	1015.30	
1945	4	11	6	0	0	1013.10	
1945	4	11	9	0	0	1012.50	
1945	4	11	12	0	0	1011.10	
1945	4	11	15	0	0	1009.50	
1945	4	11	18	0	0	1008.50	
1945	4	11	21	0	0	1008.30	
1945	4	12	0	0	0	1008.30	
1945	4	12	3	0	0	1007.30	
1945	4	12	6	0	0	1007.10	
1945	4	12	9	0	0	1007.50	
1945	4	12	12	0	0	1007.70	
1945	4	12	15	0	0	1008.30	
1945	4	12	18	0	0	1009.90	
1945	4	12	21	0	0	1011.80	
1945	4	13	0	0	0	1012.80	
1945	4	13	3	0	0	1013.20	
1945	4	13	6	0	0	1014.40	
1945	4	13	9	0	0	1015.10	
1945	4	13	12	0	0	1014.90	
1945	4	13	15	0	0	1014.90	
1945	4	13	18	0	0	1014.70	
1945	4	13	21	0	0	1016.90	
1945	4	14	0	0	0	1018.50	
1945	4	14	3	0	0	1016.90	
1945	4	14	6	0	0	1017.30	
1945	4	14	9	0	0	1017.40	
1945	4	14	12	0	0	1016.80	
1945	4	14	15	0	0	1015.90	
1945	4	14	18	0	0	1015.30	
1945	4	14	21	0	0	1016.90	
1945	4	15	0	0	0	1017.70	
1945	4	15	3	0	0	1018.10	
1945	4	15	6	0	0	1019.10	
1945	4	15	9	0	0	1021.20	
1945	4	15	12	0	0	1021.40	
1945	4	15	15	0	0	1021.10	
1945	4	15	18	0	0	1020.90	
1945	4	15	21	0	0	1021.50	
1945	4	16	0	0	0	1021.30	
1945	4	16	3	0	0	1020.60	
1945	4	16	6	0	0	1020.00	
1945	4	16	9	0	0	1019.00	
1945	4	16	12	0	0	1018.60	
1945	4	16	15	0	0	1018.40	
1945	4	16	18	0	0	1018.60	
1945	4	16	21	0	0	1020.30	
1945	4	17	0	0	0	1021.10	
1945	4	17	3	0	0	1021.20	
1945	4	17	6	0	0	1021.80	
1945	4	17	9	0	0	1022.10	
1945	4	17	12	0	0	1021.70	
1945	4	17	15	0	0	1021.70	
1945	4	17	18	0	0	1022.30	
1945	4	17	21	0	0	1023.60	
1945	4	18	0	0	0	1024.40	
1945	4	18	3	0	0	1025.10	
1945	4	18	6	0	0	1026.30	
1945	4	18	9	0	0	1027.50	
1945	4	18	12	0	0	1028.30	
1945	4	18	15	0	0	1028.80	
1945	4	18	18	0	0	1029.40	
1945	4	18	21	0	0	1031.40	
1945	4	19	0	0	0	1031.60	
1945	4	19	3	0	0	1031.50	
1945	4	19	6	0	0	1031.90	
1945	4	19	9	0	0	1031.70	
1945	4	19	12	0	0	1030.70	
1945	4	19	15	0	0	1028.30	
1945	4	19	18	0	0	1026.10	
1945	4	19	21	0	0	1025.50	
1945	4	20	0	0	0	1024.10	
1945	4	20	3	0	0	1022.40	
1945	4	20	6	0	0	1021.40	
1945	4	20	9	0	0	1019.80	
1945	4	20	12	0	0	1018.20	
1945	4	20	15	0	0	1016.60	
1945	4	20	18	0	0	1014.40	
1945	4	20	21	0	0	1013.60	
1945	4	21	0	0	0	1013.60	
1945	4	21	3	0	0	1013.60	
1945	4	21	6	0	0	1014.60	
1945	4	21	9	0	0	1015.00	
1945	4	21	12	0	0	1014.80	
1945	4	21	15	0	0	1014.50	
1945	4	21	18	0	0	1013.90	
1945	4	21	21	0	0	1015.50	
1945	4	22	0	0	0	1016.50	
1945	4	22	3	0	0	1017.10	
1945	4	22	6	0	0	1018.10	
1945	4	22	9	0	0	1018.70	
1945	4	22	12	0	0	1019.30	
1945	4	22	15	0	0	1019.50	
1945	4	22	18	0	0	1019.90	
1945	4	22	21	0	0	1020.80	
1945	4	23	0	0	0	1021.20	
1945	4	23	3	0	0	1021.60	
1945	4	23	6	0	0	1021.80	
1945	4	23	9	0	0	1022.70	
1945	4	23	12	0	0	1023.10	
1945	4	23	15	0	0	1021.80	
1945	4	23	18	0	0	1021.20	
1945	4	23	21	0	0	1022.20	
1945	4	24	0	0	0	1022.00	
1945	4	24	3	0	0	1021.20	
1945	4	24	6	0	0	1021.00	
1945	4	24	9	0	0	1020.40	
1945	4	24	12	0	0	1018.60	
1945	4	24	15	0	0	1017.10	
1945	4	24	18	0	0	1015.90	
1945	4	24	21	0	0	1016.30	
1945	4	25	0	0	0	1016.10	
1945	4	25	3	0	0	1015.30	
1945	4	25	6	0	0	1014.70	
1945	4	25	9	0	0	1014.20	
1945	4	25	12	0	0	1012.80	
1945	4	25	15	0	0	1011.90	
1945	4	25	18	0	0	1012.10	
1945	4	25	21	0	0	1012.60	
1945	4	26	0	0	0	1012.20	
1945	4	26	3	0	0	1011.10	
1945	4	26	6	0	0	1010.50	
1945	4	26	9	0	0	1010.20	
1945	4	26	12	0	0	1009.60	
1945	4	26	15	0	0	1007.80	
1945	4	26	18	0	0	1007.40	
1945	4	26	21	0	0	1007.10	
1945	4	27	0	0	0	1006.70	
1945	4	27	3	0	0	1006.30	
1945	4	27	6	0	0	1006.50	
1945	4	27	9	0	0	1007.00	
1945	4	27	12	0	0	1007.60	
1945	4	27	15	0	0	1006.70	
1945	4	27	18	0	0	1006.90	
1945	4	27	21	0	0	1007.70	
1945	4	28	0	0	0	1007.70	
1945	4	28	3	0	0	1006.90	
1945	4	28	6	0	0	1006.30	
1945	4	28	9	0	0	1005.10	
1945	4	28	12	0	0	1003.70	
1945	4	28	15	0	0	1002.90	
1945	4	28	18	0	0	1002.30	
1945	4	28	21	0	0	1003.50	
1945	4	29	0	0	0	1003.70	
1945	4	29	3	0	0	1003.90	
1945	4	29	6	0	0	1005.90	
1945	4	29	9	0	0	1008.20	
1945	4	29	12	0	0	1010.60	
1945	4	29	15	0	0	1011.20	
1945	4	29	18	0	0	1012.40	
1945	4	29	21	0	0	1014.30	
1945	4	30	0	0	0	1015.10	
1945	4	30	3	0	0	1015.70	
1945	4	30	6	0	0	1016.70	
1945	4	30	9	0	0	1017.10	
1945	4	30	12	0	0	1017.50	
1945	4	30	15	0	0	1016.50	
1945	4	30	18	0	0	1018.30	
1945	4	30	21	0	0	1018.70	
1945	5	1	0	0	0	1018.50	
1945	5	1	3	0	0	1018.90	
1945	5	1	6	0	0	1019.50	
1945	5	1	9	0	0	1019.80	
1945	5	1	12	0	0	1019.20	
1945	5	1	15	0	0	1019.30	
1945	5	1	18	0	0	1019.10	
1945	5	1	21	0	0	1018.70	
1945	5	2	0	0	0	1017.50	
1945	5	2	3	0	0	1016.20	
1945	5	2	6	0	0	1015.80	
1945	5	2	9	0	0	1014.10	
1945	5	2	12	0	0	1012.30	
1945	5	2	15	0	0	1011.30	
1945	5	2	18	0	0	1011.30	
1945	5	2	21	0	0	1011.30	
1945	5	3	0	0	0	1010.30	
1945	5	3	3	0	0	1009.50	
1945	5	3	6	0	0	1009.10	
1945	5	3	9	0	0	1008.30	
1945	5	3	12	0	0	1007.30	
1945	5	3	15	0	0	1006.20	
1945	5	3	18	0	0	1005.80	
1945	5	3	21	0	0	1006.90	
1945	5	4	0	0	0	1005.70	
1945	5	4	3	0	0	1005.40	
1945	5	4	6	0	0	1005.60	
1945	5	4	9	0	0	1005.30	
1945	5	4	12	0	0	1004.70	
1945	5	4	15	0	0	1003.80	
1945	5	4	18	0	0	1004.00	
1945	5	4	21	0	0	1005.00	
1945	5	5	0	0	0	1005.00	
1945	5	5	3	0	0	1004.50	
1945	5	5	6	0	0	1004.30	
1945	5	5	9	0	0	1004.30	
1945	5	5	12	0	0	1002.50	
1945	5	5	15	0	0	1001.90	
1945	5	5	18	0	0	1001.30	
1945	5	5	21	0	0	1000.40	
1945	5	6	0	0	0	999.20	
1945	5	6	3	0	0	998.00	
1945	5	6	6	0	0	1000.00	
1945	5	6	9	0	0	1002.30	
1945	5	6	12	0	0	1004.50	
1945	5	6	15	0	0	1008.30	
1945	5	6	18	0	0	1009.30	
1945	5	6	21	0	0	1012.30	
1945	5	7	0	0	0	1013.30	
1945	5	7	3	0	0	1014.40	
1945	5	7	6	0	0	1015.00	
1945	5	7	9	0	0	1015.90	
1945	5	7	12	0	0	1015.70	
1945	5	7	15	0	0	1015.20	
1945	5	7	18	0	0	1015.00	
1945	5	7	21	0	0	1011.90	
1945	5	8	0	0	0	1012.50	
1945	5	8	3	0	0	1016.10	
1945	5	8	6	0	0	1015.50	
1945	5	8	9	0	0	1015.30	
1945	5	8	12	0	0	1015.90	
1945	5	8	15	0	0	1013.30	
1945	5	8	18	0	0	1012.70	
1945	5	8	21	0	0	1012.20	
1945	5	9	0	0	0	1010.40	
1945	5	9	3	0	0	1007.00	
1945	5	9	6	0	0	1009.20	
1945	5	9	9	0	0	1008.90	
1945	5	9	12	0	0	1009.50	
1945	5	9	15	0	0	1010.40	
1945	5	9	18	0	0	1011.80	
1945	5	9	21	0	0	1013.10	
1945	5	10	0	0	0	1014.70	
1945	5	10	3	0	0	1015.30	
1945	5	10	6	0	0	1015.90	
1945	5	10	9	0	0	1016.10	
1945	5	10	12	0	0	1015.70	
1945	5	10	15	0	0	1015.60	
1945	5	10	18	0	0	1015.40	
1945	5	10	21	0	0	1016.40	
1945	5	11	0	0	0	1017.40	
1945	5	11	3	0	0	1017.30	
1945	5	11	6	0	0	1018.30	
1945	5	11	9	0	0	1018.30	
1945	5	11	12	0	0	1017.30	
1945	5	11	15	0	0	1019.00	
1945	5	11	18	0	0	1017.20	
1945	5	11	21	0	0	1017.90	
1945	5	12	0	0	0	1018.10	
1945	5	12	3	0	0	1016.80	
1945	5	12	6	0	0	1017.00	
1945	5	12	9	0	0	1016.90	
1945	5	12	12	0	0	1016.50	
1945	5	12	15	0	0	1015.80	
1945	5	12	18	0	0	1014.60	
1945	5	12	21	0	0	1014.30	
1945	5	13	0	0	0	1013.10	
1945	5	13	3	0	0	1010.50	
1945	5	13	6	0	0	1008.10	
1945	5	13	9	0	0	1006.00	
1945	5	13	12	0	0	1004.20	
1945	5	13	15	0	0	1003.30	
1945	5	13	18	0	0	1003.90	
1945	5	13	21	0	0	1005.90	
1945	5	14	0	0	0	1007.10	
1945	5	14	3	0	0	1006.20	
1945	5	14	6	0	0	1006.40	
1945	5	14	9	0	0	1006.40	
1945	5	14	12	0	0	1007.00	
1945	5	14	15	0	0	1006.00	
1945	5	14	18	0	0	1008.60	
1945	5	14	21	0	0	1010.00	
1945	5	15	0	0	0	1011.40	
1945	5	15	3	0	0	1013.00	
1945	5	15	6	0	0	1014.40	
1945	5	15	9	0	0	1015.30	
1945	5	15	12	0	0	1015.30	
1945	5	15	15	0	0	1014.70	
1945	5	15	18	0	0	1014.30	
1945	5	15	21	0	0	1014.80	
1945	5	16	0	0	0	1014.60	
1945	5	16	3	0	0	1013.90	
1945	5	16	6	0	0	1012.90	
1945	5	16	9	0	0	1012.50	
1945	5	16	12	0	0	1011.50	
1945	5	16	15	0	0	1011.20	
1945	5	16	18	0	0	1011.40	
1945	5	16	21	0	0	1011.60	
1945	5	17	0	0	0	1011.00	
1945	5	17	3	0	0	1009.70	
1945	5	17	6	0	0	1009.90	
1945	5	17	9	0	0	1011.30	
1945	5	17	12	0	0	1012.10	
1945	5	17	15	0	0	1012.80	
1945	5	17	18	0	0	1013.80	
1945	5	17	21	0	0	1015.50	
1945	5	18	0	0	0	1016.90	
1945	5	18	3	0	0	1017.40	
1945	5	18	6	0	0	1018.40	
1945	5	18	9	0	0	1018.10	
1945	5	18	12	0	0	1017.50	
1945	5	18	15	0	0	1015.90	
1945	5	18	18	0	0	1015.70	
1945	5	18	21	0	0	1016.00	
1945	5	19	0	0	0	1016.20	
1945	5	19	3	0	0	1015.30	
1945	5	19	6	0	0	1015.10	
1945	5	19	9	0	0	1015.00	
1945	5	19	12	0	0	1014.00	
1945	5	19	15	0	0	1012.20	
1945	5	19	18	0	0	1012.00	
1945	5	19	21	0	0	1012.20	
1945	5	20	0	0	0	1011.40	
1945	5	20	3	0	0	1009.70	
1945	5	20	6	0	0	1008.70	
1945	5	20	9	0	0	1007.50	
1945	5	20	12	0	0	1004.90	
1945	5	20	15	0	0	1002.80	
1945	5	20	18	0	0	1002.40	
1945	5	20	21	0	0	1002.80	
1945	5	21	0	0	0	1003.80	
1945	5	21	3	0	0	1004.00	
1945	5	21	6	0	0	1004.60	
1945	5	21	9	0	0	1005.10	
1945	5	21	12	0	0	1004.10	
1945	5	21	15	0	0	1003.00	
1945	5	21	18	0	0	1003.40	
1945	5	21	21	0	0	1003.20	
1945	5	22	0	0	0	1003.40	
1945	5	22	3	0	0	1002.30	
1945	5	22	6	0	0	1001.70	
1945	5	22	9	0	0	1001.10	
1945	5	22	12	0	0	1000.70	
1945	5	22	15	0	0	1000.40	
1945	5	22	18	0	0	1000.20	
1945	5	22	21	0	0	1000.90	
1945	5	23	0	0	0	1004.50	
1945	5	23	3	0	0	1006.70	
1945	5	23	6	0	0	1009.10	
1945	5	23	9	0	0	1011.00	
1945	5	23	12	0	0	1013.40	
1945	5	23	15	0	0	1013.30	
1945	5	23	18	0	0	1013.70	
1945	5	23	21	0	0	1016.80	
1945	5	24	0	0	0	1017.20	
1945	5	24	3	0	0	1017.30	
1945	5	24	6	0	0	1017.50	
1945	5	24	9	0	0	1017.90	
1945	5	24	12	0	0	1018.10	
1945	5	24	15	0	0	1016.00	
1945	5	24	18	0	0	1014.60	
1945	5	24	21	0	0	1014.00	
1945	5	25	0	0	0	1013.00	
1945	5	25	3	0	0	1011.50	
1945	5	25	6	0	0	1010.90	
1945	5	25	9	0	0	1010.60	
1945	5	25	12	0	0	1009.60	
1945	5	25	15	0	0	1008.20	
1945	5	25	18	0	0	1007.00	
1945	5	25	21	0	0	1006.20	
1945	5	26	0	0	0	1005.60	
1945	5	26	3	0	0	1004.60	
1945	5	26	6	0	0	1003.20	
1945	5	26	9	0	0	1002.60	
1945	5	26	12	0	0	1001.60	
1945	5	26	15	0	0	1001.30	
1945	5	26	18	0	0	1001.30	
1945	5	26	21	0	0	1001.20	
1945	5	27	0	0	0	1001.00	
1945	5	27	3	0	0	1000.30	
1945	5	27	6	0	0	1000.50	
1945	5	27	9	0	0	1001.00	
1945	5	27	12	0	0	1001.80	
1945	5	27	15	0	0	1001.60	
1945	5	27	18	0	0	1002.40	
1945	5	27	21	0	0	1003.30	
1945	5	28	0	0	0	1003.90	
1945	5	28	3	0	0	1004.00	
1945	5	28	6	0	0	1004.20	
1945	5	28	9	0	0	1003.50	
1945	5	28	12	0	0	1003.30	
1945	5	28	15	0	0	1003.20	
1945	5	28	18	0	0	1002.80	
1945	5	28	21	0	0	1003.10	
1945	5	29	0	0	0	1002.90	
1945	5	29	3	0	0	1001.30	
1945	5	29	6	0	0	1001.10	
1945	5	29	9	0	0	1000.50	
1945	5	29	12	0	0	1000.50	
1945	5	29	15	0	0	1001.70	
1945	5	29	18	0	0	1002.90	
1945	5	29	21	0	0	1004.10	
1945	5	30	0	0	0	1004.70	
1945	5	30	3	0	0	1004.70	
1945	5	30	6	0	0	1005.70	
1945	5	30	9	0	0	1006.40	
1945	5	30	12	0	0	1007.20	
1945	5	30	15	0	0	1007.10	
1945	5	30	18	0	0	1006.50	
1945	5	30	21	0	0	1007.40	
1945	5	31	0	0	0	1007.60	
1945	5	31	3	0	0	1008.20	
1945	5	31	6	0	0	1008.80	
1945	5	31	9	0	0	1009.20	
1945	5	31	12	0	0	1008.60	
1945	5	31	15	0	0	1006.40	
1945	5	31	18	0	0	1005.00	
1945	5	31	21	0	0	1005.50	
1945	6	1	0	0	0	1005.50	
1945	6	1	3	0	0	1004.50	
1945	6	1	6	0	0	1005.50	
1945	6	1	9	0	0	1006.40	
1945	6	1	12	0	0	1007.20	
1945	6	1	15	0	0	1007.30	
1945	6	1	18	0	0	1006.70	
1945	6	1	21	0	0	1006.80	
1945	6	2	0	0	0	1007.00	
1945	6	2	3	0	0	1007.40	
1945	6	2	6	0	0	1007.60	
1945	6	2	9	0	0	1008.10	
1945	6	2	12	0	0	1009.10	
1945	6	2	15	0	0	1009.50	
1945	6	2	18	0	0	1010.10	
1945	6	2	21	0	0	1012.10	
1945	6	3	0	0	0	1012.30	
1945	6	3	3	0	0	1011.70	
1945	6	3	6	0	0	1010.90	
1945	6	3	9	0	0	1007.40	
1945	6	3	12	0	0	1006.80	
1945	6	3	15	0	0	1006.20	
1945	6	3	18	0	0	1004.80	
1945	6	3	21	0	0	1003.70	
1945	6	4	0	0	0	1003.50	
1945	6	4	3	0	0	1002.70	
1945	6	4	6	0	0	1004.70	
1945	6	4	9	0	0	1005.70	
1945	6	4	12	0	0	1006.50	
1945	6	4	15	0	0	1008.10	
1945	6	4	18	0	0	1009.70	
1945	6	4	21	0	0	1011.50	
1945	6	5	0	0	0	1011.70	
1945	6	5	3	0	0	1011.70	
1945	6	5	6	0	0	1012.30	
1945	6	5	9	0	0	1012.50	
1945	6	5	12	0	0	1011.50	
1945	6	5	15	0	0	1011.10	
1945	6	5	18	0	0	1010.50	
1945	6	5	21	0	0	1009.90	
1945	6	6	0	0	0	1007.50	
1945	6	6	3	0	0	1005.20	
1945	6	6	6	0	0	1003.60	
1945	6	6	9	0	0	1004.40	
1945	6	6	12	0	0	1005.00	
1945	6	6	15	0	0	1006.80	
1945	6	6	18	0	0	1007.20	
1945	6	6	21	0	0	1007.30	
1945	6	7	0	0	0	1006.70	
1945	6	7	3	0	0	1004.50	
1945	6	7	6	0	0	1001.90	
1945	6	7	9	0	0	1001.20	
1945	6	7	12	0	0	1001.40	
1945	6	7	15	0	0	1000.60	
1945	6	7	18	0	0	1000.80	
1945	6	7	21	0	0	1002.80	
1945	6	8	0	0	0	1004.60	
1945	6	8	3	0	0	1005.10	
1945	6	8	6	0	0	1006.50	
1945	6	8	9	0	0	1007.40	
1945	6	8	12	0	0	1008.40	
1945	6	8	15	0	0	1010.80	
1945	6	8	18	0	0	1013.60	
1945	6	8	21	0	0	1015.90	
1945	6	9	0	0	0	1017.30	
1945	6	9	3	0	0	1018.00	
1945	6	9	6	0	0	1019.00	
1945	6	9	9	0	0	1019.50	
1945	6	9	12	0	0	1019.30	
1945	6	9	15	0	0	1018.70	
1945	6	9	18	0	0	1019.30	
1945	6	9	21	0	0	1019.50	
1945	6	10	0	0	0	1019.10	
1945	6	10	3	0	0	1018.10	
1945	6	10	6	0	0	1017.70	
1945	6	10	9	0	0	1017.30	
1945	6	10	12	0	0	1016.30	
1945	6	10	15	0	0	1017.00	
1945	6	10	18	0	0	1017.20	
1945	6	10	21	0	0	1018.60	
1945	6	11	0	0	0	1019.60	
1945	6	11	3	0	0	1019.10	
1945	6	11	6	0	0	1018.50	
1945	6	11	9	0	0	1016.40	
1945	6	11	12	0	0	1016.80	
1945	6	11	15	0	0	1014.60	
1945	6	11	18	0	0	1013.20	
1945	6	11	21	0	0	1012.50	
1945	6	12	0	0	0	1011.90	
1945	6	12	3	0	0	1010.20	
1945	6	12	6	0	0	1009.60	
1945	6	12	9	0	0	1010.50	
1945	6	12	12	0	0	1010.90	
1945	6	12	15	0	0	1014.10	
1945	6	12	18	0	0	1017.50	
1945	6	12	21	0	0	1021.40	
1945	6	13	0	0	0	1023.60	
1945	6	13	3	0	0	1024.40	
1945	6	13	6	0	0	1025.00	
1945	6	13	9	0	0	1023.50	
1945	6	13	12	0	0	1024.10	
1945	6	13	15	0	0	1023.70	
1945	6	13	18	0	0	1021.10	
1945	6	13	21	0	0	1021.50	
1945	6	14	0	0	0	1020.70	
1945	6	14	3	0	0	1018.50	
1945	6	14	6	0	0	1018.30	
1945	6	14	9	0	0	1019.20	
1945	6	14	12	0	0	1019.60	
1945	6	14	15	0	0	1019.50	
1945	6	14	18	0	0	1019.70	
1945	6	14	21	0	0	1020.00	
1945	6	15	0	0	0	1018.60	
1945	6	15	3	0	0	1015.20	
1945	6	15	6	0	0	1014.00	
1945	6	15	9	0	0	1012.40	
1945	6	15	12	0	0	1011.40	
1945	6	15	15	0	0	1011.00	
1945	6	15	18	0	0	1011.00	
1945	6	15	21	0	0	1012.60	
1945	6	16	0	0	0	1015.00	
1945	6	16	3	0	0	1014.90	
1945	6	16	6	0	0	1016.50	
1945	6	16	9	0	0	1019.20	
1945	6	16	12	0	0	1021.80	
1945	6	16	15	0	0	1022.50	
1945	6	16	18	0	0	1023.50	
1945	6	16	21	0	0	1024.70	
1945	6	17	0	0	0	1025.30	
1945	6	17	3	0	0	1025.00	
1945	6	17	6	0	0	1025.20	
1945	6	17	9	0	0	1024.40	
1945	6	17	12	0	0	1023.80	
1945	6	17	15	0	0	1022.30	
1945	6	17	18	0	0	1021.80	
1945	6	17	21	0	0	1022.20	
1945	6	18	0	0	0	1022.00	
1945	6	18	3	0	0	1021.50	
1945	6	18	6	0	0	1021.30	
1945	6	18	9	0	0	1021.50	
1945	6	18	12	0	0	1022.10	
1945	6	18	15	0	0	1023.10	
1945	6	18	18	0	0	1022.70	
1945	6	18	21	0	0	1023.70	
1945	6	19	0	0	0	1024.30	
1945	6	19	3	0	0	1023.70	
1945	6	19	6	0	0	1023.50	
1945	6	19	9	0	0	1022.70	
1945	6	19	12	0	0	1020.50	
1945	6	19	15	0	0	1018.40	
1945	6	19	18	0	0	1017.20	
1945	6	19	21	0	0	1017.70	
1945	6	20	0	0	0	1016.70	
1945	6	20	3	0	0	1014.60	
1945	6	20	6	0	0	1013.00	
1945	6	20	9	0	0	1005.90	
1945	6	20	12	0	0	1008.10	
1945	6	20	15	0	0	1006.60	
1945	6	20	18	0	0	1005.80	
1945	6	20	21	0	0	1008.40	
1945	6	21	0	0	0	1010.00	
1945	6	21	3	0	0	1010.50	
1945	6	21	6	0	0	1011.70	
1945	6	21	9	0	0	1011.70	
1945	6	21	12	0	0	1011.50	
1945	6	21	15	0	0	1013.80	
1945	6	21	18	0	0	1013.20	
1945	6	21	21	0	0	1014.00	
1945	6	22	0	0	0	1014.80	
1945	6	22	3	0	0	1016.20	
1945	6	22	6	0	0	1016.80	
1945	6	22	9	0	0	1017.60	
1945	6	22	12	0	0	1017.80	
1945	6	22	15	0	0	1017.60	
1945	6	22	18	0	0	1017.80	
1945	6	22	21	0	0	1018.40	
1945	6	23	0	0	0	1018.20	
1945	6	23	3	0	0	1017.80	
1945	6	23	6	0	0	1017.20	
1945	6	23	9	0	0	1017.40	
1945	6	23	12	0	0	1017.20	
1945	6	23	15	0	0	1018.00	
1945	6	23	18	0	0	1019.00	
1945	6	23	21	0	0	1019.90	
1945	6	24	0	0	0	1021.10	
1945	6	24	3	0	0	1021.20	
1945	6	24	6	0	0	1021.60	
1945	6	24	9	0	0	1022.20	
1945	6	24	12	0	0	1022.60	
1945	6	24	15	0	0	1023.90	
1945	6	24	18	0	0	1024.10	
1945	6	24	21	0	0	1027.10	
1945	6	25	0	0	0	1027.30	
1945	6	25	3	0	0	1027.70	
1945	6	25	6	0	0	1028.30	
1945	6	25	9	0	0	1027.60	
1945	6	25	12	0	0	1027.00	
1945	6	25	15	0	0	1025.80	
1945	6	25	18	0	0	1024.80	
1945	6	25	21	0	0	1024.10	
1945	6	26	0	0	0	1023.10	
1945	6	26	3	0	0	1021.00	
1945	6	26	6	0	0	1020.20	
1945	6	26	9	0	0	1019.80	
1945	6	26	12	0	0	1018.80	
1945	6	26	15	0	0	1019.20	
1945	6	26	18	0	0	1018.40	
1945	6	26	21	0	0	1017.80	
1945	6	27	0	0	0	1016.60	
1945	6	27	3	0	0	1015.40	
1945	6	27	6	0	0	1013.60	
1945	6	27	9	0	0	1013.40	
1945	6	27	12	0	0	1013.40	
1945	6	27	15	0	0	1014.30	
1945	6	27	18	0	0	1013.10	
1945	6	27	21	0	0	1012.60	
1945	6	28	0	0	0	1011.20	
1945	6	28	3	0	0	1010.50	
1945	6	28	6	0	0	1009.50	
1945	6	28	9	0	0	1009.40	
1945	6	28	12	0	0	1008.60	
1945	6	28	15	0	0	1007.40	
1945	6	28	18	0	0	1007.00	
1945	6	28	21	0	0	1007.50	
1945	6	29	0	0	0	1007.70	
1945	6	29	3	0	0	1007.80	
1945	6	29	6	0	0	1008.20	
1945	6	29	9	0	0	1004.20	
1945	6	29	12	0	0	1004.80	
1945	6	29	15	0	0	1006.60	
1945	6	29	18	0	0	1005.80	
1945	6	29	21	0	0	1005.90	
1945	6	30	0	0	0	1005.70	
1945	6	30	3	0	0	1005.60	
1945	6	30	6	0	0	1006.60	
1945	6	30	9	0	0	1007.30	
1945	6	30	12	0	0	1007.10	
1945	6	30	15	0	0	1005.60	
1945	6	30	18	0	0	1003.40	
1945	6	30	21	0	0	1001.50	
1945	7	1	0	0	0	1000.50	
1945	7	1	3	0	0	1000.10	
1945	7	1	6	0	0	999.90	
1945	7	1	9	0	0	999.40	
1945	7	1	12	0	0	999.40	
1945	7	1	15	0	0	1000.10	
1945	7	1	18	0	0	1001.90	
1945	7	1	21	0	0	1004.00	
1945	7	2	0	0	0	1004.80	
1945	7	2	3	0	0	1005.60	
1945	7	2	6	0	0	1006.80	
1945	7	2	9	0	0	1009.20	
1945	7	2	12	0	0	1012.20	
1945	7	2	15	0	0	1012.50	
1945	7	2	18	0	0	1013.30	
1945	7	2	21	0	0	1014.70	
1945	7	3	0	0	0	1015.30	
1945	7	3	3	0	0	1015.00	
1945	7	3	6	0	0	1015.60	
1945	7	3	9	0	0	1015.60	
1945	7	3	12	0	0	1015.00	
1945	7	3	15	0	0	1014.70	
1945	7	3	18	0	0	1014.50	
1945	7	3	21	0	0	1014.80	
1945	7	4	0	0	0	1014.60	
1945	7	4	3	0	0	1013.70	
1945	7	4	6	0	0	1012.90	
1945	7	4	9	0	0	1012.20	
1945	7	4	12	0	0	1011.40	
1945	7	4	15	0	0	1010.70	
1945	7	4	18	0	0	1010.10	
1945	7	4	21	0	0	1010.40	
1945	7	5	0	0	0	1010.60	
1945	7	5	3	0	0	1010.20	
1945	7	5	6	0	0	1010.20	
1945	7	5	9	0	0	1010.60	
1945	7	5	12	0	0	1009.80	
1945	7	5	15	0	0	1009.00	
1945	7	5	18	0	0	1009.20	
1945	7	5	21	0	0	1009.60	
1945	7	6	0	0	0	1009.60	
1945	7	6	3	0	0	1008.90	
1945	7	6	6	0	0	1008.70	
1945	7	6	9	0	0	1007.90	
1945	7	6	12	0	0	1008.10	
1945	7	6	15	0	0	1008.70	
1945	7	6	18	0	0	1009.30	
1945	7	6	21	0	0	1008.80	
1945	7	7	0	0	0	1008.60	
1945	7	7	3	0	0	1008.60	
1945	7	7	6	0	0	1009.20	
1945	7	7	9	0	0	1009.80	
1945	7	7	12	0	0	1011.60	
1945	7	7	15	0	0	1012.60	
1945	7	7	18	0	0	1014.00	
1945	7	7	21	0	0	1017.10	
1945	7	8	0	0	0	1017.70	
1945	7	8	3	0	0	1018.10	
1945	7	8	6	0	0	1018.70	
1945	7	8	9	0	0	1018.90	
1945	7	8	12	0	0	1018.90	
1945	7	8	15	0	0	1018.50	
1945	7	8	18	0	0	1017.50	
1945	7	8	21	0	0	1017.40	
1945	7	9	0	0	0	1017.20	
1945	7	9	3	0	0	1016.60	
1945	7	9	6	0	0	1016.00	
1945	7	9	9	0	0	1014.40	
1945	7	9	12	0	0	1012.60	
1945	7	9	15	0	0	1010.80	
1945	7	9	18	0	0	1009.40	
1945	7	9	21	0	0	1009.30	
1945	7	10	0	0	0	1009.10	
1945	7	10	3	0	0	1008.90	
1945	7	10	6	0	0	1010.30	
1945	7	10	9	0	0	1010.10	
1945	7	10	12	0	0	1009.50	
1945	7	10	15	0	0	1010.10	
1945	7	10	18	0	0	1010.70	
1945	7	10	21	0	0	1011.00	
1945	7	11	0	0	0	1011.20	
1945	7	11	3	0	0	1010.40	
1945	7	11	6	0	0	1010.40	
1945	7	11	9	0	0	1010.80	
1945	7	11	12	0	0	1011.40	
1945	7	11	15	0	0	1011.40	
1945	7	11	18	0	0	1011.60	
1945	7	11	21	0	0	1013.10	
1945	7	12	0	0	0	1014.30	
1945	7	12	3	0	0	1014.50	
1945	7	12	6	0	0	1015.90	
1945	7	12	9	0	0	1016.50	
1945	7	12	12	0	0	1017.10	
1945	7	12	15	0	0	1016.90	
1945	7	12	18	0	0	1017.10	
1945	7	12	21	0	0	1018.70	
1945	7	13	0	0	0	1019.30	
1945	7	13	3	0	0	1019.70	
1945	7	13	6	0	0	1020.10	
1945	7	13	9	0	0	1020.10	
1945	7	13	12	0	0	1019.10	
1945	7	13	15	0	0	1018.50	
1945	7	13	18	0	0	1017.50	
1945	7	13	21	0	0	1016.80	
1945	7	14	0	0	0	1015.60	
1945	7	14	3	0	0	1014.60	
1945	7	14	6	0	0	1013.60	
1945	7	14	9	0	0	1013.30	
1945	7	14	12	0	0	1012.90	
1945	7	14	15	0	0	1012.50	
1945	7	14	18	0	0	1013.10	
1945	7	14	21	0	0	1013.80	
1945	7	15	0	0	0	1014.60	
1945	7	15	3	0	0	1015.10	
1945	7	15	6	0	0	1014.30	
1945	7	15	9	0	0	1011.90	
1945	7	15	12	0	0	1011.30	
1945	7	15	15	0	0	1007.60	
1945	7	15	18	0	0	1005.20	
1945	7	15	21	0	0	1005.80	
1945	7	16	0	0	0	1005.20	
1945	7	16	3	0	0	1005.40	
1945	7	16	6	0	0	1004.80	
1945	7	16	9	0	0	1005.40	
1945	7	16	12	0	0	1008.80	
1945	7	16	15	0	0	1012.60	
1945	7	16	18	0	0	1016.80	
1945	7	16	21	0	0	1019.90	
1945	7	17	0	0	0	1021.70	
1945	7	17	3	0	0	1023.10	
1945	7	17	6	0	0	1024.70	
1945	7	17	9	0	0	1024.90	
1945	7	17	12	0	0	1023.90	
1945	7	17	15	0	0	1024.10	
1945	7	17	18	0	0	1023.50	
1945	7	17	21	0	0	1023.20	
1945	7	18	0	0	0	1023.20	
1945	7	18	3	0	0	1022.60	
1945	7	18	6	0	0	1021.40	
1945	7	18	9	0	0	1020.40	
1945	7	18	12	0	0	1018.40	
1945	7	18	15	0	0	1016.80	
1945	7	18	18	0	0	1014.40	
1945	7	18	21	0	0	1013.70	
1945	7	19	0	0	0	1011.30	
1945	7	19	3	0	0	1007.60	
1945	7	19	6	0	0	1005.80	
1945	7	19	9	0	0	1005.50	
1945	7	19	12	0	0	1005.70	
1945	7	19	15	0	0	1004.80	
1945	7	19	18	0	0	1006.00	
1945	7	19	21	0	0	1004.40	
1945	7	20	0	0	0	1004.20	
1945	7	20	3	0	0	1003.60	
1945	7	20	6	0	0	1003.80	
1945	7	20	9	0	0	1004.60	
1945	7	20	12	0	0	1006.00	
1945	7	20	15	0	0	1008.30	
1945	7	20	18	0	0	1009.30	
1945	7	20	21	0	0	1010.90	
1945	7	21	0	0	0	1012.70	
1945	7	21	3	0	0	1012.90	
1945	7	21	6	0	0	1014.30	
1945	7	21	9	0	0	1014.50	
1945	7	21	12	0	0	1014.90	
1945	7	21	15	0	0	1012.80	
1945	7	21	18	0	0	1011.00	
1945	7	21	21	0	0	1009.30	
1945	7	22	0	0	0	1009.30	
1945	7	22	3	0	0	1010.00	
1945	7	22	6	0	0	1010.80	
1945	7	22	9	0	0	1012.90	
1945	7	22	12	0	0	1015.50	
1945	7	22	15	0	0	1017.80	
1945	7	22	18	0	0	1018.80	
1945	7	22	21	0	0	1020.00	
1945	7	23	0	0	0	1019.80	
1945	7	23	3	0	0	1019.70	
1945	7	23	6	0	0	1020.30	
1945	7	23	9	0	0	1021.30	
1945	7	23	12	0	0	1021.90	
1945	7	23	15	0	0	1021.60	
1945	7	23	18	0	0	1021.80	
1945	7	23	21	0	0	1022.00	
1945	7	24	0	0	0	1022.20	
1945	7	24	3	0	0	1021.80	
1945	7	24	6	0	0	1021.60	
1945	7	24	9	0	0	1022.40	
1945	7	24	12	0	0	1022.20	
1945	7	24	15	0	0	1021.10	
1945	7	24	18	0	0	1020.50	
1945	7	24	21	0	0	1021.00	
1945	7	25	0	0	0	1021.20	
1945	7	25	3	0	0	1020.70	
1945	7	25	6	0	0	1020.90	
1945	7	25	9	0	0	1020.40	
1945	7	25	12	0	0	1019.60	
1945	7	25	15	0	0	1019.10	
1945	7	25	18	0	0	1018.50	
1945	7	25	21	0	0	1018.80	
1945	7	26	0	0	0	1019.00	
1945	7	26	3	0	0	1018.00	
1945	7	26	6	0	0	1017.00	
1945	7	26	9	0	0	1016.80	
1945	7	26	12	0	0	1015.80	
1945	7	26	15	0	0	1015.10	
1945	7	26	18	0	0	1014.90	
1945	7	26	21	0	0	1015.40	
1945	7	27	0	0	0	1015.00	
1945	7	27	3	0	0	1013.90	
1945	7	27	6	0	0	1014.10	
1945	7	27	9	0	0	1013.30	
1945	7	27	12	0	0	1014.30	
1945	7	27	15	0	0	1015.10	
1945	7	27	18	0	0	1015.70	
1945	7	27	21	0	0	1017.30	
1945	7	28	0	0	0	1017.70	
1945	7	28	3	0	0	1017.30	
1945	7	28	6	0	0	1017.90	
1945	7	28	9	0	0	1018.70	
1945	7	28	12	0	0	1018.90	
1945	7	28	15	0	0	1018.60	
1945	7	28	18	0	0	1019.00	
1945	7	28	21	0	0	1020.40	
1945	7	29	0	0	0	1021.00	
1945	7	29	3	0	0	1021.00	
1945	7	29	6	0	0	1021.20	
1945	7	29	9	0	0	1021.60	
1945	7	29	12	0	0	1021.60	
1945	7	29	15	0	0	1020.90	
1945	7	29	18	0	0	1020.70	
1945	7	29	21	0	0	1021.20	
1945	7	30	0	0	0	1022.00	
1945	7	30	3	0	0	1017.30	
1945	7	30	6	0	0	1017.90	
1945	7	30	9	0	0	1024.50	
1945	7	30	12	0	0	1024.50	
1945	7	30	15	0	0	1022.90	
1945	7	30	18	0	0	1022.10	
1945	7	30	21	0	0	1021.90	
1945	7	31	0	0	0	1021.10	
1945	7	31	3	0	0	1021.10	
1945	7	31	6	0	0	1021.30	
1945	7	31	9	0	0	1020.80	
1945	7	31	12	0	0	1020.60	
1945	7	31	15	0	0	1022.00	
1945	7	31	18	0	0	1022.00	
1945	7	31	21	0	0	1022.70	
1945	8	1	0	0	0	1023.10	
1945	8	1	3	0	0	1022.50	
1945	8	1	6	0	0	1023.10	
1945	8	1	9	0	0	1024.30	
1945	8	1	12	0	0	1024.90	
1945	8	1	15	0	0	1024.70	
1945	8	1	18	0	0	1024.10	
1945	8	1	21	0	0	1024.80	
1945	8	2	0	0	0	1024.80	
1945	8	2	3	0	0	1023.70	
1945	8	2	6	0	0	1024.10	
1945	8	2	9	0	0	1024.20	
1945	8	2	12	0	0	1024.20	
1945	8	2	15	0	0	1023.70	
1945	8	2	18	0	0	1023.50	
1945	8	2	21	0	0	1024.80	
1945	8	3	0	0	0	1025.20	
1945	8	3	3	0	0	1025.30	
1945	8	3	6	0	0	1025.10	
1945	8	3	9	0	0	1024.80	
1945	8	3	12	0	0	1023.60	
1945	8	3	15	0	0	1022.50	
1945	8	3	18	0	0	1021.50	
1945	8	3	21	0	0	1021.90	
1945	8	4	0	0	0	1021.70	
1945	8	4	3	0	0	1020.90	
1945	8	4	6	0	0	1020.10	
1945	8	4	9	0	0	1019.10	
1945	8	4	12	0	0	1018.50	
1945	8	4	15	0	0	1017.80	
1945	8	4	18	0	0	1017.80	
1945	8	4	21	0	0	1017.70	
1945	8	5	0	0	0	1017.10	
1945	8	5	3	0	0	1016.20	
1945	8	5	6	0	0	1015.20	
1945	8	5	9	0	0	1014.40	
1945	8	5	12	0	0	1012.80	
1945	8	5	15	0	0	1010.90	
1945	8	5	18	0	0	1011.30	
1945	8	5	21	0	0	1011.80	
1945	8	6	0	0	0	1010.60	
1945	8	6	3	0	0	1009.50	
1945	8	6	6	0	0	1009.30	
1945	8	6	9	0	0	1009.80	
1945	8	6	12	0	0	1010.20	
1945	8	6	15	0	0	1010.30	
1945	8	6	18	0	0	1010.10	
1945	8	6	21	0	0	1008.90	
1945	8	7	0	0	0	1008.10	
1945	8	7	3	0	0	1007.00	
1945	8	7	6	0	0	1007.20	
1945	8	7	9	0	0	1007.60	
1945	8	7	12	0	0	1007.80	
1945	8	7	15	0	0	1007.70	
1945	8	7	18	0	0	1008.30	
1945	8	7	21	0	0	1008.50	
1945	8	8	0	0	0	1007.70	
1945	8	8	3	0	0	1010.60	
1945	8	8	6	0	0	1011.60	
1945	8	8	9	0	0	1013.00	
1945	8	8	12	0	0	1013.20	
1945	8	8	15	0	0	1013.90	
1945	8	8	18	0	0	1014.50	
1945	8	8	21	0	0	1016.70	
1945	8	9	0	0	0	1016.10	
1945	8	9	3	0	0	1015.30	
1945	8	9	6	0	0	1015.30	
1945	8	9	9	0	0	1015.20	
1945	8	9	12	0	0	1014.20	
1945	8	9	15	0	0	1012.70	
1945	8	9	18	0	0	1012.10	
1945	8	9	21	0	0	1012.10	
1945	8	10	0	0	0	1011.50	
1945	8	10	3	0	0	1010.80	
1945	8	10	6	0	0	1010.00	
1945	8	10	9	0	0	1010.10	
1945	8	10	12	0	0	1009.90	
1945	8	10	15	0	0	1009.90	
1945	8	10	18	0	0	1010.50	
1945	8	10	21	0	0	1012.00	
1945	8	11	0	0	0	1012.80	
1945	8	11	3	0	0	1012.70	
1945	8	11	6	0	0	1013.50	
1945	8	11	9	0	0	1014.70	
1945	8	11	12	0	0	1015.30	
1945	8	11	15	0	0	1014.40	
1945	8	11	18	0	0	1014.60	
1945	8	11	21	0	0	1015.50	
1945	8	12	0	0	0	1015.90	
1945	8	12	3	0	0	1015.90	
1945	8	12	6	0	0	1015.70	
1945	8	12	9	0	0	1016.30	
1945	8	12	12	0	0	1016.90	
1945	8	12	15	0	0	1016.40	
1945	8	12	18	0	0	1016.60	
1945	8	12	21	0	0	1017.80	
1945	8	13	0	0	0	1017.80	
1945	8	13	3	0	0	1017.30	
1945	8	13	6	0	0	1017.10	
1945	8	13	9	0	0	1017.30	
1945	8	13	12	0	0	1015.90	
1945	8	13	15	0	0	1014.70	
1945	8	13	18	0	0	1013.70	
1945	8	13	21	0	0	1014.40	
1945	8	14	0	0	0	1013.20	
1945	8	14	3	0	0	1012.00	
1945	8	14	6	0	0	1011.40	
1945	8	14	9	0	0	1010.70	
1945	8	14	12	0	0	1010.50	
1945	8	14	15	0	0	1010.20	
1945	8	14	18	0	0	1009.20	
1945	8	14	21	0	0	1009.80	
1945	8	15	0	0	0	1009.60	
1945	8	15	3	0	0	1008.40	
1945	8	15	6	0	0	1007.80	
1945	8	15	9	0	0	1007.40	
1945	8	15	12	0	0	1007.20	
1945	8	15	15	0	0	1008.20	
1945	8	15	18	0	0	1009.00	
1945	8	15	21	0	0	1009.50	
1945	8	16	0	0	0	1009.50	
1945	8	16	3	0	0	1009.90	
1945	8	16	6	0	0	1009.70	
1945	8	16	9	0	0	1008.70	
1945	8	16	12	0	0	1008.50	
1945	8	16	15	0	0	1009.60	
1945	8	16	18	0	0	1009.40	
1945	8	16	21	0	0	1009.40	
1945	8	17	0	0	0	1009.60	
1945	8	17	3	0	0	1009.60	
1945	8	17	6	0	0	1008.80	
1945	8	17	9	0	0	1009.10	
1945	8	17	12	0	0	1009.50	
1945	8	17	15	0	0	1009.80	
1945	8	17	18	0	0	1010.00	
1945	8	17	21	0	0	1010.50	
1945	8	18	0	0	0	1011.30	
1945	8	18	3	0	0	1011.00	
1945	8	18	6	0	0	1011.80	
1945	8	18	9	0	0	1012.20	
1945	8	18	12	0	0	1012.00	
1945	8	18	15	0	0	1011.40	
1945	8	18	18	0	0	1011.40	
1945	8	18	21	0	0	1011.30	
1945	8	19	0	0	0	1010.70	
1945	8	19	3	0	0	1009.60	
1945	8	19	6	0	0	1009.40	
1945	8	19	9	0	0	1009.40	
1945	8	19	12	0	0	1008.80	
1945	8	19	15	0	0	1007.80	
1945	8	19	18	0	0	1007.60	
1945	8	19	21	0	0	1008.00	
1945	8	20	0	0	0	1007.80	
1945	8	20	3	0	0	1007.70	
1945	8	20	6	0	0	1006.90	
1945	8	20	9	0	0	1007.30	
1945	8	20	12	0	0	1007.10	
1945	8	20	15	0	0	1007.60	
1945	8	20	18	0	0	1007.20	
1945	8	20	21	0	0	1006.50	
1945	8	21	0	0	0	1005.90	
1945	8	21	3	0	0	1004.00	
1945	8	21	6	0	0	1002.00	
1945	8	21	9	0	0	1000.50	
1945	8	21	12	0	0	998.90	
1945	8	21	15	0	0	997.60	
1945	8	21	18	0	0	996.60	
1945	8	21	21	0	0	997.00	
1945	8	22	0	0	0	997.00	
1945	8	22	3	0	0	996.50	
1945	8	22	6	0	0	996.70	
1945	8	22	9	0	0	998.00	
1945	8	22	12	0	0	998.60	
1945	8	22	15	0	0	1000.50	
1945	8	22	18	0	0	1002.90	
1945	8	22	21	0	0	1005.00	
1945	8	23	0	0	0	1007.40	
1945	8	23	3	0	0	1008.40	
1945	8	23	6	0	0	1009.40	
1945	8	23	9	0	0	1009.80	
1945	8	23	12	0	0	1009.00	
1945	8	23	15	0	0	1009.10	
1945	8	23	18	0	0	1008.50	
1945	8	23	21	0	0	1007.50	
1945	8	24	0	0	0	1004.90	
1945	8	24	3	0	0	1002.90	
1945	8	24	6	0	0	1001.10	
1945	8	24	9	0	0	1000.90	
1945	8	24	12	0	0	1001.70	
1945	8	24	15	0	0	1002.20	
1945	8	24	18	0	0	1004.00	
1945	8	24	21	0	0	1005.60	
1945	8	25	0	0	0	1006.60	
1945	8	25	3	0	0	1008.40	
1945	8	25	6	0	0	1008.20	
1945	8	25	9	0	0	1009.50	
1945	8	25	12	0	0	1010.30	
1945	8	25	15	0	0	1011.40	
1945	8	25	18	0	0	1013.20	
1945	8	25	21	0	0	1015.50	
1945	8	26	0	0	0	1017.10	
1945	8	26	3	0	0	1018.30	
1945	8	26	6	0	0	1020.10	
1945	8	26	9	0	0	1020.80	
1945	8	26	12	0	0	1021.00	
1945	8	26	15	0	0	1020.40	
1945	8	26	18	0	0	1020.00	
1945	8	26	21	0	0	1020.70	
1945	8	27	0	0	0	1021.10	
1945	8	27	3	0	0	1020.00	
1945	8	27	6	0	0	1020.00	
1945	8	27	9	0	0	1018.70	
1945	8	27	12	0	0	1017.70	
1945	8	27	15	0	0	1016.40	
1945	8	27	18	0	0	1015.80	
1945	8	27	21	0	0	1017.00	
1945	8	28	0	0	0	1017.60	
1945	8	28	3	0	0	1017.20	
1945	8	28	6	0	0	1017.20	
1945	8	28	9	0	0	1017.30	
1945	8	28	12	0	0	1016.30	
1945	8	28	15	0	0	1015.50	
1945	8	28	18	0	0	1015.10	
1945	8	28	21	0	0	1015.50	
1945	8	29	0	0	0	1015.30	
1945	8	29	3	0	0	1014.20	
1945	8	29	6	0	0	1013.40	
1945	8	29	9	0	0	1012.30	
1945	8	29	12	0	0	1012.10	
1945	8	29	15	0	0	1010.90	
1945	8	29	18	0	0	1010.30	
1945	8	29	21	0	0	1011.10	
1945	8	30	0	0	0	1011.90	
1945	8	30	3	0	0	1011.90	
1945	8	30	6	0	0	1013.50	
1945	8	30	9	0	0	1014.30	
1945	8	30	12	0	0	1014.90	
1945	8	30	15	0	0	1015.40	
1945	8	30	18	0	0	1015.60	
1945	8	30	21	0	0	1016.80	
1945	8	31	0	0	0	1016.60	
1945	8	31	3	0	0	1016.90	
1945	8	31	6	0	0	1018.10	
1945	8	31	9	0	0	1018.30	
1945	8	31	12	0	0	1018.50	
1945	8	31	15	0	0	1019.30	
1945	8	31	18	0	0	1019.10	
1945	8	31	21	0	0	1020.50	
1945	9	1	0	0	0	1020.70	
1945	9	1	3	0	0	1020.70	
1945	9	1	6	0	0	1020.50	
1945	9	1	9	0	0	1020.90	
1945	9	1	12	0	0	1020.70	
1945	9	1	15	0	0	1019.90	
1945	9	1	18	0	0	1020.10	
1945	9	1	21	0	0	1022.00	
1945	9	2	0	0	0	1022.80	
1945	9	2	3	0	0	1024.80	
1945	9	2	6	0	0	1023.80	
1945	9	2	9	0	0	1024.50	
1945	9	2	12	0	0	1023.90	
1945	9	2	15	0	0	1023.30	
1945	9	2	18	0	0	1023.70	
1945	9	2	21	0	0	1025.50	
1945	9	3	0	0	0	1025.30	
1945	9	3	3	0	0	1025.10	
1945	9	3	6	0	0	1025.70	
1945	9	3	9	0	0	1025.90	
1945	9	3	12	0	0	1025.30	
1945	9	3	15	0	0	1024.80	
1945	9	3	18	0	0	1024.40	
1945	9	3	21	0	0	1025.20	
1945	9	4	0	0	0	1024.80	
1945	9	4	3	0	0	1024.70	
1945	9	4	6	0	0	1023.30	
1945	9	4	9	0	0	1024.00	
1945	9	4	12	0	0	1023.60	
1945	9	4	15	0	0	1023.20	
1945	9	4	18	0	0	1024.20	
1945	9	4	21	0	0	1025.40	
1945	9	5	0	0	0	1025.80	
1945	9	5	3	0	0	1025.50	
1945	9	5	6	0	0	1025.10	
1945	9	5	9	0	0	1026.60	
1945	9	5	12	0	0	1026.00	
1945	9	5	15	0	0	1026.20	
1945	9	5	18	0	0	1026.40	
1945	9	5	21	0	0	1027.10	
1945	9	6	0	0	0	1027.10	
1945	9	6	3	0	0	1027.20	
1945	9	6	6	0	0	1027.60	
1945	9	6	9	0	0	1027.50	
1945	9	6	12	0	0	1027.30	
1945	9	6	15	0	0	1026.20	
1945	9	6	18	0	0	1026.40	
1945	9	6	21	0	0	1027.40	
1945	9	7	0	0	0	1027.80	
1945	9	7	3	0	0	1026.90	
1945	9	7	6	0	0	1026.90	
1945	9	7	9	0	0	1027.10	
1945	9	7	12	0	0	1026.30	
1945	9	7	15	0	0	1024.90	
1945	9	7	18	0	0	1024.10	
1945	9	7	21	0	0	1025.00	
1945	9	8	0	0	0	1024.60	
1945	9	8	3	0	0	1023.60	
1945	9	8	6	0	0	1023.20	
1945	9	8	9	0	0	1023.00	
1945	9	8	12	0	0	1021.20	
1945	9	8	15	0	0	1020.20	
1945	9	8	18	0	0	1019.60	
1945	9	8	21	0	0	1020.70	
1945	9	9	0	0	0	1020.50	
1945	9	9	3	0	0	1019.70	
1945	9	9	6	0	0	1019.90	
1945	9	9	9	0	0	1019.90	
1945	9	9	12	0	0	1019.70	
1945	9	9	15	0	0	1018.80	
1945	9	9	18	0	0	1018.60	
1945	9	9	21	0	0	1019.30	
1945	9	10	0	0	0	1018.50	
1945	9	10	3	0	0	1017.50	
1945	9	10	6	0	0	1017.30	
1945	9	10	9	0	0	1016.80	
1945	9	10	12	0	0	1016.80	
1945	9	10	15	0	0	1015.50	
1945	9	10	18	0	0	1014.90	
1945	9	10	21	0	0	1016.50	
1945	9	11	0	0	0	1017.50	
1945	9	11	3	0	0	1017.80	
1945	9	11	6	0	0	1018.00	
1945	9	11	9	0	0	1018.90	
1945	9	11	12	0	0	1018.70	
1945	9	11	15	0	0	1018.20	
1945	9	11	18	0	0	1018.80	
1945	9	11	21	0	0	1019.60	
1945	9	12	0	0	0	1019.80	
1945	9	12	3	0	0	1019.40	
1945	9	12	6	0	0	1020.00	
1945	9	12	9	0	0	1020.30	
1945	9	12	12	0	0	1019.10	
1945	9	12	15	0	0	1016.60	
1945	9	12	18	0	0	1014.20	
1945	9	12	21	0	0	1011.90	
1945	9	13	0	0	0	1012.30	
1945	9	13	3	0	0	1010.70	
1945	9	13	6	0	0	1008.90	
1945	9	13	9	0	0	1007.30	
1945	9	13	12	0	0	1006.50	
1945	9	13	15	0	0	1005.60	
1945	9	13	18	0	0	1004.60	
1945	9	13	21	0	0	1004.80	
1945	9	14	0	0	0	1004.40	
1945	9	14	3	0	0	1003.20	
1945	9	14	6	0	0	1003.00	
1945	9	14	9	0	0	1003.00	
1945	9	14	12	0	0	1002.80	
1945	9	14	15	0	0	1002.00	
1945	9	14	18	0	0	1002.20	
1945	9	14	21	0	0	1003.60	
1945	9	15	0	0	0	1004.20	
1945	9	15	3	0	0	1005.20	
1945	9	15	6	0	0	1006.40	
1945	9	15	9	0	0	1006.90	
1945	9	15	12	0	0	1007.70	
1945	9	15	15	0	0	1007.80	
1945	9	15	18	0	0	1008.40	
1945	9	15	21	0	0	1009.20	
1945	9	16	0	0	0	1008.60	
1945	9	16	3	0	0	1007.50	
1945	9	16	6	0	0	1004.70	
1945	9	16	9	0	0	1005.00	
1945	9	16	12	0	0	1006.00	
1945	9	16	15	0	0	1007.50	
1945	9	16	18	0	0	1008.10	
1945	9	16	21	0	0	1009.40	
1945	9	17	0	0	0	1010.00	
1945	9	17	3	0	0	1010.30	
1945	9	17	6	0	0	1010.90	
1945	9	17	9	0	0	1011.10	
1945	9	17	12	0	0	1011.10	
1945	9	17	15	0	0	1010.00	
1945	9	17	18	0	0	1009.00	
1945	9	17	21	0	0	1009.10	
1945	9	18	0	0	0	1007.90	
1945	9	18	3	0	0	1006.20	
1945	9	18	6	0	0	1005.60	
1945	9	18	9	0	0	1004.80	
1945	9	18	12	0	0	1004.00	
1945	9	18	15	0	0	1003.10	
1945	9	18	18	0	0	1002.90	
1945	9	18	21	0	0	1003.50	
1945	9	19	0	0	0	1003.10	
1945	9	19	3	0	0	1003.10	
1945	9	19	6	0	0	1002.90	
1945	9	19	9	0	0	1003.10	
1945	9	19	12	0	0	1004.70	
1945	9	19	15	0	0	1005.50	
1945	9	19	18	0	0	1005.10	
1945	9	19	21	0	0	999.90	
1945	9	20	0	0	0	1002.50	
1945	9	20	3	0	0	1009.90	
1945	9	20	6	0	0	1011.10	
1945	9	20	9	0	0	1011.40	
1945	9	20	12	0	0	1010.80	
1945	9	20	15	0	0	1009.80	
1945	9	20	18	0	0	1009.00	
1945	9	20	21	0	0	1012.30	
1945	9	21	0	0	0	1014.70	
1945	9	21	3	0	0	1016.20	
1945	9	21	6	0	0	1016.40	
1945	9	21	9	0	0	1017.00	
1945	9	21	12	0	0	1016.40	
1945	9	21	15	0	0	1014.30	
1945	9	21	18	0	0	1013.30	
1945	9	21	21	0	0	1011.00	
1945	9	22	0	0	0	1007.40	
1945	9	22	3	0	0	1000.40	
1945	9	22	6	0	0	999.00	
1945	9	22	9	0	0	1001.70	
1945	9	22	12	0	0	1001.90	
1945	9	22	15	0	0	1002.40	
1945	9	22	18	0	0	1003.80	
1945	9	22	21	0	0	1005.00	
1945	9	23	0	0	0	1004.60	
1945	9	23	3	0	0	1004.10	
1945	9	23	6	0	0	1003.30	
1945	9	23	9	0	0	1002.40	
1945	9	23	12	0	0	1001.00	
1945	9	23	15	0	0	999.30	
1945	9	23	18	0	0	999.10	
1945	9	23	21	0	0	999.00	
1945	9	24	0	0	0	1000.40	
1945	9	24	3	0	0	1004.00	
1945	9	24	6	0	0	1008.40	
1945	9	24	9	0	0	1011.80	
1945	9	24	12	0	0	1015.00	
1945	9	24	15	0	0	1017.70	
1945	9	24	18	0	0	1019.50	
1945	9	24	21	0	0	1020.60	
1945	9	25	0	0	0	1021.40	
1945	9	25	3	0	0	1021.80	
1945	9	25	6	0	0	1022.80	
1945	9	25	9	0	0	1024.00	
1945	9	25	12	0	0	1024.20	
1945	9	25	15	0	0	1024.50	
1945	9	25	18	0	0	1025.50	
1945	9	25	21	0	0	1026.40	
1945	9	26	0	0	0	1026.20	
1945	9	26	3	0	0	1025.30	
1945	9	26	6	0	0	1024.70	
1945	9	26	9	0	0	1023.70	
1945	9	26	12	0	0	1022.70	
1945	9	26	15	0	0	1021.60	
1945	9	26	18	0	0	1021.60	
1945	9	26	21	0	0	1023.10	
1945	9	27	0	0	0	1022.90	
1945	9	27	3	0	0	1022.80	
1945	9	27	6	0	0	1021.40	
1945	9	27	9	0	0	1019.90	
1945	9	27	12	0	0	1017.70	
1945	9	27	15	0	0	1016.00	
1945	9	27	18	0	0	1019.00	
1945	9	27	21	0	0	1020.30	
1945	9	28	0	0	0	1020.30	
1945	9	28	3	0	0	1019.40	
1945	9	28	6	0	0	1019.20	
1945	9	28	9	0	0	1019.90	
1945	9	28	12	0	0	1020.30	
1945	9	28	21	0	0	1024.10	
1945	9	29	0	0	0	1025.50	
1945	9	29	3	0	0	1026.20	
1945	9	29	6	0	0	1027.20	
1945	9	29	9	0	0	1029.20	
1945	9	29	12	0	0	1029.00	
1945	9	29	15	0	0	1028.60	
1945	9	29	18	0	0	1029.60	
1945	9	29	21	0	0	1030.80	
1945	9	30	0	0	0	1031.20	
1945	9	30	3	0	0	1030.90	
1945	9	30	6	0	0	1031.10	
1945	9	30	9	0	0	1032.20	
1945	9	30	12	0	0	1032.60	
1945	9	30	15	0	0	1032.60	
1945	9	30	18	0	0	1033.80	
1945	9	30	21	0	0	1034.50	
1945	10	1	0	0	0	1034.90	
1945	10	1	3	0	0	1039.20	
1945	10	1	6	0	0	1039.60	
1945	10	1	9	0	0	1036.80	
1945	10	1	12	0	0	1036.60	
1945	10	1	15	0	0	1036.60	
1945	10	1	18	0	0	1037.20	
1945	10	1	21	0	0	1038.60	
1945	10	2	0	0	0	1039.00	
1945	10	2	3	0	0	1038.20	
1945	10	2	6	0	0	1039.00	
1945	10	2	9	0	0	1039.90	
1945	10	2	12	0	0	1039.30	
1945	10	2	15	0	0	1038.60	
1945	10	2	18	0	0	1037.80	
1945	10	2	21	0	0	1038.60	
1945	10	3	0	0	0	1038.40	
1945	10	3	3	0	0	1037.90	
1945	10	3	6	0	0	1037.70	
1945	10	3	9	0	0	1037.10	
1945	10	3	12	0	0	1035.10	
1945	10	3	15	0	0	1033.80	
1945	10	3	18	0	0	1033.60	
1945	10	3	21	0	0	1033.30	
1945	10	4	0	0	0	1032.50	
1945	10	4	3	0	0	1031.30	
1945	10	4	6	0	0	1029.90	
1945	10	4	9	0	0	1029.30	
1945	10	4	12	0	0	1027.10	
1945	10	4	15	0	0	1025.70	
1945	10	4	18	0	0	1025.70	
1945	10	4	21	0	0	1026.80	
1945	10	5	0	0	0	1027.80	
1945	10	5	3	0	0	1028.70	
1945	10	5	6	0	0	1030.90	
1945	10	5	9	0	0	1032.40	
1945	10	5	12	0	0	1032.60	
1945	10	5	15	0	0	1032.30	
1945	10	5	18	0	0	1033.10	
1945	10	5	21	0	0	1033.20	
1945	10	6	0	0	0	1032.60	
1945	10	6	3	0	0	1032.70	
1945	10	6	6	0	0	1032.10	
1945	10	6	9	0	0	1032.20	
1945	10	6	12	0	0	1031.20	
1945	10	6	15	0	0	1029.90	
1945	10	6	18	0	0	1029.90	
1945	10	6	21	0	0	1030.40	
1945	10	7	0	0	0	1030.60	
1945	10	7	3	0	0	1030.30	
1945	10	7	6	0	0	1030.70	
1945	10	7	9	0	0	1030.50	
1945	10	7	12	0	0	1029.90	
1945	10	7	15	0	0	1028.10	
1945	10	7	18	0	0	1027.50	
1945	10	7	21	0	0	1026.80	
1945	10	8	0	0	0	1026.20	
1945	10	8	3	0	0	1024.30	
1945	10	8	6	0	0	1022.90	
1945	10	8	9	0	0	1024.20	
1945	10	8	12	0	0	1024.00	
1945	10	8	15	0	0	1023.60	
1945	10	8	18	0	0	1023.80	
1945	10	8	21	0	0	1023.40	
1945	10	9	0	0	0	1022.00	
1945	10	9	3	0	0	1019.60	
1945	10	9	6	0	0	1018.00	
1945	10	9	9	0	0	1016.90	
1945	10	9	12	0	0	1015.30	
1945	10	9	15	0	0	1012.60	
1945	10	9	18	0	0	1011.20	
1945	10	9	21	0	0	1009.60	
1945	10	10	0	0	0	1008.20	
1945	10	10	3	0	0	1006.60	
1945	10	10	6	0	0	1006.00	
1945	10	10	9	0	0	1006.20	
1945	10	10	12	0	0	1006.20	
1945	10	10	15	0	0	1006.90	
1945	10	10	18	0	0	1009.50	
1945	10	10	21	0	0	1012.20	
1945	10	11	0	0	0	1016.00	
1945	10	11	3	0	0	1017.90	
1945	10	11	6	0	0	1019.50	
1945	10	11	9	0	0	1022.50	
1945	10	11	12	0	0	1024.30	
1945	10	11	15	0	0	1024.90	
1945	10	11	18	0	0	1027.10	
1945	10	11	21	0	0	1028.50	
1945	10	12	0	0	0	1028.70	
1945	10	12	3	0	0	1028.00	
1945	10	12	6	0	0	1028.20	
1945	10	12	9	0	0	1029.20	
1945	10	12	12	0	0	1029.40	
1945	10	12	15	0	0	1029.10	
1945	10	12	18	0	0	1030.10	
1945	10	12	21	0	0	1030.10	
1945	10	13	0	0	0	1030.90	
1945	10	13	3	0	0	1030.30	
1945	10	13	6	0	0	1030.70	
1945	10	13	9	0	0	1031.10	
1945	10	13	12	0	0	1030.50	
1945	10	13	15	0	0	1029.20	
1945	10	13	18	0	0	1029.40	
1945	10	13	21	0	0	1030.30	
1945	10	14	0	0	0	1029.90	
1945	10	14	3	0	0	1029.30	
1945	10	14	6	0	0	1029.90	
1945	10	14	9	0	0	1030.40	
1945	10	14	12	0	0	1030.00	
1945	10	14	15	0	0	1029.20	
1945	10	14	18	0	0	1029.20	
1945	10	14	21	0	0	1030.40	
1945	10	15	0	0	0	1030.00	
1945	10	15	3	0	0	1030.00	
1945	10	15	6	0	0	1029.40	
1945	10	15	9	0	0	1028.50	
1945	10	15	12	0	0	1027.10	
1945	10	15	15	0	0	1026.60	
1945	10	15	18	0	0	1027.20	
1945	10	15	21	0	0	1027.40	
1945	10	16	0	0	0	1027.60	
1945	10	16	3	0	0	1027.40	
1945	10	16	6	0	0	1027.80	
1945	10	16	9	0	0	1028.40	
1945	10	16	12	0	0	1028.20	
1945	10	16	15	0	0	1027.50	
1945	10	16	18	0	0	1027.30	
1945	10	16	21	0	0	1027.90	
1945	10	17	0	0	0	1028.30	
1945	10	17	3	0	0	1027.10	
1945	10	17	6	0	0	1026.90	
1945	10	17	9	0	0	1027.30	
1945	10	17	12	0	0	1026.70	
1945	10	17	15	0	0	1025.30	
1945	10	17	18	0	0	1025.30	
1945	10	17	21	0	0	1025.80	
1945	10	18	0	0	0	1026.40	
1945	10	18	3	0	0	1026.00	
1945	10	18	6	0	0	1025.40	
1945	10	18	9	0	0	1025.50	
1945	10	18	12	0	0	1024.90	
1945	10	18	15	0	0	1023.00	
1945	10	18	18	0	0	1022.80	
1945	10	18	21	0	0	1022.90	
1945	10	19	0	0	0	1022.70	
1945	10	19	3	0	0	1022.10	
1945	10	19	6	0	0	1022.10	
1945	10	19	9	0	0	1022.40	
1945	10	19	12	0	0	1021.80	
1945	10	19	15	0	0	1020.20	
1945	10	19	18	0	0	1020.00	
1945	10	19	21	0	0	1019.60	
1945	10	20	0	0	0	1018.60	
1945	10	20	3	0	0	1017.20	
1945	10	20	6	0	0	1016.20	
1945	10	20	9	0	0	1015.40	
1945	10	20	12	0	0	1014.00	
1945	10	20	15	0	0	1012.10	
1945	10	20	18	0	0	1010.70	
1945	10	20	21	0	0	1010.60	
1945	10	21	0	0	0	1009.60	
1945	10	21	3	0	0	1008.30	
1945	10	21	6	0	0	1007.70	
1945	10	21	9	0	0	1007.40	
1945	10	21	12	0	0	1006.00	
1945	10	21	15	0	0	1003.50	
1945	10	21	18	0	0	1001.30	
1945	10	21	21	0	0	1001.80	
1945	10	22	0	0	0	1001.60	
1945	10	22	3	0	0	1001.70	
1945	10	22	6	0	0	1003.30	
1945	10	22	9	0	0	1003.80	
1945	10	22	12	0	0	1003.60	
1945	10	22	15	0	0	1001.80	
1945	10	22	18	0	0	1003.40	
1945	10	22	21	0	0	1004.90	
1945	10	23	0	0	0	1004.30	
1945	10	23	3	0	0	1002.70	
1945	10	23	6	0	0	1000.10	
1945	10	23	9	0	0	996.00	
1945	10	23	12	0	0	994.60	
1945	10	23	15	0	0	994.80	
1945	10	23	18	0	0	997.20	
1945	10	23	21	0	0	998.60	
1945	10	24	0	0	0	997.20	
1945	10	24	3	0	0	993.10	
1945	10	24	6	0	0	988.10	
1945	10	24	9	0	0	982.40	
1945	10	24	12	0	0	978.40	
1945	10	24	15	0	0	980.20	
1945	10	24	18	0	0	981.60	
1945	10	24	21	0	0	984.10	
1945	10	25	0	0	0	985.10	
1945	10	25	3	0	0	985.10	
1945	10	25	6	0	0	985.30	
1945	10	25	9	0	0	985.20	
1945	10	25	12	0	0	982.20	
1945	10	25	15	0	0	979.40	
1945	10	25	18	0	0	978.00	
1945	10	25	21	0	0	975.50	
1945	10	26	0	0	0	973.10	
1945	10	26	3	0	0	971.70	
1945	10	26	6	0	0	970.10	
1945	10	26	9	0	0	971.70	
1945	10	26	12	0	0	973.10	
1945	10	26	15	0	0	976.20	
1945	10	26	18	0	0	979.60	
1945	10	26	21	0	0	983.30	
1945	10	27	0	0	0	987.50	
1945	10	27	3	0	0	990.60	
1945	10	27	6	0	0	994.00	
1945	10	27	9	0	0	996.50	
1945	10	27	12	0	0	997.90	
1945	10	27	15	0	0	998.80	
1945	10	27	18	0	0	998.80	
1945	10	27	21	0	0	998.60	
1945	10	28	0	0	0	996.80	
1945	10	28	3	0	0	994.40	
1945	10	28	6	0	0	992.80	
1945	10	28	9	0	0	992.90	
1945	10	28	12	0	0	991.90	
1945	10	28	15	0	0	991.30	
1945	10	28	18	0	0	991.90	
1945	10	28	21	0	0	993.00	
1945	10	29	0	0	0	993.00	
1945	10	29	3	0	0	993.50	
1945	10	29	6	0	0	994.50	
1945	10	29	9	0	0	995.40	
1945	10	29	12	0	0	996.00	
1945	10	29	15	0	0	995.60	
1945	10	29	18	0	0	997.20	
1945	10	29	21	0	0	1000.50	
1945	10	30	0	0	0	1001.70	
1945	10	30	3	0	0	1003.60	
1945	10	30	6	0	0	1005.40	
1945	10	30	9	0	0	1008.20	
1945	10	30	12	0	0	1010.00	
1945	10	30	15	0	0	1010.80	
1945	10	30	18	0	0	1012.60	
1945	10	30	21	0	0	1014.60	
1945	10	31	0	0	0	1014.40	
1945	10	31	3	0	0	1013.80	
1945	10	31	6	0	0	1013.60	
1945	10	31	9	0	0	1013.90	
1945	10	31	12	0	0	1013.30	
1945	10	31	15	0	0	1012.80	
1945	10	31	18	0	0	1014.60	
1945	10	31	21	0	0	1015.50	
1945	11	1	0	0	0	1016.10	
1945	11	1	3	0	0	1015.80	
1945	11	1	6	0	0	1016.50	
1945	11	1	9	0	0	1017.20	
1945	11	1	12	0	0	1016.60	
1945	11	1	15	0	0	1015.80	
1945	11	1	18	0	0	1015.20	
1945	11	1	21	0	0	1016.10	
1945	11	2	0	0	0	1015.90	
1945	11	2	3	0	0	1016.70	
1945	11	2	6	0	0	1016.50	
1945	11	2	9	0	0	1014.80	
1945	11	2	12	0	0	1014.60	
1945	11	2	15	0	0	1014.50	
1945	11	2	18	0	0	1014.50	
1945	11	2	21	0	0	1014.90	
1945	11	3	0	0	0	1015.10	
1945	11	3	3	0	0	1015.00	
1945	11	3	6	0	0	1015.20	
1945	11	3	9	0	0	1015.50	
1945	11	3	12	0	0	1015.30	
1945	11	3	15	0	0	1014.20	
1945	11	3	18	0	0	1014.60	
1945	11	3	21	0	0	1015.90	
1945	11	4	0	0	0	1016.10	
1945	11	4	3	0	0	1016.40	
1945	11	4	6	0	0	1016.80	
1945	11	4	9	0	0	1018.10	
1945	11	4	12	0	0	1018.30	
1945	11	4	15	0	0	1018.20	
1945	11	4	18	0	0	1018.60	
1945	11	4	21	0	0	1018.90	
1945	11	5	0	0	0	1019.30	
1945	11	5	3	0	0	1017.90	
1945	11	5	6	0	0	1018.30	
1945	11	5	9	0	0	1021.10	
1945	11	5	12	0	0	1021.90	
1945	11	5	15	0	0	1022.70	
1945	11	5	18	0	0	1024.10	
1945	11	5	21	0	0	1025.80	
1945	11	6	0	0	0	1026.40	
1945	11	6	3	0	0	1027.10	
1945	11	6	6	0	0	1028.30	
1945	11	6	9	0	0	1029.50	
1945	11	6	12	0	0	1029.70	
1945	11	6	15	0	0	1029.40	
1945	11	6	18	0	0	1029.60	
1945	11	6	21	0	0	1029.80	
1945	11	7	0	0	0	1029.40	
1945	11	7	3	0	0	1028.40	
1945	11	7	6	0	0	1027.60	
1945	11	7	9	0	0	1026.80	
1945	11	7	12	0	0	1025.40	
1945	11	7	15	0	0	1023.30	
1945	11	7	18	0	0	1021.50	
1945	11	7	21	0	0	1020.70	
1945	11	8	0	0	0	1018.10	
1945	11	8	3	0	0	1015.40	
1945	11	8	6	0	0	1014.00	
1945	11	8	9	0	0	1014.30	
1945	11	8	12	0	0	1014.50	
1945	11	8	15	0	0	1014.10	
1945	11	8	18	0	0	1014.70	
1945	11	8	21	0	0	1015.40	
1945	11	9	0	0	0	1015.80	
1945	11	9	3	0	0	1015.30	
1945	11	9	6	0	0	1015.50	
1945	11	9	9	0	0	1016.60	
1945	11	9	12	0	0	1017.20	
1945	11	9	15	0	0	1017.70	
1945	11	9	18	0	0	1019.10	
1945	11	9	21	0	0	1020.00	
1945	11	10	0	0	0	1021.00	
1945	11	10	3	0	0	1021.30	
1945	11	10	6	0	0	1021.90	
1945	11	10	9	0	0	1022.60	
1945	11	10	12	0	0	1022.40	
1945	11	10	15	0	0	1021.80	
1945	11	10	18	0	0	1021.60	
1945	11	10	21	0	0	1021.40	
1945	11	11	0	0	0	1021.00	
1945	11	11	3	0	0	1020.40	
1945	11	11	6	0	0	1019.80	
1945	11	11	9	0	0	1020.10	
1945	11	11	12	0	0	1019.10	
1945	11	11	15	0	0	1017.60	
1945	11	11	18	0	0	1017.40	
1945	11	11	21	0	0	1016.90	
1945	11	12	0	0	0	1016.70	
1945	11	12	3	0	0	1016.30	
1945	11	12	6	0	0	1016.30	
1945	11	12	9	0	0	1016.70	
1945	11	12	12	0	0	1016.70	
1945	11	12	15	0	0	1016.00	
1945	11	12	18	0	0	1017.40	
1945	11	12	21	0	0	1018.10	
1945	11	13	0	0	0	1018.50	
1945	11	13	3	0	0	1018.60	
1945	11	13	6	0	0	1018.80	
1945	11	13	9	0	0	1019.90	
1945	11	13	12	0	0	1020.10	
1945	11	13	15	0	0	1019.90	
1945	11	13	18	0	0	1019.90	
1945	11	13	21	0	0	1019.90	
1945	11	14	0	0	0	1020.50	
1945	11	14	3	0	0	1020.00	
1945	11	14	6	0	0	1020.00	
1945	11	14	9	0	0	1020.20	
1945	11	14	12	0	0	1020.00	
1945	11	14	15	0	0	1019.90	
1945	11	14	18	0	0	1020.50	
1945	11	15	3	0	0	1019.20	
1945	11	15	6	0	0	1019.20	
1945	11	15	9	0	0	1019.60	
1945	11	15	12	0	0	1019.80	
1945	11	15	15	0	0	1019.50	
1945	11	15	18	0	0	1020.50	
1945	11	15	21	0	0	1021.90	
1945	11	16	0	0	0	1021.50	
1945	11	16	3	0	0	1021.80	
1945	11	16	6	0	0	1022.40	
1945	11	16	9	0	0	1023.10	
1945	11	16	12	0	0	1023.30	
1945	11	16	15	0	0	1023.20	
1945	11	16	18	0	0	1023.20	
1945	11	16	21	0	0	1023.00	
1945	11	17	0	0	0	1023.00	
1945	11	17	3	0	0	1022.60	
1945	11	17	6	0	0	1023.20	
1945	11	17	9	0	0	1024.00	
1945	11	17	12	0	0	1024.20	
1945	11	17	15	0	0	1023.70	
1945	11	17	18	0	0	1024.70	
1945	11	17	21	0	0	1025.30	
1945	11	18	0	0	0	1025.90	
1945	11	18	3	0	0	1025.60	
1945	11	18	6	0	0	1025.80	
1945	11	18	9	0	0	1025.90	
1945	11	18	12	0	0	1025.30	
1945	11	18	15	0	0	1024.60	
1945	11	18	18	0	0	1024.00	
1945	11	18	21	0	0	1023.70	
1945	11	19	0	0	0	1022.70	
1945	11	19	3	0	0	1021.10	
1945	11	19	6	0	0	1020.30	
1945	11	19	9	0	0	1020.50	
1945	11	19	12	0	0	1019.90	
1945	11	19	15	0	0	1018.80	
1945	11	19	18	0	0	1019.00	
1945	11	19	21	0	0	1018.60	
1945	11	20	0	0	0	1018.80	
1945	11	20	3	0	0	1018.20	
1945	11	20	6	0	0	1018.00	
1945	11	20	9	0	0	1018.60	
1945	11	20	12	0	0	1018.40	
1945	11	20	15	0	0	1017.60	
1945	11	20	18	0	0	1017.60	
1945	11	20	21	0	0	1017.90	
1945	11	21	0	0	0	1018.10	
1945	11	21	3	0	0	1017.60	
1945	11	21	6	0	0	1018.20	
1945	11	21	9	0	0	1019.50	
1945	11	21	12	0	0	1020.10	
1945	11	21	15	0	0	1020.20	
1945	11	21	18	0	0	1021.00	
1945	11	21	21	0	0	1021.30	
1945	11	22	0	0	0	1022.30	
1945	11	22	3	0	0	1021.80	
1945	11	22	6	0	0	1022.40	
1945	11	22	9	0	0	1022.80	
1945	11	22	12	0	0	1022.40	
1945	11	22	15	0	0	1021.40	
1945	11	22	18	0	0	1021.20	
1945	11	22	21	0	0	1020.60	
1945	11	23	0	0	0	1020.00	
1945	11	23	3	0	0	1018.10	
1945	11	23	6	0	0	1017.50	
1945	11	23	9	0	0	1016.90	
1945	11	23	12	0	0	1016.30	
1945	11	23	15	0	0	1015.00	
1945	11	23	18	0	0	1015.20	
1945	11	23	21	0	0	1015.40	
1945	11	24	0	0	0	1015.00	
1945	11	24	3	0	0	1015.10	
1945	11	24	6	0	0	1014.90	
1945	11	24	9	0	0	1015.60	
1945	11	24	12	0	0	1016.20	
1945	11	24	15	0	0	1016.20	
1945	11	24	18	0	0	1017.20	
1945	11	24	21	0	0	1018.40	
1945	11	25	0	0	0	1019.00	
1945	11	25	3	0	0	1019.50	
1945	11	25	6	0	0	1020.70	
1945	11	25	9	0	0	1021.90	
1945	11	25	12	0	0	1021.70	
1945	11	25	15	0	0	1021.50	
1945	11	25	18	0	0	1021.10	
1945	11	25	21	0	0	1019.80	
1945	11	26	0	0	0	1018.00	
1945	11	26	3	0	0	1016.40	
1945	11	26	6	0	0	1018.60	
1945	11	26	9	0	0	1020.70	
1945	11	26	12	0	0	1022.70	
1945	11	26	15	0	0	1024.00	
1945	11	26	18	0	0	1025.20	
1945	11	26	21	0	0	1025.90	
1945	11	27	0	0	0	1026.50	
1945	11	27	3	0	0	1026.30	
1945	11	27	6	0	0	1026.50	
1945	11	27	9	0	0	1025.40	
1945	11	27	12	0	0	1024.40	
1945	11	27	15	0	0	1022.40	
1945	11	27	18	0	0	1021.80	
1945	11	27	21	0	0	1020.10	
1945	11	28	0	0	0	1019.10	
1945	11	28	3	0	0	1017.80	
1945	11	28	6	0	0	1018.60	
1945	11	28	9	0	0	1019.30	
1945	11	28	12	0	0	1019.50	
1945	11	28	15	0	0	1019.40	
1945	11	28	18	0	0	1019.00	
1945	11	28	21	0	0	1017.50	
1945	11	29	0	0	0	1015.90	
1945	11	29	3	0	0	1014.30	
1945	11	29	6	0	0	1013.10	
1945	11	29	9	0	0	1012.90	
1945	11	29	12	0	0	1012.30	
1945	11	29	15	0	0	1012.30	
1945	11	29	18	0	0	1012.50	
1945	11	29	21	0	0	1013.50	
1945	11	30	0	0	0	1013.30	
1945	11	30	3	0	0	1013.40	
1945	11	30	6	0	0	1013.60	
1945	11	30	9	0	0	1014.80	
1945	11	30	12	0	0	1014.80	
1945	11	30	15	0	0	1013.70	
1945	11	30	18	0	0	1014.10	
1945	11	30	21	0	0	1013.90	
1945	12	1	0	0	0	1012.90	
1945	12	1	3	0	0	1011.30	
1945	12	1	6	0	0	1009.90	
1945	12	1	9	0	0	1009.70	
1945	12	1	12	0	0	1008.70	
1945	12	1	15	0	0	1006.10	
1945	12	1	18	0	0	1005.70	
1945	12	1	21	0	0	1004.10	
1945	12	2	0	0	0	1001.90	
1945	12	2	3	0	0	1000.70	
1945	12	2	6	0	0	999.70	
1945	12	2	9	0	0	999.40	
1945	12	2	12	0	0	1000.40	
1945	12	2	15	0	0	1001.70	
1945	12	2	18	0	0	1002.70	
1945	12	2	21	0	0	1003.80	
1945	12	3	0	0	0	1004.40	
1945	12	3	3	0	0	1005.00	
1945	12	3	6	0	0	1006.40	
1945	12	3	9	0	0	1008.90	
1945	12	3	12	0	0	1010.90	
1945	12	3	15	0	0	1012.60	
1945	12	3	18	0	0	1015.60	
1945	12	3	21	0	0	1019.00	
1945	12	4	0	0	0	1019.60	
1945	12	4	3	0	0	1020.80	
1945	12	4	6	0	0	1019.40	
1945	12	4	9	0	0	1018.00	
1945	12	4	12	0	0	1015.00	
1945	12	4	15	0	0	1008.20	
1945	12	4	18	0	0	1006.40	
1945	12	4	21	0	0	1004.50	
1945	12	5	0	0	0	1003.50	
1945	12	5	3	0	0	1005.50	
1945	12	5	6	0	0	1008.30	
1945	12	5	9	0	0	1010.50	
1945	12	5	12	0	0	1012.30	
1945	12	5	15	0	0	1013.60	
1945	12	5	18	0	0	1015.00	
1945	12	5	21	0	0	1017.20	
1945	12	6	0	0	0	1018.60	
1945	12	6	3	0	0	1020.80	
1945	12	6	6	0	0	1022.20	
1945	12	6	9	0	0	1023.90	
1945	12	6	12	0	0	1024.30	
1945	12	6	15	0	0	1024.70	
1945	12	6	18	0	0	1024.90	
1945	12	6	21	0	0	1025.20	
1945	12	7	0	0	0	1025.20	
1945	12	7	3	0	0	1024.80	
1945	12	7	6	0	0	1024.80	
1945	12	7	9	0	0	1025.70	
1945	12	7	12	0	0	1026.50	
1945	12	7	15	0	0	1026.90	
1945	12	7	18	0	0	1028.10	
1945	12	7	21	0	0	1029.40	
1945	12	8	0	0	0	1030.40	
1945	12	8	3	0	0	1031.50	
1945	12	8	6	0	0	1032.70	
1945	12	8	9	0	0	1034.40	
1945	12	8	12	0	0	1034.20	
1945	12	8	15	0	0	1033.80	
1945	12	8	18	0	0	1034.00	
1945	12	8	21	0	0	1033.40	
1945	12	9	0	0	0	1032.00	
1945	12	9	3	0	0	1032.10	
1945	12	9	6	0	0	1030.30	
1945	12	9	9	0	0	1029.00	
1945	12	9	12	0	0	1027.60	
1945	12	9	15	0	0	1027.00	
1945	12	9	18	0	0	1026.20	
1945	12	9	21	0	0	1025.70	
1945	12	10	0	0	0	1025.90	
1945	12	10	3	0	0	1026.20	
1945	12	10	6	0	0	1026.00	
1945	12	10	9	0	0	1027.20	
1945	12	10	12	0	0	1027.00	
1945	12	10	15	0	0	1027.40	
1945	12	10	18	0	0	1027.60	
1945	12	10	21	0	0	1027.80	
1945	12	11	0	0	0	1027.60	
1945	12	11	3	0	0	1026.40	
1945	12	11	6	0	0	1025.80	
1945	12	11	9	0	0	1026.40	
1945	12	11	12	0	0	1027.40	
1945	12	11	15	0	0	1028.00	
1945	12	11	18	0	0	1030.20	
1945	12	11	21	0	0	1031.60	
1945	12	12	0	0	0	1032.60	
1945	12	12	3	0	0	1030.80	
1945	12	12	6	0	0	1029.20	
1945	12	12	9	0	0	1026.90	
1945	12	12	12	0	0	1027.70	
1945	12	12	15	0	0	1025.20	
1945	12	12	18	0	0	1024.20	
1945	12	12	21	0	0	1021.30	
1945	12	13	0	0	0	1019.50	
1945	12	13	3	0	0	1015.70	
1945	12	13	6	0	0	1013.90	
1945	12	13	9	0	0	1012.60	
1945	12	13	12	0	0	1014.00	
1945	12	13	15	0	0	1017.00	
1945	12	13	18	0	0	1018.60	
1945	12	13	21	0	0	1020.10	
1945	12	14	0	0	0	1021.90	
1945	12	14	3	0	0	1023.90	
1945	12	14	6	0	0	1023.90	
1945	12	14	9	0	0	1023.90	
1945	12	14	12	0	0	1023.30	
1945	12	14	15	0	0	1021.40	
1945	12	14	18	0	0	1020.20	
1945	12	14	21	0	0	1020.30	
1945	12	15	0	0	0	1018.90	
1945	12	15	3	0	0	1016.20	
1945	12	15	6	0	0	1014.20	
1945	12	15	9	0	0	1013.20	
1945	12	15	12	0	0	1012.20	
1945	12	15	15	0	0	1010.20	
1945	12	15	18	0	0	1009.20	
1945	12	15	21	0	0	1007.90	
1945	12	16	0	0	0	1006.10	
1945	12	16	3	0	0	1001.50	
1945	12	16	6	0	0	1000.10	
1945	12	16	9	0	0	996.50	
1945	12	16	12	0	0	996.70	
1945	12	16	15	0	0	996.10	
1945	12	16	18	0	0	996.70	
1945	12	16	21	0	0	996.00	
1945	12	17	0	0	0	995.00	
1945	12	17	3	0	0	992.40	
1945	12	17	6	0	0	987.60	
1945	12	17	9	0	0	983.10	
1945	12	17	12	0	0	979.50	
1945	12	17	15	0	0	977.00	
1945	12	17	18	0	0	976.80	
1945	12	17	21	0	0	977.00	
1945	12	18	0	0	0	976.00	
1945	12	18	3	0	0	974.20	
1945	12	18	6	0	0	971.60	
1945	12	18	9	0	0	968.90	
1945	12	18	12	0	0	969.30	
1945	12	18	15	0	0	970.70	
1945	12	18	18	0	0	971.90	
1945	12	18	21	0	0	970.70	
1945	12	19	0	0	0	968.70	
1945	12	19	3	0	0	967.60	
1945	12	19	6	0	0	967.20	
1945	12	19	9	0	0	969.00	
1945	12	19	12	0	0	971.60	
1945	12	19	15	0	0	978.50	
1945	12	19	18	0	0	980.50	
1945	12	19	21	0	0	985.10	
1945	12	20	0	0	0	988.70	
1945	12	20	3	0	0	990.40	
1945	12	20	6	0	0	993.80	
1945	12	20	9	0	0	997.00	
1945	12	20	12	0	0	998.80	
1945	12	20	15	0	0	999.80	
1945	12	20	18	0	0	1001.40	
1945	12	20	21	0	0	1002.60	
1945	12	21	0	0	0	1003.00	
1945	12	21	3	0	0	1002.80	
1945	12	21	6	0	0	1002.60	
1945	12	21	9	0	0	1002.80	
1945	12	21	12	0	0	1002.00	
1945	12	21	15	0	0	1001.30	
1945	12	21	18	0	0	1000.90	
1945	12	21	21	0	0	1000.30	
1945	12	22	0	0	0	999.70	
1945	12	22	3	0	0	998.00	
1945	12	22	6	0	0	997.00	
1945	12	22	9	0	0	995.60	
1945	12	22	12	0	0	994.00	
1945	12	22	15	0	0	991.00	
1945	12	22	18	0	0	989.20	
1945	12	22	21	0	0	987.70	
1945	12	23	0	0	0	985.90	
1945	12	23	3	0	0	984.50	
1945	12	23	6	0	0	985.90	
1945	12	23	9	0	0	987.60	
1945	12	23	12	0	0	988.80	
1945	12	23	15	0	0	988.80	
1945	12	23	18	0	0	988.20	
1945	12	23	21	0	0	985.90	
1945	12	24	0	0	0	984.30	
1945	12	24	3	0	0	980.80	
1945	12	24	6	0	0	976.60	
1945	12	24	9	0	0	975.70	
1945	12	24	12	0	0	975.10	
1945	12	24	15	0	0	977.30	
1945	12	24	18	0	0	978.50	
1945	12	24	21	0	0	976.90	
1945	12	25	0	0	0	978.70	
1945	12	25	3	0	0	980.20	
1945	12	25	6	0	0	983.60	
1945	12	25	9	0	0	986.70	
1945	12	25	12	0	0	988.90	
1945	12	25	15	0	0	992.00	
1945	12	25	18	0	0	995.20	
1945	12	25	21	0	0	998.30	
1945	12	26	0	0	0	1000.70	
1945	12	26	3	0	0	1002.10	
1945	12	26	6	0	0	1003.50	
1945	12	26	9	0	0	1006.50	
1945	12	26	12	0	0	1006.70	
1945	12	26	15	0	0	1006.40	
1945	12	26	18	0	0	1005.80	
1945	12	26	21	0	0	1001.70	
1945	12	27	0	0	0	998.30	
1945	12	27	3	0	0	997.40	
1945	12	27	6	0	0	999.20	
1945	12	27	9	0	0	1001.90	
1945	12	27	12	0	0	1004.10	
1945	12	27	15	0	0	1004.90	
1945	12	27	18	0	0	1005.30	
1945	12	27	21	0	0	1005.10	
1945	12	28	0	0	0	1004.10	
1945	12	28	3	0	0	1001.50	
1945	12	28	6	0	0	998.10	
1945	12	28	9	0	0	997.60	
1945	12	28	12	0	0	997.20	
1945	12	28	15	0	0	997.70	
1945	12	28	18	0	0	999.50	
1945	12	28	21	0	0	1000.40	
1945	12	29	0	0	0	1000.60	
1945	12	29	3	0	0	1000.70	
1945	12	29	6	0	0	1000.90	
1945	12	29	9	0	0	1002.10	
1945	12	29	12	0	0	1003.90	
1945	12	29	15	0	0	1006.30	
1945	12	29	18	0	0	1008.90	
1945	12	29	21	0	0	1010.90	
1945	12	30	0	0	0	1012.50	
1945	12	30	3	0	0	1014.00	
1945	12	30	6	0	0	1015.40	
1945	12	30	9	0	0	1017.70	
1945	12	30	12	0	0	1018.90	
1945	12	30	15	0	0	1019.70	
1945	12	30	18	0	0	1021.10	
1945	12	30	21	0	0	1021.70	
1945	12	31	0	0	0	1022.30	
1945	12	31	3	0	0	1022.80	
1945	12	31	6	0	0	1022.80	
1945	12	31	9	0	0	1023.60	
1945	12	31	12	0	0	1023.80	
1945	12	31	15	0	0	1023.20	
1945	12	31	18	0	0	1023.80	
1945	12	31	21	0	0	1023.70	
1946	1	1	0	0	0	1024.30	
1946	1	1	3	0	0	1024.60	
1946	1	1	6	0	0	1024.80	
1946	1	1	9	0	0	1025.80	
1946	1	1	12	0	0	1026.40	
1946	1	1	15	0	0	1026.80	
1946	1	1	18	0	0	1027.80	
1946	1	1	21	0	0	1029.50	
1946	1	2	0	0	0	1030.90	
1946	1	2	3	0	0	1031.80	
1946	1	2	6	0	0	1032.40	
1946	1	2	9	0	0	1034.10	
1946	1	2	12	0	0	1035.10	
1946	1	2	15	0	0	1025.20	
1946	1	2	18	0	0	1025.80	
1946	1	2	21	0	0	1035.90	
1946	1	3	0	0	0	1036.10	
1946	1	3	3	0	0	1035.80	
1946	1	3	6	0	0	1035.20	
1946	1	3	9	0	0	1034.80	
1946	1	3	12	0	0	1034.20	
1946	1	3	15	0	0	1020.50	
1946	1	3	18	0	0	1018.70	
1946	1	3	21	0	0	1028.40	
1946	1	4	0	0	0	1027.20	
1946	1	4	3	0	0	1024.10	
1946	1	4	6	0	0	1022.30	
1946	1	4	9	0	0	1021.10	
1946	1	4	12	0	0	1018.90	
1946	1	4	15	0	0	1016.20	
1946	1	4	18	0	0	1014.00	
1946	1	4	21	0	0	1012.90	
1946	1	5	0	0	0	1012.30	
1946	1	5	3	0	0	1012.00	
1946	1	5	6	0	0	1012.20	
1946	1	5	9	0	0	1014.70	
1946	1	5	12	0	0	1015.90	
1946	1	5	15	0	0	1015.70	
1946	1	5	18	0	0	1015.50	
1946	1	5	21	0	0	1015.40	
1946	1	6	0	0	0	1015.20	
1946	1	6	3	0	0	1015.40	
1946	1	6	6	0	0	1015.20	
1946	1	6	9	0	0	1016.60	
1946	1	6	12	0	0	1017.60	
1946	1	6	15	0	0	1019.70	
1946	1	6	18	0	0	1018.70	
1946	1	6	21	0	0	1019.40	
1946	1	7	0	0	0	1019.40	
1946	1	7	3	0	0	1016.80	
1946	1	7	6	0	0	1016.20	
1946	1	7	9	0	0	1015.00	
1946	1	7	12	0	0	1014.60	
1946	1	7	15	0	0	1012.50	
1946	1	7	18	0	0	1013.30	
1946	1	7	21	0	0	1013.50	
1946	1	8	0	0	0	1012.50	
1946	1	8	3	0	0	1010.60	
1946	1	8	6	0	0	1008.00	
1946	1	8	9	0	0	1004.90	
1946	1	8	12	0	0	1001.90	
1946	1	8	15	0	0	1001.40	
1946	1	8	18	0	0	1003.60	
1946	1	8	21	0	0	1004.60	
1946	1	9	0	0	0	1004.80	
1946	1	9	3	0	0	1004.20	
1946	1	9	6	0	0	1000.40	
1946	1	9	9	0	0	992.70	
1946	1	9	12	0	0	992.30	
1946	1	9	15	0	0	986.70	
1946	1	9	18	0	0	978.90	
1946	1	9	21	0	0	976.60	
1946	1	10	0	0	0	977.20	
1946	1	10	3	0	0	981.90	
1946	1	10	6	0	0	984.90	
1946	1	10	9	0	0	991.60	
1946	1	10	12	0	0	995.40	
1946	1	10	15	0	0	997.70	
1946	1	10	18	0	0	999.90	
1946	1	10	21	0	0	999.10	
1946	1	11	0	0	0	998.50	
1946	1	11	3	0	0	998.90	
1946	1	11	6	0	0	999.10	
1946	1	11	9	0	0	998.40	
1946	1	11	12	0	0	996.60	
1946	1	11	15	0	0	997.00	
1946	1	11	18	0	0	996.40	
1946	1	11	21	0	0	996.50	
1946	1	12	0	0	0	995.50	
1946	1	12	3	0	0	997.40	
1946	1	12	6	0	0	998.40	
1946	1	12	9	0	0	1001.80	
1946	1	12	12	0	0	1007.20	
1946	1	12	15	0	0	1011.50	
1946	1	12	18	0	0	1015.70	
1946	1	12	21	0	0	1018.80	
1946	1	13	0	0	0	1021.20	
1946	1	13	3	0	0	1023.90	
1946	1	13	6	0	0	1026.50	
1946	1	13	9	0	0	1029.50	
1946	1	13	12	0	0	1032.50	
1946	1	13	15	0	0	1034.10	
1946	1	13	18	0	0	1037.10	
1946	1	13	21	0	0	1039.00	
1946	1	14	0	0	0	1040.40	
1946	1	14	3	0	0	1041.80	
1946	1	14	6	0	0	1042.40	
1946	1	14	9	0	0	1043.90	
1946	1	14	12	0	0	1043.90	
1946	1	14	15	0	0	1043.60	
1946	1	14	18	0	0	1044.60	
1946	1	14	21	0	0	1045.40	
1946	1	15	0	0	0	1046.00	
1946	1	15	3	0	0	1045.90	
1946	1	15	6	0	0	1045.70	
1946	1	15	9	0	0	1046.60	
1946	1	15	12	0	0	1046.60	
1946	1	15	15	0	0	1046.60	
1946	1	15	18	0	0	1047.20	
1946	1	15	21	0	0	1047.40	
1946	1	16	0	0	0	1047.20	
1946	1	16	3	0	0	1046.60	
1946	1	16	6	0	0	1045.40	
1946	1	16	9	0	0	1044.60	
1946	1	16	12	0	0	1043.20	
1946	1	16	15	0	0	1042.20	
1946	1	16	18	0	0	1041.40	
1946	1	16	21	0	0	1040.70	
1946	1	17	0	0	0	1039.70	
1946	1	17	3	0	0	1038.70	
1946	1	17	6	0	0	1037.30	
1946	1	17	9	0	0	1036.90	
1946	1	17	12	0	0	1035.50	
1946	1	17	15	0	0	1034.10	
1946	1	17	18	0	0	1032.70	
1946	1	17	21	0	0	1029.00	
1946	1	18	0	0	0	1026.40	
1946	1	18	3	0	0	1026.00	
1946	1	18	6	0	0	1022.60	
1946	1	18	9	0	0	1019.60	
1946	1	18	12	0	0	1016.20	
1946	1	18	15	0	0	1016.40	
1946	1	18	18	0	0	1017.60	
1946	1	18	21	0	0	1017.50	
1946	1	19	0	0	0	1014.90	
1946	1	19	3	0	0	1013.60	
1946	1	19	6	0	0	1012.80	
1946	1	19	9	0	0	1015.50	
1946	1	19	12	0	0	1016.50	
1946	1	19	15	0	0	1017.60	
1946	1	19	18	0	0	1020.20	
1946	1	19	21	0	0	1021.40	
1946	1	20	0	0	0	1022.40	
1946	1	20	3	0	0	1023.10	
1946	1	20	6	0	0	1023.30	
1946	1	20	9	0	0	1023.40	
1946	1	20	12	0	0	1024.80	
1946	1	20	15	0	0	1024.70	
1946	1	20	18	0	0	1024.90	
1946	1	20	21	0	0	1025.90	
1946	1	21	0	0	0	1026.50	
1946	1	21	3	0	0	1027.70	
1946	1	21	6	0	0	1029.10	
1946	1	21	9	0	0	1030.20	
1946	1	21	12	0	0	1030.20	
1946	1	21	15	0	0	1029.70	
1946	1	21	18	0	0	1029.10	
1946	1	21	21	0	0	1028.80	
1946	1	22	0	0	0	1027.80	
1946	1	22	3	0	0	1027.20	
1946	1	22	6	0	0	1026.00	
1946	1	22	9	0	0	1024.80	
1946	1	22	12	0	0	1022.80	
1946	1	22	15	0	0	1019.90	
1946	1	22	18	0	0	1017.90	
1946	1	22	21	0	0	1015.40	
1946	1	23	0	0	0	1012.80	
1946	1	23	3	0	0	1011.70	
1946	1	23	6	0	0	1011.30	
1946	1	23	9	0	0	1011.00	
1946	1	23	12	0	0	1012.40	
1946	1	23	15	0	0	1014.80	
1946	1	23	18	0	0	1017.00	
1946	1	23	21	0	0	1019.30	
1946	1	24	0	0	0	1021.10	
1946	1	24	3	0	0	1022.60	
1946	1	24	6	0	0	1023.20	
1946	1	24	9	0	0	1024.10	
1946	1	24	12	0	0	1023.10	
1946	1	24	15	0	0	1021.20	
1946	1	24	18	0	0	1019.80	
1946	1	24	21	0	0	1018.50	
1946	1	25	0	0	0	1017.50	
1946	1	25	3	0	0	1016.60	
1946	1	25	6	0	0	1016.00	
1946	1	25	9	0	0	1016.30	
1946	1	25	12	0	0	1016.10	
1946	1	25	15	0	0	1014.40	
1946	1	25	18	0	0	1013.40	
1946	1	25	21	0	0	1013.20	
1946	1	26	0	0	0	1012.20	
1946	1	26	3	0	0	1010.80	
1946	1	26	6	0	0	1009.00	
1946	1	26	9	0	0	1008.70	
1946	1	26	12	0	0	1008.90	
1946	1	26	15	0	0	1008.90	
1946	1	26	18	0	0	1009.50	
1946	1	26	21	0	0	1010.40	
1946	1	27	0	0	0	1011.00	
1946	1	27	3	0	0	1011.40	
1946	1	27	6	0	0	1011.60	
1946	1	27	9	0	0	1012.30	
1946	1	27	12	0	0	1012.70	
1946	1	27	15	0	0	1012.60	
1946	1	27	18	0	0	1012.80	
1946	1	27	21	0	0	1013.40	
1946	1	28	0	0	0	1012.80	
1946	1	28	3	0	0	1010.70	
1946	1	28	6	0	0	1010.10	
1946	1	28	9	0	0	1009.70	
1946	1	28	12	0	0	1007.70	
1946	1	28	15	0	0	1001.90	
1946	1	28	18	0	0	997.50	
1946	1	28	21	0	0	996.60	
1946	1	29	0	0	0	994.80	
1946	1	29	3	0	0	992.70	
1946	1	29	6	0	0	994.10	
1946	1	29	9	0	0	996.80	
1946	1	29	12	0	0	997.40	
1946	1	29	15	0	0	996.50	
1946	1	29	18	0	0	990.10	
1946	1	29	21	0	0	981.00	
1946	1	30	0	0	0	980.00	
1946	1	30	3	0	0	984.90	
1946	1	30	6	0	0	988.70	
1946	1	30	9	0	0	991.20	
1946	1	30	12	0	0	991.80	
1946	1	30	15	0	0	993.60	
1946	1	30	18	0	0	994.20	
1946	1	30	21	0	0	998.00	
1946	1	31	0	0	0	1001.40	
1946	1	31	3	0	0	1003.80	
1946	1	31	6	0	0	1005.20	
1946	1	31	9	0	0	1006.00	
1946	1	31	12	0	0	1007.00	
1946	1	31	15	0	0	1004.30	
1946	1	31	18	0	0	999.70	
1946	1	31	21	0	0	995.50	
1946	2	1	0	0	0	993.70	
1946	2	1	3	0	0	992.60	
1946	2	1	6	0	0	992.40	
1946	2	1	9	0	0	992.10	
1946	2	1	12	0	0	991.50	
1946	2	1	15	0	0	990.70	
1946	2	1	18	0	0	990.50	
1946	2	1	21	0	0	989.90	
1946	2	2	0	0	0	988.70	
1946	2	2	3	0	0	987.60	
1946	2	2	6	0	0	984.20	
1946	2	2	9	0	0	983.90	
1946	2	2	12	0	0	984.30	
1946	2	2	15	0	0	984.50	
1946	2	2	18	0	0	987.70	
1946	2	2	21	0	0	991.20	
1946	2	3	0	0	0	995.20	
1946	2	3	3	0	0	996.30	
1946	2	3	6	0	0	995.70	
1946	2	3	9	0	0	993.10	
1946	2	3	12	0	0	992.10	
1946	2	3	15	0	0	990.20	
1946	2	3	18	0	0	988.00	
1946	2	3	21	0	0	989.10	
1946	2	4	0	0	0	992.10	
1946	2	4	3	0	0	994.30	
1946	2	4	6	0	0	994.50	
1946	2	4	9	0	0	994.10	
1946	2	4	12	0	0	992.90	
1946	2	4	15	0	0	992.30	
1946	2	4	18	0	0	993.90	
1946	2	4	21	0	0	993.90	
1946	2	5	0	0	0	995.50	
1946	2	5	3	0	0	996.70	
1946	2	5	6	0	0	998.30	
1946	2	5	9	0	0	1000.60	
1946	2	5	12	0	0	1002.40	
1946	2	5	15	0	0	1005.80	
1946	2	5	18	0	0	1009.20	
1946	2	5	21	0	0	1011.40	
1946	2	6	0	0	0	1013.20	
1946	2	6	3	0	0	1013.10	
1946	2	6	6	0	0	1011.50	
1946	2	6	9	0	0	1009.00	
1946	2	6	12	0	0	1008.80	
1946	2	6	15	0	0	1010.80	
1946	2	6	18	0	0	1014.00	
1946	2	6	21	0	0	1014.20	
1946	2	7	0	0	0	1013.80	
1946	2	7	3	0	0	1011.60	
1946	2	7	6	0	0	1009.40	
1946	2	7	9	0	0	1007.10	
1946	2	7	12	0	0	1005.50	
1946	2	7	15	0	0	1005.20	
1946	2	7	18	0	0	1005.80	
1946	2	7	21	0	0	1005.20	
1946	2	8	0	0	0	1004.60	
1946	2	8	3	0	0	1003.10	
1946	2	8	6	0	0	1001.50	
1946	2	8	9	0	0	1000.10	
1946	2	8	12	0	0	998.90	
1946	2	8	15	0	0	994.00	
1946	2	8	18	0	0	992.00	
1946	2	8	21	0	0	995.00	
1946	2	9	0	0	0	1001.00	
1946	2	9	3	0	0	1004.60	
1946	2	9	6	0	0	1008.40	
1946	2	9	9	0	0	1013.40	
1946	2	9	12	0	0	1016.00	
1946	2	9	15	0	0	1017.30	
1946	2	9	18	0	0	1018.70	
1946	2	9	21	0	0	1017.10	
1946	2	10	0	0	0	1015.10	
1946	2	10	3	0	0	1015.10	
1946	2	10	6	0	0	1015.50	
1946	2	10	9	0	0	1016.60	
1946	2	10	12	0	0	1015.80	
1946	2	10	15	0	0	1016.50	
1946	2	10	18	0	0	1016.50	
1946	2	10	21	0	0	1015.60	
1946	2	11	0	0	0	1016.60	
1946	2	11	3	0	0	1017.90	
1946	2	11	6	0	0	1017.90	
1946	2	11	9	0	0	1019.20	
1946	2	11	12	0	0	1020.40	
1946	2	11	15	0	0	1019.00	
1946	2	11	18	0	0	1020.20	
1946	2	11	21	0	0	1020.50	
1946	2	12	0	0	0	1021.10	
1946	2	12	3	0	0	1021.00	
1946	2	12	6	0	0	1022.60	
1946	2	12	9	0	0	1024.60	
1946	2	12	12	0	0	1026.00	
1946	2	12	15	0	0	1025.90	
1946	2	12	18	0	0	1026.30	
1946	2	12	21	0	0	1026.80	
1946	2	13	0	0	0	1027.40	
1946	2	13	3	0	0	1027.50	
1946	2	13	6	0	0	1027.70	
1946	2	13	9	0	0	1029.20	
1946	2	13	12	0	0	1030.20	
1946	2	13	15	0	0	1030.70	
1946	2	13	18	0	0	1032.10	
1946	2	13	21	0	0	1033.00	
1946	2	14	0	0	0	1034.00	
1946	2	14	3	0	0	1034.60	
1946	2	14	6	0	0	1035.20	
1946	2	14	9	0	0	1036.60	
1946	2	14	12	0	0	1037.00	
1946	2	14	15	0	0	1036.80	
1946	2	14	18	0	0	1037.40	
1946	2	14	21	0	0	1038.70	
1946	2	15	0	0	0	1039.10	
1946	2	15	3	0	0	1039.00	
1946	2	15	6	0	0	1038.20	
1946	2	15	9	0	0	1038.90	
1946	2	15	12	0	0	1038.70	
1946	2	15	15	0	0	1037.70	
1946	2	15	18	0	0	1038.50	
1946	2	15	21	0	0	1037.60	
1946	2	16	0	0	0	1036.00	
1946	2	16	3	0	0	1033.20	
1946	2	16	6	0	0	1031.20	
1946	2	16	9	0	0	1030.50	
1946	2	16	12	0	0	1029.90	
1946	2	16	15	0	0	1029.30	
1946	2	16	18	0	0	1031.30	
1946	2	16	21	0	0	1032.70	
1946	2	17	0	0	0	1032.70	
1946	2	17	3	0	0	1032.50	
1946	2	17	6	0	0	1033.10	
1946	2	17	9	0	0	1033.20	
1946	2	17	12	0	0	1031.40	
1946	2	17	15	0	0	1029.70	
1946	2	17	18	0	0	1026.30	
1946	2	17	21	0	0	1025.20	
1946	2	18	0	0	0	1024.20	
1946	2	18	3	0	0	1022.80	
1946	2	18	6	0	0	1021.80	
1946	2	18	9	0	0	1022.90	
1946	2	18	12	0	0	1023.30	
1946	2	18	15	0	0	1023.10	
1946	2	18	18	0	0	1022.50	
1946	2	18	21	0	0	1021.30	
1946	2	19	0	0	0	1018.90	
1946	2	19	3	0	0	1016.80	
1946	2	19	6	0	0	1014.20	
1946	2	19	9	0	0	1013.20	
1946	2	19	12	0	0	1012.20	
1946	2	19	15	0	0	1011.10	
1946	2	19	18	0	0	1010.50	
1946	2	19	21	0	0	1009.20	
1946	2	20	0	0	0	1006.80	
1946	2	20	3	0	0	1005.30	
1946	2	20	6	0	0	1005.10	
1946	2	20	9	0	0	1004.60	
1946	2	20	12	0	0	1004.60	
1946	2	20	15	0	0	1007.50	
1946	2	20	18	0	0	1009.90	
1946	2	20	21	0	0	1012.20	
1946	2	21	0	0	0	1014.20	
1946	2	21	3	0	0	1015.70	
1946	2	21	6	0	0	1017.30	
1946	2	21	9	0	0	1019.50	
1946	2	21	12	0	0	1019.50	
1946	2	21	15	0	0	1020.30	
1946	2	21	18	0	0	1021.30	
1946	2	21	21	0	0	1022.40	
1946	2	22	0	0	0	1022.20	
1946	2	22	3	0	0	1020.00	
1946	2	22	6	0	0	1016.60	
1946	2	22	9	0	0	1014.10	
1946	2	22	12	0	0	1013.30	
1946	2	22	15	0	0	1011.90	
1946	2	22	18	0	0	1011.10	
1946	2	22	21	0	0	1003.00	
1946	2	23	0	0	0	999.60	
1946	2	23	3	0	0	987.60	
1946	2	23	6	0	0	987.00	
1946	2	23	9	0	0	985.50	
1946	2	23	12	0	0	991.50	
1946	2	23	15	0	0	997.10	
1946	2	23	18	0	0	1001.30	
1946	2	23	21	0	0	1005.00	
1946	2	24	0	0	0	1007.40	
1946	2	24	3	0	0	1009.10	
1946	2	24	6	0	0	1009.50	
1946	2	24	9	0	0	1009.90	
1946	2	24	12	0	0	1009.70	
1946	2	24	15	0	0	1010.20	
1946	2	24	18	0	0	1011.60	
1946	2	24	21	0	0	1012.10	
1946	2	25	0	0	0	1012.30	
1946	2	25	3	0	0	1012.30	
1946	2	25	6	0	0	1012.30	
1946	2	25	9	0	0	1013.30	
1946	2	25	12	0	0	1012.70	
1946	2	25	15	0	0	1011.50	
1946	2	25	18	0	0	1012.10	
1946	2	25	21	0	0	1012.80	
1946	2	26	0	0	0	1013.40	
1946	2	26	3	0	0	1013.20	
1946	2	26	6	0	0	1013.40	
1946	2	26	9	0	0	1014.10	
1946	2	26	12	0	0	1013.90	
1946	2	26	15	0	0	1013.80	
1946	2	26	18	0	0	1014.20	
1946	2	26	21	0	0	1014.20	
1946	2	27	0	0	0	1013.20	
1946	2	27	3	0	0	1012.40	
1946	2	27	6	0	0	1011.40	
1946	2	27	9	0	0	1011.20	
1946	2	27	12	0	0	1010.20	
1946	2	27	15	0	0	1007.90	
1946	2	27	18	0	0	1007.50	
1946	2	27	21	0	0	1007.20	
1946	2	28	0	0	0	1006.20	
1946	2	28	3	0	0	1005.50	
1946	2	28	6	0	0	1004.90	
1946	2	28	9	0	0	1005.50	
1946	2	28	12	0	0	1006.10	
1946	2	28	15	0	0	1005.90	
1946	2	28	18	0	0	1007.70	
1946	2	28	21	0	0	1009.00	
1946	3	1	0	0	0	1010.20	
1946	3	1	3	0	0	1010.90	
1946	3	1	6	0	0	1011.70	
1946	3	1	9	0	0	1012.70	
1946	3	1	12	0	0	1013.10	
1946	3	1	15	0	0	1013.90	
1946	3	1	18	0	0	1014.50	
1946	3	1	21	0	0	1015.60	
1946	3	2	0	0	0	1015.40	
1946	3	2	3	0	0	1014.40	
1946	3	2	6	0	0	1014.40	
1946	3	2	9	0	0	1014.40	
1946	3	2	12	0	0	1013.40	
1946	3	2	15	0	0	1012.30	
1946	3	2	18	0	0	1011.70	
1946	3	2	21	0	0	1010.90	
1946	3	3	0	0	0	1009.10	
1946	3	3	3	0	0	1006.40	
1946	3	3	6	0	0	1004.20	
1946	3	3	9	0	0	1002.70	
1946	3	3	12	0	0	1002.10	
1946	3	3	15	0	0	1002.40	
1946	3	3	18	0	0	1002.80	
1946	3	3	21	0	0	1003.50	
1946	3	4	0	0	0	1004.30	
1946	3	4	3	0	0	1005.20	
1946	3	4	6	0	0	1006.00	
1946	3	4	9	0	0	1008.00	
1946	3	4	12	0	0	1007.20	
1946	3	4	15	0	0	1006.80	
1946	3	4	18	0	0	1007.40	
1946	3	4	21	0	0	1008.60	
1946	3	5	0	0	0	1010.20	
1946	3	5	3	0	0	1011.40	
1946	3	5	6	0	0	1012.40	
1946	3	5	9	0	0	1014.40	
1946	3	5	12	0	0	1015.80	
1946	3	5	15	0	0	1015.30	
1946	3	5	18	0	0	1017.10	
1946	3	5	21	0	0	1018.20	
1946	3	6	0	0	0	1018.80	
1946	3	6	3	0	0	1018.60	
1946	3	6	6	0	0	1019.00	
1946	3	6	9	0	0	1019.40	
1946	3	6	12	0	0	1019.40	
1946	3	6	15	0	0	1019.50	
1946	3	6	18	0	0	1019.70	
1946	3	6	21	0	0	1020.00	
1946	3	7	0	0	0	1019.80	
1946	3	7	3	0	0	1019.30	
1946	3	7	6	0	0	1019.10	
1946	3	7	9	0	0	1019.10	
1946	3	7	12	0	0	1017.70	
1946	3	7	15	0	0	1016.40	
1946	3	7	18	0	0	1015.40	
1946	3	7	21	0	0	1014.70	
1946	3	8	0	0	0	1013.70	
1946	3	8	3	0	0	1011.80	
1946	3	8	6	0	0	1010.80	
1946	3	8	9	0	0	1010.90	
1946	3	8	12	0	0	1010.30	
1946	3	8	15	0	0	1009.70	
1946	3	8	18	0	0	1009.90	
1946	3	8	21	0	0	1010.90	
1946	3	9	0	0	0	1011.10	
1946	3	9	3	0	0	1011.30	
1946	3	9	6	0	0	1011.70	
1946	3	9	9	0	0	1010.10	
1946	3	9	12	0	0	1010.30	
1946	3	9	15	0	0	1012.70	
1946	3	9	18	0	0	1013.70	
1946	3	9	21	0	0	1015.20	
1946	3	10	0	0	0	1016.20	
1946	3	10	3	0	0	1016.60	
1946	3	10	6	0	0	1017.00	
1946	3	10	9	0	0	1018.00	
1946	3	10	12	0	0	1018.00	
1946	3	10	15	0	0	1017.20	
1946	3	10	18	0	0	1018.20	
1946	3	11	3	0	0	1019.00	
1946	3	11	6	0	0	1018.40	
1946	3	11	9	0	0	1017.70	
1946	3	11	12	0	0	1015.90	
1946	3	11	15	0	0	1013.80	
1946	3	11	18	0	0	1012.60	
1946	3	11	21	0	0	1011.50	
1946	3	12	0	0	0	1010.10	
1946	3	12	3	0	0	1008.40	
1946	3	12	6	0	0	1007.40	
1946	3	12	9	0	0	1006.90	
1946	3	12	12	0	0	1005.90	
1946	3	12	15	0	0	1004.10	
1946	3	12	18	0	0	1004.30	
1946	3	12	21	0	0	1004.50	
1946	3	13	0	0	0	1005.10	
1946	3	13	3	0	0	1005.40	
1946	3	13	6	0	0	1006.00	
1946	3	13	9	0	0	1007.90	
1946	3	13	12	0	0	1008.50	
1946	3	13	15	0	0	1009.10	
1946	3	13	18	0	0	1010.10	
1946	3	13	21	0	0	1011.20	
1946	3	14	0	0	0	1011.40	
1946	3	14	3	0	0	1011.50	
1946	3	14	6	0	0	1011.30	
1946	3	14	9	0	0	1012.60	
1946	3	14	12	0	0	1013.00	
1946	3	14	15	0	0	1013.50	
1946	3	14	18	0	0	1015.50	
1946	3	14	21	0	0	1016.70	
1946	3	15	0	0	0	1016.90	
1946	3	15	3	0	0	1017.30	
1946	3	15	6	0	0	1017.70	
1946	3	15	9	0	0	1019.50	
1946	3	15	12	0	0	1019.90	
1946	3	15	15	0	0	1020.40	
1946	3	15	18	0	0	1022.40	
1946	3	15	21	0	0	1024.30	
1946	3	16	0	0	0	1025.70	
1946	3	16	3	0	0	1026.40	
1946	3	16	6	0	0	1027.80	
1946	3	16	9	0	0	1029.60	
1946	3	16	12	0	0	1030.60	
1946	3	16	15	0	0	1030.30	
1946	3	16	18	0	0	1030.30	
1946	3	16	21	0	0	1030.60	
1946	3	17	0	0	0	1030.20	
1946	3	17	3	0	0	1028.80	
1946	3	17	6	0	0	1028.00	
1946	3	17	9	0	0	1027.20	
1946	3	17	12	0	0	1026.20	
1946	3	17	15	0	0	1024.70	
1946	3	17	18	0	0	1023.10	
1946	3	17	21	0	0	1021.90	
1946	3	18	0	0	0	1021.30	
1946	3	18	3	0	0	1019.70	
1946	3	18	6	0	0	1019.10	
1946	3	18	9	0	0	1019.70	
1946	3	18	12	0	0	1019.30	
1946	3	18	15	0	0	1018.50	
1946	3	18	18	0	0	1018.90	
1946	3	18	21	0	0	1018.80	
1946	3	19	0	0	0	1019.00	
1946	3	19	3	0	0	1019.00	
1946	3	19	6	0	0	1018.20	
1946	3	19	9	0	0	1018.90	
1946	3	19	12	0	0	1018.10	
1946	3	19	15	0	0	1017.40	
1946	3	19	18	0	0	1017.60	
1946	3	19	21	0	0	1018.40	
1946	3	20	0	0	0	1017.60	
1946	3	20	3	0	0	1015.60	
1946	3	20	6	0	0	1013.60	
1946	3	20	9	0	0	1012.00	
1946	3	20	12	0	0	1010.60	
1946	3	20	15	0	0	1009.00	
1946	3	20	18	0	0	1007.20	
1946	3	20	21	0	0	1007.40	
1946	3	21	0	0	0	1007.60	
1946	3	21	3	0	0	1008.20	
1946	3	21	6	0	0	1009.40	
1946	3	21	9	0	0	1011.60	
1946	3	21	12	0	0	1013.20	
1946	3	21	15	0	0	1013.50	
1946	3	21	18	0	0	1012.90	
1946	3	21	21	0	0	1009.50	
1946	3	22	0	0	0	1007.90	
1946	3	22	3	0	0	1003.50	
1946	3	22	6	0	0	1000.10	
1946	3	22	9	0	0	998.90	
1946	3	22	12	0	0	998.90	
1946	3	22	15	0	0	998.30	
1946	3	22	18	0	0	1000.50	
1946	3	22	21	0	0	1003.30	
1946	3	23	0	0	0	1007.10	
1946	3	23	3	0	0	1008.20	
1946	3	23	6	0	0	1008.20	
1946	3	23	9	0	0	1008.10	
1946	3	23	12	0	0	1009.70	
1946	3	23	15	0	0	1012.40	
1946	3	23	18	0	0	1014.60	
1946	3	23	21	0	0	1015.70	
1946	3	24	0	0	0	1015.90	
1946	3	24	3	0	0	1015.50	
1946	3	24	6	0	0	1015.50	
1946	3	24	9	0	0	1016.00	
1946	3	24	12	0	0	1015.80	
1946	3	24	15	0	0	1015.40	
1946	3	24	18	0	0	1016.00	
1946	3	24	21	0	0	1017.00	
1946	3	25	0	0	0	1018.00	
1946	3	25	3	0	0	1018.70	
1946	3	25	6	0	0	1020.30	
1946	3	25	9	0	0	1021.70	
1946	3	25	12	0	0	1021.90	
1946	3	25	15	0	0	1022.50	
1946	3	25	18	0	0	1023.50	
1946	3	25	21	0	0	1023.70	
1946	3	26	0	0	0	1024.10	
1946	3	26	3	0	0	1024.30	
1946	3	26	6	0	0	1024.50	
1946	3	26	9	0	0	1025.70	
1946	3	26	12	0	0	1025.70	
1946	3	26	15	0	0	1025.20	
1946	3	26	18	0	0	1026.20	
1946	3	26	21	0	0	1027.80	
1946	3	27	0	0	0	1028.40	
1946	3	27	3	0	0	1028.10	
1946	3	27	6	0	0	1028.70	
1946	3	27	9	0	0	1029.10	
1946	3	27	12	0	0	1028.70	
1946	3	27	15	0	0	1027.30	
1946	3	27	18	0	0	1027.70	
1946	3	27	21	0	0	1028.80	
1946	3	28	0	0	0	1028.80	
1946	3	28	3	0	0	1028.40	
1946	3	28	6	0	0	1028.20	
1946	3	28	9	0	0	1028.40	
1946	3	28	12	0	0	1027.20	
1946	3	28	15	0	0	1025.60	
1946	3	28	18	0	0	1024.20	
1946	3	28	21	0	0	1024.40	
1946	3	29	0	0	0	1024.20	
1946	3	29	3	0	0	1023.00	
1946	3	29	6	0	0	1022.80	
1946	3	29	9	0	0	1023.50	
1946	3	29	12	0	0	1023.70	
1946	3	29	15	0	0	1021.80	
1946	3	29	18	0	0	1022.20	
1946	3	29	21	0	0	1024.60	
1946	3	30	0	0	0	1025.60	
1946	3	30	3	0	0	1026.10	
1946	3	30	6	0	0	1027.50	
1946	3	30	9	0	0	1029.10	
1946	3	30	12	0	0	1028.90	
1946	3	30	15	0	0	1018.70	
1946	3	30	18	0	0	1019.30	
1946	3	30	21	0	0	1030.50	
1946	3	31	0	0	0	1030.90	
1946	3	31	3	0	0	1030.40	
1946	3	31	6	0	0	1029.80	
1946	3	31	9	0	0	1029.90	
1946	3	31	12	0	0	1028.50	
1946	3	31	15	0	0	1026.50	
1946	3	31	18	0	0	1025.90	
1946	3	31	21	0	0	1026.70	
1946	4	1	0	0	0	1026.50	
1946	4	1	3	0	0	1025.50	
1946	4	1	6	0	0	1025.70	
1946	4	1	9	0	0	1025.80	
1946	4	1	12	0	0	1024.40	
1946	4	1	15	0	0	1024.60	
1946	4	1	18	0	0	1023.00	
1946	4	1	21	0	0	1023.80	
1946	4	2	0	0	0	1024.40	
1946	4	2	3	0	0	1024.60	
1946	4	2	6	0	0	1024.80	
1946	4	2	9	0	0	1025.30	
1946	4	2	12	0	0	1024.10	
1946	4	2	15	0	0	1022.90	
1946	4	2	18	0	0	1022.90	
1946	4	2	21	0	0	1023.80	
1946	4	3	0	0	0	1023.60	
1946	4	3	3	0	0	1023.10	
1946	4	3	6	0	0	1023.30	
1946	4	3	9	0	0	1022.80	
1946	4	3	12	0	0	1021.00	
1946	4	3	15	0	0	1017.70	
1946	4	3	18	0	0	1016.30	
1946	4	3	21	0	0	1017.60	
1946	4	4	0	0	0	1017.40	
1946	4	4	3	0	0	1016.40	
1946	4	4	6	0	0	1015.80	
1946	4	4	9	0	0	1015.50	
1946	4	4	12	0	0	1014.90	
1946	4	4	15	0	0	1013.00	
1946	4	4	18	0	0	1012.00	
1946	4	4	21	0	0	1013.40	
1946	4	5	0	0	0	1014.40	
1946	4	5	3	0	0	1016.50	
1946	4	5	6	0	0	1018.90	
1946	4	5	9	0	0	1020.90	
1946	4	5	12	0	0	1022.90	
1946	4	5	15	0	0	1021.90	
1946	4	5	18	0	0	1024.10	
1946	4	5	21	0	0	1026.80	
1946	4	6	0	0	0	1028.80	
1946	4	6	3	0	0	1030.20	
1946	4	6	6	0	0	1031.80	
1946	4	6	9	0	0	1032.90	
1946	4	6	12	0	0	1032.50	
1946	4	6	15	0	0	1031.10	
1946	4	6	18	0	0	1031.30	
1946	4	6	21	0	0	1031.70	
1946	4	7	0	0	0	1030.70	
1946	4	7	3	0	0	1027.90	
1946	4	7	6	0	0	1026.30	
1946	4	7	9	0	0	1025.90	
1946	4	7	12	0	0	1025.30	
1946	4	7	15	0	0	1024.30	
1946	4	7	18	0	0	1022.90	
1946	4	7	21	0	0	1022.40	
1946	4	8	0	0	0	1019.80	
1946	4	8	3	0	0	1017.40	
1946	4	8	6	0	0	1016.20	
1946	4	8	9	0	0	1016.00	
1946	4	8	12	0	0	1015.80	
1946	4	8	15	0	0	1016.60	
1946	4	8	18	0	0	1017.60	
1946	4	8	21	0	0	1019.50	
1946	4	9	0	0	0	1021.30	
1946	4	9	3	0	0	1022.80	
1946	4	9	6	0	0	1025.00	
1946	4	9	9	0	0	1026.30	
1946	4	9	12	0	0	1027.30	
1946	4	9	15	0	0	1027.10	
1946	4	9	18	0	0	1027.70	
1946	4	9	21	0	0	1018.80	
1946	4	10	0	0	0	1020.20	
1946	4	10	3	0	0	1031.60	
1946	4	10	6	0	0	1032.60	
1946	4	10	9	0	0	1033.20	
1946	4	10	12	0	0	1033.00	
1946	4	10	15	0	0	1030.40	
1946	4	10	18	0	0	1029.40	
1946	4	10	21	0	0	1029.50	
1946	4	11	0	0	0	1028.30	
1946	4	11	3	0	0	1026.40	
1946	4	11	6	0	0	1023.20	
1946	4	11	9	0	0	1022.20	
1946	4	11	12	0	0	1020.40	
1946	4	11	15	0	0	1017.90	
1946	4	11	18	0	0	1016.90	
1946	4	11	21	0	0	1015.90	
1946	4	12	0	0	0	1015.10	
1946	4	12	3	0	0	1013.70	
1946	4	12	6	0	0	1012.90	
1946	4	12	9	0	0	1013.70	
1946	4	12	12	0	0	1013.90	
1946	4	12	15	0	0	1014.10	
1946	4	12	18	0	0	1015.50	
1946	4	13	0	0	0	1015.90	
1946	4	13	3	0	0	1015.70	
1946	4	13	6	0	0	1016.30	
1946	4	13	9	0	0	1016.90	
1946	4	13	12	0	0	1016.90	
1946	4	13	15	0	0	1016.70	
1946	4	13	18	0	0	1016.90	
1946	4	13	21	0	0	1018.00	
1946	4	14	0	0	0	1018.80	
1946	4	14	3	0	0	1018.70	
1946	4	14	6	0	0	1019.10	
1946	4	14	9	0	0	1019.00	
1946	4	14	12	0	0	1017.80	
1946	4	14	15	0	0	1016.40	
1946	4	14	18	0	0	1015.80	
1946	4	14	21	0	0	1016.60	
1946	4	15	0	0	0	1016.40	
1946	4	15	3	0	0	1016.10	
1946	4	15	6	0	0	1015.90	
1946	4	15	9	0	0	1015.60	
1946	4	15	12	0	0	1014.00	
1946	4	15	15	0	0	1012.80	
1946	4	15	18	0	0	1013.40	
1946	4	15	21	0	0	1015.30	
1946	4	16	0	0	0	1016.90	
1946	4	16	3	0	0	1017.70	
1946	4	16	6	0	0	1018.50	
1946	4	16	9	0	0	1017.90	
1946	4	16	12	0	0	1016.10	
1946	4	16	15	0	0	1013.30	
1946	4	16	18	0	0	1010.90	
1946	4	16	21	0	0	1010.10	
1946	4	17	0	0	0	1008.30	
1946	4	17	3	0	0	1005.70	
1946	4	17	6	0	0	1006.10	
1946	4	17	9	0	0	1009.40	
1946	4	17	12	0	0	1011.00	
1946	4	17	15	0	0	1011.60	
1946	4	17	18	0	0	1012.40	
1946	4	17	21	0	0	1015.10	
1946	4	18	0	0	0	1016.70	
1946	4	18	3	0	0	1018.40	
1946	4	18	6	0	0	1021.00	
1946	4	18	9	0	0	1023.80	
1946	4	18	12	0	0	1024.20	
1946	4	18	15	0	0	1023.90	
1946	4	18	18	0	0	1024.90	
1946	4	18	21	0	0	1027.60	
1946	4	19	0	0	0	1029.00	
1946	4	19	3	0	0	1029.80	
1946	4	19	6	0	0	1030.20	
1946	4	19	9	0	0	1029.10	
1946	4	19	12	0	0	1028.90	
1946	4	19	15	0	0	1027.60	
1946	4	19	18	0	0	1027.40	
1946	4	19	21	0	0	1028.00	
1946	4	20	0	0	0	1027.60	
1946	4	20	3	0	0	1026.10	
1946	4	20	6	0	0	1026.10	
1946	4	20	9	0	0	1026.50	
1946	4	20	12	0	0	1025.90	
1946	4	20	15	0	0	1025.00	
1946	4	20	18	0	0	1025.20	
1946	4	20	21	0	0	1026.50	
1946	4	21	0	0	0	1027.10	
1946	4	21	3	0	0	1027.70	
1946	4	21	6	0	0	1027.90	
1946	4	21	9	0	0	1028.30	
1946	4	21	12	0	0	1028.50	
1946	4	21	15	0	0	1027.90	
1946	4	21	18	0	0	1030.30	
1946	4	21	21	0	0	1032.00	
1946	4	22	0	0	0	1032.60	
1946	4	22	3	0	0	1032.30	
1946	4	22	6	0	0	1032.90	
1946	4	22	9	0	0	1032.70	
1946	4	22	12	0	0	1032.10	
1946	4	22	15	0	0	1030.10	
1946	4	22	18	0	0	1029.10	
1946	4	22	21	0	0	1027.80	
1946	4	23	0	0	0	1025.80	
1946	4	23	3	0	0	1022.00	
1946	4	23	6	0	0	1019.40	
1946	4	23	9	0	0	1017.30	
1946	4	23	12	0	0	1015.30	
1946	4	23	15	0	0	1013.90	
1946	4	23	18	0	0	1013.10	
1946	4	23	21	0	0	1012.80	
1946	4	24	0	0	0	1011.80	
1946	4	24	3	0	0	1010.00	
1946	4	24	6	0	0	1009.20	
1946	4	24	9	0	0	1008.50	
1946	4	24	12	0	0	1007.30	
1946	4	24	15	0	0	1005.90	
1946	4	24	18	0	0	1004.90	
1946	4	24	21	0	0	1003.80	
1946	4	25	0	0	0	1002.60	
1946	4	25	3	0	0	1000.80	
1946	4	25	6	0	0	998.60	
1946	4	25	9	0	0	997.70	
1946	4	25	12	0	0	996.70	
1946	4	25	18	0	0	995.10	
1946	4	25	21	0	0	996.80	
1946	4	26	0	0	0	998.20	
1946	4	26	3	0	0	998.60	
1946	4	26	6	0	0	1000.00	
1946	4	26	9	0	0	1002.00	
1946	4	26	12	0	0	1003.80	
1946	4	26	15	0	0	1005.40	
1946	4	26	18	0	0	1007.00	
1946	4	26	21	0	0	1009.50	
1946	4	27	0	0	0	1009.70	
1946	4	27	3	0	0	1009.10	
1946	4	27	6	0	0	1008.50	
1946	4	27	9	0	0	1010.20	
1946	4	27	12	0	0	1010.40	
1946	4	27	15	0	0	1010.80	
1946	4	27	18	0	0	1010.80	
1946	4	27	21	0	0	1011.40	
1946	4	28	0	0	0	1012.40	
1946	4	28	3	0	0	1012.00	
1946	4	28	6	0	0	1011.40	
1946	4	28	9	0	0	1010.40	
1946	4	28	12	0	0	1009.60	
1946	4	28	15	0	0	1008.50	
1946	4	28	18	0	0	1007.30	
1946	4	28	21	0	0	1007.10	
1946	4	29	0	0	0	1006.10	
1946	4	29	3	0	0	1004.20	
1946	4	29	6	0	0	1003.20	
1946	4	29	9	0	0	1003.60	
1946	4	29	12	0	0	1004.00	
1946	4	29	15	0	0	1004.40	
1946	4	29	18	0	0	1005.40	
1946	4	29	21	0	0	1007.60	
1946	4	30	0	0	0	1008.60	
1946	4	30	3	0	0	1009.30	
1946	4	30	6	0	0	1010.70	
1946	4	30	9	0	0	1012.40	
1946	4	30	12	0	0	1013.40	
1946	4	30	15	0	0	1014.20	
1946	4	30	18	0	0	1015.00	
1946	4	30	21	0	0	1016.80	
1946	5	1	0	0	0	1017.40	
1946	5	1	3	0	0	1017.40	
1946	5	1	6	0	0	1017.60	
1946	5	1	9	0	0	1018.30	
1946	5	1	12	0	0	1018.10	
1946	5	1	15	0	0	1017.70	
1946	5	1	18	0	0	1017.70	
1946	5	1	21	0	0	1018.60	
1946	5	2	0	0	0	1018.40	
1946	5	2	3	0	0	1017.50	
1946	5	2	6	0	0	1017.30	
1946	5	2	9	0	0	1017.70	
1946	5	2	12	0	0	1017.70	
1946	5	2	15	0	0	1017.30	
1946	5	2	18	0	0	1017.70	
1946	5	2	21	0	0	1019.50	
1946	5	3	0	0	0	1020.70	
1946	5	3	3	0	0	1021.10	
1946	5	3	6	0	0	1022.50	
1946	5	3	9	0	0	1023.90	
1946	5	3	12	0	0	1024.30	
1946	5	3	15	0	0	1024.20	
1946	5	3	18	0	0	1024.80	
1946	5	3	21	0	0	1027.20	
1946	5	4	0	0	0	1028.20	
1946	5	4	3	0	0	1028.50	
1946	5	4	6	0	0	1028.70	
1946	5	4	9	0	0	1028.90	
1946	5	4	12	0	0	1028.30	
1946	5	4	15	0	0	1026.10	
1946	5	4	18	0	0	1024.90	
1946	5	4	21	0	0	1024.50	
1946	5	5	0	0	0	1025.90	
1946	5	5	3	0	0	1026.50	
1946	5	5	6	0	0	1026.30	
1946	5	5	9	0	0	1026.60	
1946	5	5	12	0	0	1027.20	
1946	5	5	15	0	0	1027.40	
1946	5	5	18	0	0	1027.60	
1946	5	5	21	0	0	1027.60	
1946	5	6	0	0	0	1026.20	
1946	5	6	3	0	0	1026.00	
1946	5	6	6	0	0	1026.20	
1946	5	6	9	0	0	1026.30	
1946	5	6	12	0	0	1027.90	
1946	5	6	15	0	0	1028.30	
1946	5	6	18	0	0	1028.30	
1946	5	6	21	0	0	1028.30	
1946	5	7	0	0	0	1028.90	
1946	5	7	3	0	0	1028.00	
1946	5	7	6	0	0	1027.20	
1946	5	7	9	0	0	1026.90	
1946	5	7	12	0	0	1026.70	
1946	5	7	15	0	0	1025.30	
1946	5	7	18	0	0	1025.10	
1946	5	7	21	0	0	1025.50	
1946	5	8	0	0	0	1025.70	
1946	5	8	3	0	0	1025.20	
1946	5	8	6	0	0	1025.80	
1946	5	8	9	0	0	1026.10	
1946	5	8	12	0	0	1026.50	
1946	5	8	15	0	0	1027.30	
1946	5	8	18	0	0	1027.70	
1946	5	8	21	0	0	1028.20	
1946	5	9	0	0	0	1028.40	
1946	5	9	3	0	0	1027.80	
1946	5	9	6	0	0	1027.20	
1946	5	9	9	0	0	1026.90	
1946	5	9	12	0	0	1026.30	
1946	5	9	18	0	0	1025.40	
1946	5	9	21	0	0	1026.20	
1946	5	10	0	0	0	1026.40	
1946	5	10	3	0	0	1026.00	
1946	5	10	6	0	0	1025.80	
1946	5	10	9	0	0	1026.00	
1946	5	10	12	0	0	1025.60	
1946	5	10	15	0	0	1024.60	
1946	5	10	18	0	0	1024.60	
1946	5	10	21	0	0	1025.90	
1946	5	11	0	0	0	1026.10	
1946	5	11	9	0	0	1025.30	
1946	5	11	12	0	0	1025.10	
1946	5	11	15	0	0	1023.00	
1946	5	11	18	0	0	1022.00	
1946	5	11	21	0	0	1022.20	
1946	5	12	0	0	0	1021.60	
1946	5	12	3	0	0	1019.90	
1946	5	12	6	0	0	1018.90	
1946	5	12	9	0	0	1017.90	
1946	5	12	12	0	0	1016.30	
1946	5	12	15	0	0	1016.60	
1946	5	12	18	0	0	1017.00	
1946	5	12	21	0	0	1017.90	
1946	5	13	0	0	0	1017.70	
1946	5	13	3	0	0	1016.70	
1946	5	13	6	0	0	1016.10	
1946	5	13	9	0	0	1015.40	
1946	5	13	12	0	0	1014.60	
1946	5	13	15	0	0	1013.90	
1946	5	13	18	0	0	1014.10	
1946	5	13	21	0	0	1014.40	
1946	5	14	0	0	0	1013.40	
1946	5	14	3	0	0	1012.70	
1946	5	14	6	0	0	1012.30	
1946	5	14	9	0	0	1011.80	
1946	5	14	12	0	0	1012.00	
1946	5	14	18	0	0	1011.90	
1946	5	14	21	0	0	1012.90	
1946	5	15	0	0	0	1013.30	
1946	5	15	3	0	0	1013.10	
1946	5	15	6	0	0	1013.30	
1946	5	15	9	0	0	1013.80	
1946	5	15	12	0	0	1013.20	
1946	5	15	15	0	0	1012.60	
1946	5	15	18	0	0	1012.80	
1946	5	15	21	0	0	1014.00	
1946	5	16	0	0	0	1013.60	
1946	5	16	3	0	0	1012.60	
1946	5	16	6	0	0	1012.40	
1946	5	16	9	0	0	1012.10	
1946	5	16	12	0	0	1011.70	
1946	5	16	15	0	0	1013.60	
1946	5	16	18	0	0	1012.60	
1946	5	16	21	0	0	1013.30	
1946	5	17	0	0	0	1012.50	
1946	5	17	3	0	0	1013.20	
1946	5	17	6	0	0	1013.60	
1946	5	17	9	0	0	1014.00	
1946	5	17	12	0	0	1014.40	
1946	5	17	15	0	0	1015.40	
1946	5	17	18	0	0	1017.00	
1946	5	17	21	0	0	1018.50	
1946	5	18	0	0	0	1019.30	
1946	5	18	3	0	0	1019.40	
1946	5	18	6	0	0	1020.00	
1946	5	18	9	0	0	1020.20	
1946	5	18	12	0	0	1019.60	
1946	5	18	15	0	0	1019.50	
1946	5	18	18	0	0	1019.50	
1946	5	18	21	0	0	1019.90	
1946	5	19	0	0	0	1020.30	
1946	5	19	3	0	0	1019.70	
1946	5	19	6	0	0	1019.10	
1946	5	19	9	0	0	1018.50	
1946	5	19	12	0	0	1018.50	
1946	5	19	15	0	0	1018.00	
1946	5	19	18	0	0	1017.00	
1946	5	19	21	0	0	1017.20	
1946	5	20	0	0	0	1016.60	
1946	5	20	3	0	0	1015.00	
1946	5	20	6	0	0	1014.40	
1946	5	20	9	0	0	1014.80	
1946	5	20	12	0	0	1013.80	
1946	5	20	15	0	0	1011.50	
1946	5	20	18	0	0	1011.30	
1946	5	20	21	0	0	1011.60	
1946	5	21	0	0	0	1011.00	
1946	5	21	3	0	0	1010.20	
1946	5	21	6	0	0	1009.60	
1946	5	21	9	0	0	1010.30	
1946	5	21	12	0	0	1009.70	
1946	5	21	15	0	0	1009.60	
1946	5	21	18	0	0	1011.40	
1946	5	21	21	0	0	1012.60	
1946	5	22	0	0	0	1014.00	
1946	5	22	3	0	0	1015.20	
1946	5	22	6	0	0	1016.20	
1946	5	22	9	0	0	1018.20	
1946	5	22	12	0	0	1018.40	
1946	5	22	15	0	0	1018.50	
1946	5	22	18	0	0	1019.10	
1946	5	22	21	0	0	1020.60	
1946	5	23	0	0	0	1022.00	
1946	5	23	3	0	0	1022.60	
1946	5	23	6	0	0	1022.60	
1946	5	23	9	0	0	1022.60	
1946	5	23	12	0	0	1022.00	
1946	5	23	15	0	0	1021.20	
1946	5	23	18	0	0	1021.80	
1946	5	23	21	0	0	1021.60	
1946	5	24	0	0	0	1020.60	
1946	5	24	3	0	0	1018.90	
1946	5	24	6	0	0	1018.90	
1946	5	24	9	0	0	1018.70	
1946	5	24	12	0	0	1018.30	
1946	5	24	15	0	0	1017.40	
1946	5	24	18	0	0	1017.20	
1946	5	24	21	0	0	1016.70	
1946	5	25	0	0	0	1017.10	
1946	5	25	3	0	0	1015.80	
1946	5	25	6	0	0	1015.40	
1946	5	25	9	0	0	1015.30	
1946	5	25	12	0	0	1014.30	
1946	5	25	15	0	0	1013.50	
1946	5	25	18	0	0	1012.30	
1946	5	25	21	0	0	1012.10	
1946	5	26	0	0	0	1011.70	
1946	5	26	3	0	0	1010.00	
1946	5	26	6	0	0	1010.00	
1946	5	26	9	0	0	1010.10	
1946	5	26	12	0	0	1009.10	
1946	5	26	15	0	0	1008.60	
1946	5	26	18	0	0	1007.60	
1946	5	26	21	0	0	1007.80	
1946	5	27	0	0	0	1004.60	
1946	5	27	3	0	0	1001.40	
1946	5	27	6	0	0	999.40	
1946	5	27	9	0	0	998.40	
1946	5	27	12	0	0	999.00	
1946	5	27	15	0	0	1000.60	
1946	5	27	18	0	0	1003.20	
1946	5	27	21	0	0	1005.60	
1946	5	28	0	0	0	1007.60	
1946	5	28	3	0	0	1007.70	
1946	5	28	6	0	0	1008.10	
1946	5	28	9	0	0	1008.20	
1946	5	28	12	0	0	1007.00	
1946	5	28	15	0	0	1005.60	
1946	5	28	18	0	0	1005.40	
1946	5	28	21	0	0	1006.80	
1946	5	29	0	0	0	1007.80	
1946	5	29	3	0	0	1008.20	
1946	5	29	6	0	0	1008.60	
1946	5	29	9	0	0	1008.20	
1946	5	29	12	0	0	1008.00	
1946	5	29	15	0	0	1007.50	
1946	5	29	18	0	0	1007.30	
1946	5	29	21	0	0	1008.10	
1946	5	30	0	0	0	1008.50	
1946	5	30	3	0	0	1007.40	
1946	5	30	6	0	0	1007.80	
1946	5	30	9	0	0	1006.90	
1946	5	30	12	0	0	1005.30	
1946	5	30	15	0	0	1003.10	
1946	5	30	18	0	0	1002.30	
1946	5	30	21	0	0	1000.90	
1946	5	31	0	0	0	999.30	
1946	5	31	3	0	0	998.00	
1946	5	31	6	0	0	998.40	
1946	5	31	9	0	0	998.80	
1946	5	31	12	0	0	996.60	
1946	5	31	15	0	0	994.50	
1946	5	31	18	0	0	992.30	
1946	5	31	21	0	0	992.90	
1946	6	1	0	0	0	992.70	
1946	6	1	3	0	0	990.80	
1946	6	1	6	0	0	989.20	
1946	6	1	9	0	0	989.00	
1946	6	1	12	0	0	989.20	
1946	6	1	15	0	0	989.20	
1946	6	1	18	0	0	988.40	
1946	6	1	21	0	0	988.00	
1946	6	2	0	0	0	987.20	
1946	6	2	3	0	0	987.20	
1946	6	2	6	0	0	988.20	
1946	6	2	9	0	0	991.40	
1946	6	2	12	0	0	991.60	
1946	6	2	15	0	0	992.10	
1946	6	2	18	0	0	994.90	
1946	6	2	21	0	0	997.40	
1946	6	3	0	0	0	998.00	
1946	6	3	3	0	0	998.90	
1946	6	3	6	0	0	1000.10	
1946	6	3	9	0	0	1002.70	
1946	6	3	12	0	0	1003.70	
1946	6	3	15	0	0	1006.40	
1946	6	3	18	0	0	1008.40	
1946	6	3	21	0	0	1010.40	
1946	6	4	0	0	0	1011.00	
1946	6	4	3	0	0	1011.00	
1946	6	4	6	0	0	1010.80	
1946	6	4	9	0	0	1010.50	
1946	6	4	12	0	0	1008.70	
1946	6	4	15	0	0	1007.40	
1946	6	4	18	0	0	1005.20	
1946	6	4	21	0	0	1015.00	
1946	6	5	0	0	0	1003.00	
1946	6	5	3	0	0	1000.20	
1946	6	5	6	0	0	997.20	
1946	6	5	9	0	0	995.50	
1946	6	5	12	0	0	996.30	
1946	6	5	15	0	0	995.90	
1946	6	5	18	0	0	996.70	
1946	6	5	21	0	0	998.60	
1946	6	6	0	0	0	998.80	
1946	6	6	3	0	0	1000.50	
1946	6	6	6	0	0	1002.50	
1946	6	6	9	0	0	1005.40	
1946	6	6	12	0	0	1007.40	
1946	6	6	15	0	0	1009.20	
1946	6	6	18	0	0	1011.00	
1946	6	6	21	0	0	1013.00	
1946	6	7	0	0	0	1014.60	
1946	6	7	3	0	0	1015.70	
1946	6	7	6	0	0	1016.90	
1946	6	7	9	0	0	1017.90	
1946	6	7	12	0	0	1018.10	
1946	6	7	15	0	0	1018.30	
1946	6	7	18	0	0	1017.70	
1946	6	7	21	0	0	1018.40	
1946	6	8	0	0	0	1018.20	
1946	6	8	3	0	0	1017.00	
1946	6	8	6	0	0	1016.80	
1946	6	8	9	0	0	1015.50	
1946	6	8	12	0	0	1013.70	
1946	6	8	15	0	0	1011.80	
1946	6	8	18	0	0	1011.20	
1946	6	8	21	0	0	1010.30	
1946	6	9	0	0	0	1010.10	
1946	6	9	3	0	0	1009.70	
1946	6	9	6	0	0	1009.90	
1946	6	9	9	0	0	1010.30	
1946	6	9	12	0	0	1009.30	
1946	6	9	15	0	0	1008.50	
1946	6	9	18	0	0	1007.30	
1946	6	9	21	0	0	1005.50	
1946	6	10	0	0	0	1003.70	
1946	6	10	3	0	0	1000.30	
1946	6	10	6	0	0	998.50	
1946	6	10	9	0	0	997.80	
1946	6	10	12	0	0	998.40	
1946	6	10	15	0	0	1000.00	
1946	6	10	18	0	0	1002.20	
1946	6	10	21	0	0	1004.60	
1946	6	11	0	0	0	1006.40	
1946	6	11	3	0	0	1006.80	
1946	6	11	6	0	0	1007.80	
1946	6	11	9	0	0	1008.20	
1946	6	11	12	0	0	1008.40	
1946	6	11	15	0	0	1008.10	
1946	6	11	18	0	0	1008.70	
1946	6	11	21	0	0	1010.40	
1946	6	12	0	0	0	1011.20	
1946	6	12	3	0	0	1011.40	
1946	6	12	6	0	0	1012.80	
1946	6	12	9	0	0	1014.00	
1946	6	12	12	0	0	1014.80	
1946	6	12	15	0	0	1016.20	
1946	6	12	18	0	0	1018.00	
1946	6	12	21	0	0	1020.20	
1946	6	13	0	0	0	1021.80	
1946	6	13	3	0	0	1022.20	
1946	6	13	6	0	0	1023.40	
1946	6	13	9	0	0	1024.30	
1946	6	13	12	0	0	1023.30	
1946	6	13	15	0	0	1023.60	
1946	6	13	18	0	0	1024.20	
1946	6	13	21	0	0	1024.80	
1946	6	14	0	0	0	1024.20	
1946	6	14	3	0	0	1022.90	
1946	6	14	6	0	0	1022.30	
1946	6	14	9	0	0	1022.00	
1946	6	14	12	0	0	1021.00	
1946	6	14	15	0	0	1019.10	
1946	6	14	18	0	0	1018.10	
1946	6	14	21	0	0	1018.20	
1946	6	15	0	0	0	1017.20	
1946	6	15	3	0	0	1015.40	
1946	6	15	6	0	0	1015.20	
1946	6	15	9	0	0	1014.90	
1946	6	15	12	0	0	1014.10	
1946	6	15	15	0	0	1013.00	
1946	6	15	18	0	0	1012.40	
1946	6	16	3	0	0	1012.10	
1946	6	16	6	0	0	1011.10	
1946	6	16	9	0	0	1010.90	
1946	6	16	12	0	0	1009.90	
1946	6	16	15	0	0	1008.60	
1946	6	16	18	0	0	1008.00	
1946	6	16	21	0	0	1008.00	
1946	6	17	0	0	0	1008.00	
1946	6	17	3	0	0	1008.50	
1946	6	17	6	0	0	1009.10	
1946	6	17	9	0	0	1009.30	
1946	6	17	12	0	0	1009.50	
1946	6	17	15	0	0	1009.40	
1946	6	17	18	0	0	1009.60	
1946	6	17	21	0	0	1009.30	
1946	6	18	0	0	0	1008.50	
1946	6	18	3	0	0	1006.90	
1946	6	18	6	0	0	1006.30	
1946	6	18	9	0	0	1006.80	
1946	6	18	12	0	0	1006.60	
1946	6	18	15	0	0	1006.70	
1946	6	18	18	0	0	1006.90	
1946	6	18	21	0	0	1007.50	
1946	6	19	0	0	0	1007.90	
1946	6	19	3	0	0	1007.70	
1946	6	19	6	0	0	1008.30	
1946	6	19	9	0	0	1008.90	
1946	6	19	12	0	0	1009.10	
1946	6	19	15	0	0	1009.90	
1946	6	19	18	0	0	1010.50	
1946	6	19	21	0	0	1011.80	
1946	6	20	0	0	0	1012.80	
1946	6	20	3	0	0	1012.90	
1946	6	20	6	0	0	1014.30	
1946	6	20	9	0	0	1014.80	
1946	6	20	12	0	0	1015.60	
1946	6	20	15	0	0	1016.30	
1946	6	20	18	0	0	1017.70	
1946	6	20	21	0	0	1021.10	
1946	6	21	0	0	0	1021.90	
1946	6	21	3	0	0	1023.20	
1946	6	21	6	0	0	1025.00	
1946	6	21	9	0	0	1026.70	
1946	6	21	12	0	0	1026.90	
1946	6	21	15	0	0	1027.30	
1946	6	21	18	0	0	1028.30	
1946	6	21	21	0	0	1029.90	
1946	6	22	0	0	0	1030.10	
1946	6	22	3	0	0	1029.60	
1946	6	22	6	0	0	1029.40	
1946	6	22	9	0	0	1029.40	
1946	6	22	12	0	0	1028.40	
1946	6	22	15	0	0	1027.60	
1946	6	22	18	0	0	1026.80	
1946	6	22	21	0	0	1027.00	
1946	6	23	0	0	0	1026.80	
1946	6	23	3	0	0	1025.80	
1946	6	23	6	0	0	1025.40	
1946	6	23	9	0	0	1024.20	
1946	6	23	12	0	0	1022.40	
1946	6	23	15	0	0	1020.30	
1946	6	23	18	0	0	1018.90	
1946	6	23	21	0	0	1018.40	
1946	6	24	0	0	0	1017.40	
1946	6	24	3	0	0	1015.70	
1946	6	24	6	0	0	1015.10	
1946	6	24	9	0	0	1014.30	
1946	6	24	12	0	0	1012.90	
1946	6	24	15	0	0	1013.60	
1946	6	24	18	0	0	1014.00	
1946	6	24	21	0	0	1015.40	
1946	6	25	0	0	0	1015.80	
1946	6	25	3	0	0	1015.10	
1946	6	25	6	0	0	1015.10	
1946	6	25	9	0	0	1014.40	
1946	6	25	12	0	0	1013.00	
1946	6	25	15	0	0	1011.30	
1946	6	25	18	0	0	1010.10	
1946	6	25	21	0	0	1009.80	
1946	6	26	0	0	0	1009.00	
1946	6	26	3	0	0	1007.70	
1946	6	26	6	0	0	1007.70	
1946	6	26	9	0	0	1007.40	
1946	6	26	12	0	0	1007.60	
1946	6	26	15	0	0	1009.10	
1946	6	26	18	0	0	1010.50	
1946	6	26	21	0	0	1013.10	
1946	6	27	0	0	0	1014.50	
1946	6	27	3	0	0	1014.60	
1946	6	27	6	0	0	1015.40	
1946	6	27	9	0	0	1015.00	
1946	6	27	12	0	0	1012.80	
1946	6	27	15	0	0	1011.70	
1946	6	27	18	0	0	1009.50	
1946	6	27	21	0	0	1008.40	
1946	6	28	0	0	0	1008.20	
1946	6	28	3	0	0	1008.90	
1946	6	28	6	0	0	1009.70	
1946	6	28	9	0	0	1010.50	
1946	6	28	12	0	0	1011.50	
1946	6	28	15	0	0	1012.30	
1946	6	28	18	0	0	1013.50	
1946	6	28	21	0	0	1014.20	
1946	6	29	0	0	0	1015.00	
1946	6	29	3	0	0	1015.60	
1946	6	29	6	0	0	1016.00	
1946	6	29	9	0	0	1015.20	
1946	6	29	12	0	0	1014.40	
1946	6	29	15	0	0	1012.00	
1946	6	29	18	0	0	1012.40	
1946	6	29	21	0	0	1012.80	
1946	6	30	0	0	0	1013.40	
1946	6	30	3	0	0	1014.50	
1946	6	30	6	0	0	1016.90	
1946	6	30	9	0	0	1019.10	
1946	6	30	12	0	0	1020.10	
1946	6	30	15	0	0	1021.30	
1946	6	30	18	0	0	1021.70	
1946	6	30	21	0	0	1012.70	
1946	7	1	0	0	0	1013.30	
1946	7	1	3	0	0	1023.40	
1946	7	1	6	0	0	1023.60	
1946	7	1	9	0	0	1023.70	
1946	7	1	12	0	0	1023.50	
1946	7	1	15	0	0	1022.80	
1946	7	1	18	0	0	1022.20	
1946	7	1	21	0	0	1021.30	
1946	7	2	0	0	0	1020.70	
1946	7	2	3	0	0	1018.10	
1946	7	2	6	0	0	1017.30	
1946	7	2	9	0	0	1016.20	
1946	7	2	12	0	0	1015.40	
1946	7	2	15	0	0	1013.90	
1946	7	2	18	0	0	1014.50	
1946	7	2	21	0	0	1015.20	
1946	7	3	0	0	0	1015.60	
1946	7	3	3	0	0	1015.60	
1946	7	3	6	0	0	1015.20	
1946	7	3	9	0	0	1015.00	
1946	7	3	12	0	0	1014.40	
1946	7	3	15	0	0	1013.80	
1946	7	3	18	0	0	1012.20	
1946	7	3	21	0	0	1011.00	
1946	7	4	0	0	0	1009.20	
1946	7	4	3	0	0	1005.00	
1946	7	4	6	0	0	1003.80	
1946	7	4	9	0	0	1002.30	
1946	7	4	12	0	0	1002.30	
1946	7	4	15	0	0	1002.50	
1946	7	4	18	0	0	1002.50	
1946	7	4	21	0	0	1004.50	
1946	7	5	0	0	0	1004.70	
1946	7	5	3	0	0	1004.90	
1946	7	5	6	0	0	1006.30	
1946	7	5	9	0	0	1010.00	
1946	7	5	12	0	0	1012.20	
1946	7	5	15	0	0	1014.30	
1946	7	5	18	0	0	1014.90	
1946	7	5	21	0	0	1017.20	
1946	7	6	0	0	0	1018.80	
1946	7	6	3	0	0	1019.80	
1946	7	6	6	0	0	1021.40	
1946	7	6	9	0	0	1023.30	
1946	7	6	12	0	0	1024.90	
1946	7	6	15	0	0	1026.30	
1946	7	6	18	0	0	1028.10	
1946	7	6	21	0	0	1030.50	
1946	7	7	0	0	0	1031.10	
1946	7	7	3	0	0	1031.80	
1946	7	7	6	0	0	1032.60	
1946	7	7	9	0	0	1032.60	
1946	7	7	12	0	0	1032.20	
1946	7	7	15	0	0	1031.70	
1946	7	7	18	0	0	1031.50	
1946	7	7	21	0	0	1032.30	
1946	7	8	0	0	0	1032.10	
1946	7	8	3	0	0	1031.50	
1946	7	8	6	0	0	1031.70	
1946	7	8	9	0	0	1031.40	
1946	7	8	12	0	0	1030.20	
1946	7	8	15	0	0	1029.40	
1946	7	8	18	0	0	1028.80	
1946	7	8	21	0	0	1029.70	
1946	7	9	0	0	0	1029.50	
1946	7	9	3	0	0	1029.20	
1946	7	9	6	0	0	1029.80	
1946	7	9	9	0	0	1029.70	
1946	7	9	12	0	0	1029.50	
1946	7	9	15	0	0	1029.20	
1946	7	9	18	0	0	1029.80	
1946	7	9	21	0	0	1031.00	
1946	7	10	0	0	0	1031.20	
1946	7	10	3	0	0	1031.30	
1946	7	10	6	0	0	1031.10	
1946	7	10	9	0	0	1030.50	
1946	7	10	12	0	0	1029.50	
1946	7	10	15	0	0	1027.70	
1946	7	10	18	0	0	1026.30	
1946	7	10	21	0	0	1026.10	
1946	7	11	0	0	0	1025.30	
1946	7	11	3	0	0	1024.90	
1946	7	11	6	0	0	1024.50	
1946	7	11	9	0	0	1024.10	
1946	7	11	12	0	0	1022.50	
1946	7	11	15	0	0	1021.30	
1946	7	11	18	0	0	1020.90	
1946	7	11	21	0	0	1020.40	
1946	7	12	0	0	0	1020.80	
1946	7	12	3	0	0	1020.00	
1946	7	12	6	0	0	1019.40	
1946	7	12	9	0	0	1019.00	
1946	7	12	12	0	0	1017.80	
1946	7	12	15	0	0	1016.00	
1946	7	12	18	0	0	1015.40	
1946	7	12	21	0	0	1016.20	
1946	7	13	0	0	0	1015.60	
1946	7	13	3	0	0	1013.10	
1946	7	13	6	0	0	1012.10	
1946	7	13	9	0	0	1009.80	
1946	7	13	12	0	0	1007.80	
1946	7	13	15	0	0	1007.10	
1946	7	13	18	0	0	1007.50	
1946	7	13	21	0	0	1008.10	
1946	7	14	0	0	0	1007.70	
1946	7	14	3	0	0	1005.90	
1946	7	14	6	0	0	1004.90	
1946	7	14	9	0	0	1004.40	
1946	7	14	12	0	0	1004.60	
1946	7	14	15	0	0	1005.30	
1946	7	14	18	0	0	1005.10	
1946	7	14	21	0	0	1005.50	
1946	7	15	0	0	0	1005.90	
1946	7	15	3	0	0	1006.20	
1946	7	15	6	0	0	1006.40	
1946	7	15	9	0	0	1006.50	
1946	7	15	12	0	0	1006.90	
1946	7	15	15	0	0	1007.30	
1946	7	15	18	0	0	1006.90	
1946	7	15	21	0	0	1006.70	
1946	7	16	0	0	0	1005.90	
1946	7	16	3	0	0	1004.70	
1946	7	16	6	0	0	1003.70	
1946	7	16	9	0	0	1003.30	
1946	7	16	12	0	0	1002.90	
1946	7	16	15	0	0	1002.80	
1946	7	16	18	0	0	1003.40	
1946	7	16	21	0	0	1004.20	
1946	7	17	0	0	0	1003.80	
1946	7	17	3	0	0	1002.60	
1946	7	17	6	0	0	1002.00	
1946	7	17	9	0	0	1001.70	
1946	7	17	12	0	0	1000.50	
1946	7	17	15	0	0	999.90	
1946	7	17	18	0	0	999.30	
1946	7	17	21	0	0	1000.90	
1946	7	18	0	0	0	1001.30	
1946	7	18	3	0	0	1001.30	
1946	7	18	6	0	0	1001.90	
1946	7	18	9	0	0	1002.00	
1946	7	18	12	0	0	1001.40	
1946	7	18	15	0	0	1001.30	
1946	7	18	18	0	0	1001.10	
1946	7	18	21	0	0	1001.70	
1946	7	19	0	0	0	1002.30	
1946	7	19	3	0	0	1002.40	
1946	7	19	6	0	0	1003.00	
1946	7	19	9	0	0	1003.20	
1946	7	19	12	0	0	1003.80	
1946	7	19	15	0	0	1005.70	
1946	7	19	18	0	0	1006.30	
1946	7	19	21	0	0	1007.60	
1946	7	20	0	0	0	1008.40	
1946	7	20	3	0	0	1008.60	
1946	7	20	6	0	0	1008.80	
1946	7	20	9	0	0	1009.60	
1946	7	20	12	0	0	1010.20	
1946	7	20	15	0	0	1010.50	
1946	7	20	18	0	0	1011.10	
1946	7	20	21	0	0	1011.80	
1946	7	21	0	0	0	1012.60	
1946	7	21	3	0	0	1012.20	
1946	7	21	6	0	0	1013.20	
1946	7	21	9	0	0	1012.90	
1946	7	21	12	0	0	1013.10	
1946	7	21	15	0	0	1013.10	
1946	7	21	18	0	0	1011.90	
1946	7	21	21	0	0	1011.50	
1946	7	22	0	0	0	1008.50	
1946	7	22	3	0	0	1008.50	
1946	7	22	6	0	0	1008.70	
1946	7	22	9	0	0	1009.80	
1946	7	22	12	0	0	1010.40	
1946	7	22	15	0	0	1011.20	
1946	7	22	18	0	0	1011.00	
1946	7	22	21	0	0	1012.00	
1946	7	23	0	0	0	1012.40	
1946	7	23	3	0	0	1012.90	
1946	7	23	6	0	0	1013.90	
1946	7	23	9	0	0	1015.10	
1946	7	23	12	0	0	1014.90	
1946	7	23	15	0	0	1014.60	
1946	7	23	18	0	0	1014.20	
1946	7	23	21	0	0	1013.70	
1946	7	24	0	0	0	1011.70	
1946	7	24	3	0	0	1010.00	
1946	7	24	6	0	0	1008.60	
1946	7	24	9	0	0	1008.90	
1946	7	24	12	0	0	1009.10	
1946	7	24	15	0	0	1009.80	
1946	7	24	18	0	0	1011.00	
1946	7	24	21	0	0	1012.80	
1946	7	25	0	0	0	1013.80	
1946	7	25	3	0	0	1014.40	
1946	7	25	6	0	0	1015.80	
1946	7	25	9	0	0	1016.60	
1946	7	25	12	0	0	1017.80	
1946	7	25	15	0	0	1018.70	
1946	7	25	18	0	0	1018.70	
1946	7	25	21	0	0	1019.40	
1946	7	26	0	0	0	1019.60	
1946	7	26	3	0	0	1018.80	
1946	7	26	6	0	0	1017.80	
1946	7	26	9	0	0	1016.00	
1946	7	26	12	0	0	1012.40	
1946	7	26	15	0	0	1011.00	
1946	7	26	18	0	0	1008.80	
1946	7	26	21	0	0	1005.20	
1946	7	27	0	0	0	1004.40	
1946	7	27	3	0	0	1003.80	
1946	7	27	6	0	0	1004.80	
1946	7	27	9	0	0	1006.40	
1946	7	27	12	0	0	1007.00	
1946	7	27	15	0	0	1009.50	
1946	7	27	18	0	0	1011.70	
1946	7	27	21	0	0	1014.20	
1946	7	28	0	0	0	1015.20	
1946	7	28	3	0	0	1016.10	
1946	7	28	6	0	0	1015.90	
1946	7	28	9	0	0	1016.80	
1946	7	28	12	0	0	1016.20	
1946	7	28	15	0	0	1014.90	
1946	7	28	18	0	0	1013.10	
1946	7	28	21	0	0	1010.60	
1946	7	29	0	0	0	1009.00	
1946	7	29	3	0	0	1008.60	
1946	7	29	6	0	0	1009.80	
1946	7	29	9	0	0	1009.80	
1946	7	29	12	0	0	1010.40	
1946	7	29	15	0	0	1010.40	
1946	7	29	18	0	0	1011.00	
1946	7	29	21	0	0	1011.60	
1946	7	30	0	0	0	1012.20	
1946	7	30	3	0	0	1010.60	
1946	7	30	6	0	0	1008.00	
1946	7	30	9	0	0	1005.00	
1946	7	30	12	0	0	1003.20	
1946	7	30	15	0	0	1002.70	
1946	7	30	18	0	0	1002.90	
1946	7	30	21	0	0	1005.80	
1946	7	31	0	0	0	1009.20	
1946	7	31	3	0	0	1010.70	
1946	7	31	6	0	0	1011.70	
1946	7	31	9	0	0	1012.80	
1946	7	31	12	0	0	1013.00	
1946	7	31	15	0	0	1014.00	
1946	7	31	18	0	0	1014.60	
1946	7	31	21	0	0	1016.30	
1946	8	1	0	0	0	1017.30	
1946	8	1	3	0	0	1017.70	
1946	8	1	6	0	0	1018.90	
1946	8	1	9	0	0	1019.30	
1946	8	1	12	0	0	1019.10	
1946	8	1	15	0	0	1018.50	
1946	8	1	18	0	0	1018.10	
1946	8	1	21	0	0	1016.60	
1946	8	2	0	0	0	1015.00	
1946	8	2	3	0	0	1012.60	
1946	8	2	6	0	0	1010.40	
1946	8	2	9	0	0	1009.30	
1946	8	2	12	0	0	1008.70	
1946	8	2	15	0	0	1009.40	
1946	8	2	18	0	0	1010.80	
1946	8	2	21	0	0	1012.00	
1946	8	3	0	0	0	1012.20	
1946	8	3	3	0	0	1011.60	
1946	8	3	6	0	0	1012.00	
1946	8	3	9	0	0	1011.90	
1946	8	3	12	0	0	1012.30	
1946	8	3	15	0	0	1012.50	
1946	8	3	18	0	0	1013.10	
1946	8	3	21	0	0	1014.40	
1946	8	4	0	0	0	1015.00	
1946	8	4	3	0	0	1014.60	
1946	8	4	6	0	0	1014.60	
1946	8	4	9	0	0	1013.00	
1946	8	4	12	0	0	1012.80	
1946	8	4	15	0	0	1012.50	
1946	8	4	18	0	0	1012.70	
1946	8	4	21	0	0	1013.00	
1946	8	5	0	0	0	1013.40	
1946	8	5	3	0	0	1013.30	
1946	8	5	6	0	0	1012.70	
1946	8	5	9	0	0	1011.90	
1946	8	5	12	0	0	1010.50	
1946	8	5	15	0	0	1009.10	
1946	8	5	18	0	0	1008.70	
1946	8	5	21	0	0	1009.10	
1946	8	6	0	0	0	1010.10	
1946	8	6	3	0	0	1010.10	
1946	8	6	6	0	0	1009.90	
1946	8	6	9	0	0	1009.90	
1946	8	6	12	0	0	1011.10	
1946	8	6	15	0	0	1011.20	
1946	8	6	18	0	0	1010.60	
1946	8	6	21	0	0	1010.60	
1946	8	7	0	0	0	1010.00	
1946	8	7	3	0	0	1008.90	
1946	8	7	6	0	0	1008.70	
1946	8	7	9	0	0	1008.90	
1946	8	7	12	0	0	1009.10	
1946	8	7	15	0	0	1009.20	
1946	8	7	18	0	0	1009.40	
1946	8	7	21	0	0	1009.50	
1946	8	8	0	0	0	1008.70	
1946	8	8	3	0	0	1007.60	
1946	8	8	6	0	0	1007.00	
1946	8	8	9	0	0	1004.30	
1946	8	8	12	0	0	1002.90	
1946	8	8	15	0	0	1002.70	
1946	8	8	18	0	0	1001.70	
1946	8	8	21	0	0	1002.40	
1946	8	9	0	0	0	1002.20	
1946	8	9	3	0	0	1001.90	
1946	8	9	6	0	0	1002.10	
1946	8	9	9	0	0	1002.80	
1946	8	9	12	0	0	1002.40	
1946	8	9	15	0	0	1001.90	
1946	8	9	18	0	0	1001.90	
1946	8	9	21	0	0	1002.30	
1946	8	10	0	0	0	1001.50	
1946	8	10	3	0	0	999.50	
1946	8	10	6	0	0	997.90	
1946	8	10	9	0	0	995.80	
1946	8	10	12	0	0	995.20	
1946	8	10	15	0	0	995.70	
1946	8	10	18	0	0	997.30	
1946	8	10	21	0	0	1000.70	
1946	8	11	0	0	0	1003.10	
1946	8	11	3	0	0	1005.70	
1946	8	11	6	0	0	1007.50	
1946	8	11	9	0	0	1009.60	
1946	8	11	12	0	0	1011.20	
1946	8	11	15	0	0	1011.30	
1946	8	11	18	0	0	1011.90	
1946	8	11	21	0	0	1011.50	
1946	8	12	0	0	0	1010.50	
1946	8	12	3	0	0	1008.70	
1946	8	12	6	0	0	1006.70	
1946	8	12	9	0	0	1004.80	
1946	8	12	12	0	0	1001.60	
1946	8	12	15	0	0	999.10	
1946	8	12	18	0	0	998.90	
1946	8	12	21	0	0	999.00	
1946	8	13	0	0	0	998.60	
1946	8	13	3	0	0	998.90	
1946	8	13	6	0	0	1002.30	
1946	8	13	9	0	0	1006.90	
1946	8	13	12	0	0	1009.50	
1946	8	13	15	0	0	1011.40	
1946	8	13	18	0	0	1013.40	
1946	8	13	21	0	0	1014.20	
1946	8	14	0	0	0	1014.00	
1946	8	14	3	0	0	1012.90	
1946	8	14	6	0	0	1012.30	
1946	8	14	9	0	0	1012.20	
1946	8	14	12	0	0	1012.40	
1946	8	14	15	0	0	1012.40	
1946	8	14	18	0	0	1013.00	
1946	8	14	21	0	0	1013.70	
1946	8	15	0	0	0	1013.90	
1946	8	15	3	0	0	1013.50	
1946	8	15	6	0	0	1013.30	
1946	8	15	9	0	0	1013.40	
1946	8	15	12	0	0	1013.40	
1946	8	15	15	0	0	1014.50	
1946	8	15	18	0	0	1014.50	
1946	8	15	21	0	0	1014.60	
1946	8	16	0	0	0	1014.60	
1946	8	16	3	0	0	1014.30	
1946	8	16	6	0	0	1014.10	
1946	8	16	9	0	0	1013.60	
1946	8	16	12	0	0	1012.60	
1946	8	16	15	0	0	1011.60	
1946	8	16	18	0	0	1011.00	
1946	8	16	21	0	0	1011.40	
1946	8	17	0	0	0	1011.60	
1946	8	17	3	0	0	1011.40	
1946	8	17	6	0	0	1011.60	
1946	8	17	9	0	0	1012.00	
1946	8	17	12	0	0	1012.20	
1946	8	17	15	0	0	1012.70	
1946	8	17	18	0	0	1013.90	
1946	8	17	21	0	0	1015.70	
1946	8	18	0	0	0	1015.50	
1946	8	18	3	0	0	1014.80	
1946	8	18	6	0	0	1014.40	
1946	8	18	9	0	0	1013.80	
1946	8	18	12	0	0	1012.60	
1946	8	18	15	0	0	1011.40	
1946	8	18	18	0	0	1010.20	
1946	8	18	21	0	0	1010.20	
1946	8	19	0	0	0	1009.80	
1946	8	19	3	0	0	1009.00	
1946	8	19	6	0	0	1008.80	
1946	8	19	9	0	0	1008.90	
1946	8	19	12	0	0	1008.90	
1946	8	19	15	0	0	1008.80	
1946	8	19	18	0	0	1008.80	
1946	8	19	21	0	0	1010.00	
1946	8	20	0	0	0	1011.00	
1946	8	20	3	0	0	1012.00	
1946	8	20	6	0	0	1012.60	
1946	8	20	9	0	0	1013.50	
1946	8	20	12	0	0	1013.30	
1946	8	20	15	0	0	1013.50	
1946	8	20	18	0	0	1013.90	
1946	8	20	21	0	0	1014.80	
1946	8	21	0	0	0	1015.40	
1946	8	21	3	0	0	1015.20	
1946	8	21	6	0	0	1015.40	
1946	8	21	9	0	0	1016.10	
1946	8	21	12	0	0	1016.30	
1946	8	21	15	0	0	1016.50	
1946	8	21	18	0	0	1016.50	
1946	8	21	21	0	0	1017.70	
1946	8	22	0	0	0	1017.70	
1946	8	22	3	0	0	1017.00	
1946	8	22	6	0	0	1016.40	
1946	8	22	9	0	0	1016.90	
1946	8	22	12	0	0	1016.50	
1946	8	22	15	0	0	1016.40	
1946	8	22	18	0	0	1016.40	
1946	8	22	21	0	0	1017.80	
1946	8	23	0	0	0	1018.40	
1946	8	23	3	0	0	1018.10	
1946	8	23	6	0	0	1018.30	
1946	8	23	9	0	0	1018.40	
1946	8	23	12	0	0	1016.60	
1946	8	23	15	0	0	1015.40	
1946	8	23	18	0	0	1014.20	
1946	8	23	21	0	0	1013.90	
1946	8	24	0	0	0	1012.90	
1946	8	24	3	0	0	1011.60	
1946	8	24	6	0	0	1010.60	
1946	8	24	9	0	0	1010.50	
1946	8	24	12	0	0	1009.30	
1946	8	24	15	0	0	1009.00	
1946	8	24	18	0	0	1009.40	
1946	8	24	21	0	0	1009.70	
1946	8	25	0	0	0	1009.50	
1946	8	25	3	0	0	1009.00	
1946	8	25	6	0	0	1008.80	
1946	8	25	9	0	0	1008.80	
1946	8	25	12	0	0	1008.80	
1946	8	25	15	0	0	1008.50	
1946	8	25	18	0	0	1008.70	
1946	8	25	21	0	0	1010.10	
1946	8	26	0	0	0	1010.30	
1946	8	26	3	0	0	1010.20	
1946	8	26	6	0	0	1010.40	
1946	8	26	9	0	0	1010.60	
1946	8	26	12	0	0	1010.00	
1946	8	26	15	0	0	1010.40	
1946	8	26	18	0	0	1010.20	
1946	8	26	21	0	0	1010.60	
1946	8	27	0	0	0	1010.60	
1946	8	27	3	0	0	1009.90	
1946	8	27	6	0	0	1009.70	
1946	8	27	9	0	0	1009.40	
1946	8	27	12	0	0	1008.20	
1946	8	27	15	0	0	1008.00	
1946	8	27	18	0	0	1007.00	
1946	8	27	21	0	0	1006.50	
1946	8	28	0	0	0	1004.70	
1946	8	28	3	0	0	1001.20	
1946	8	28	6	0	0	997.00	
1946	8	28	9	0	0	991.80	
1946	8	28	12	0	0	991.20	
1946	8	28	15	0	0	988.90	
1946	8	28	18	0	0	987.90	
1946	8	28	21	0	0	986.70	
1946	8	29	0	0	0	984.70	
1946	8	29	3	0	0	982.40	
1946	8	29	6	0	0	984.80	
1946	8	29	9	0	0	987.90	
1946	8	29	12	0	0	990.10	
1946	8	29	15	0	0	991.90	
1946	8	29	18	0	0	993.30	
1946	8	29	21	0	0	995.10	
1946	8	30	0	0	0	996.50	
1946	8	30	3	0	0	996.90	
1946	8	30	6	0	0	997.10	
1946	8	30	9	0	0	997.50	
1946	8	30	12	0	0	998.10	
1946	8	30	15	0	0	999.10	
1946	8	30	18	0	0	1000.50	
1946	8	30	21	0	0	1001.30	
1946	8	31	0	0	0	1001.70	
1946	8	31	3	0	0	1002.10	
1946	8	31	6	0	0	1002.70	
1946	8	31	9	0	0	1003.70	
1946	8	31	12	0	0	1004.70	
1946	8	31	15	0	0	1005.20	
1946	8	31	18	0	0	1005.60	
1946	8	31	21	0	0	1006.60	
1946	9	1	0	0	0	1006.80	
1946	9	1	3	0	0	1006.20	
1946	9	1	6	0	0	1005.80	
1946	9	1	9	0	0	1005.40	
1946	9	1	12	0	0	1004.40	
1946	9	1	15	0	0	1003.90	
1946	9	1	18	0	0	1003.70	
1946	9	1	21	0	0	1004.20	
1946	9	2	0	0	0	1004.40	
1946	9	2	3	0	0	1004.30	
1946	9	2	6	0	0	1004.50	
1946	9	2	9	0	0	1004.70	
1946	9	2	12	0	0	1004.70	
1946	9	2	15	0	0	1004.80	
1946	9	2	18	0	0	1004.40	
1946	9	2	21	0	0	1004.70	
1946	9	3	0	0	0	1004.10	
1946	9	3	3	0	0	1003.20	
1946	9	3	6	0	0	1002.20	
1946	9	3	9	0	0	1001.00	
1946	9	3	12	0	0	999.60	
1946	9	3	15	0	0	998.40	
1946	9	3	18	0	0	996.00	
1946	9	3	21	0	0	994.70	
1946	9	4	0	0	0	993.70	
1946	9	4	3	0	0	991.80	
1946	9	4	6	0	0	990.40	
1946	9	4	9	0	0	990.20	
1946	9	4	12	0	0	989.80	
1946	9	4	15	0	0	989.70	
1946	9	4	18	0	0	989.50	
1946	9	4	21	0	0	991.00	
1946	9	5	0	0	0	991.60	
1946	9	5	3	0	0	992.40	
1946	9	5	6	0	0	993.40	
1946	9	5	9	0	0	994.20	
1946	9	5	12	0	0	995.40	
1946	9	5	15	0	0	997.10	
1946	9	5	18	0	0	998.50	
1946	9	5	21	0	0	1001.20	
1946	9	6	0	0	0	1001.40	
1946	9	6	3	0	0	1001.80	
1946	9	6	6	0	0	1002.60	
1946	9	6	9	0	0	1003.80	
1946	9	6	12	0	0	1004.00	
1946	9	6	15	0	0	1004.00	
1946	9	6	18	0	0	1003.60	
1946	9	6	21	0	0	1004.40	
1946	9	7	0	0	0	1005.00	
1946	9	7	3	0	0	1004.90	
1946	9	7	6	0	0	1005.90	
1946	9	7	9	0	0	1007.10	
1946	9	7	12	0	0	1007.50	
1946	9	7	15	0	0	1007.40	
1946	9	7	18	0	0	1007.60	
1946	9	7	21	0	0	1008.60	
1946	9	8	0	0	0	1009.00	
1946	9	8	3	0	0	1008.00	
1946	9	8	6	0	0	1008.00	
1946	9	8	9	0	0	1008.50	
1946	9	8	12	0	0	1007.90	
1946	9	8	15	0	0	1006.80	
1946	9	8	18	0	0	1007.40	
1946	9	8	21	0	0	1009.20	
1946	9	9	0	0	0	1010.60	
1946	9	9	3	0	0	1011.90	
1946	9	9	6	0	0	1012.90	
1946	9	9	9	0	0	1013.80	
1946	9	9	12	0	0	1015.00	
1946	9	9	15	0	0	1015.20	
1946	9	9	18	0	0	1016.80	
1946	9	9	21	0	0	1017.80	
1946	9	10	0	0	0	1018.40	
1946	9	10	3	0	0	1017.70	
1946	9	10	6	0	0	1017.90	
1946	9	10	9	0	0	1017.70	
1946	9	10	12	0	0	1016.90	
1946	9	10	15	0	0	1015.00	
1946	9	10	18	0	0	1011.00	
1946	9	10	21	0	0	1008.40	
1946	9	11	0	0	0	1005.40	
1946	9	11	3	0	0	1004.90	
1946	9	11	6	0	0	1005.50	
1946	9	11	9	0	0	1006.90	
1946	9	11	12	0	0	1008.70	
1946	9	11	15	0	0	1011.40	
1946	9	11	18	0	0	1014.40	
1946	9	11	21	0	0	1017.50	
1946	9	12	0	0	0	1018.70	
1946	9	12	3	0	0	1019.10	
1946	9	12	6	0	0	1019.10	
1946	9	12	9	0	0	1018.80	
1946	9	12	12	0	0	1017.80	
1946	9	12	15	0	0	1015.70	
1946	9	12	18	0	0	1012.70	
1946	9	12	21	0	0	1009.90	
1946	9	13	0	0	0	1008.50	
1946	9	13	3	0	0	1007.00	
1946	9	13	6	0	0	1006.40	
1946	9	13	9	0	0	1005.00	
1946	9	13	12	0	0	1004.40	
1946	9	13	15	0	0	1004.50	
1946	9	13	18	0	0	1004.90	
1946	9	13	21	0	0	1004.90	
1946	9	14	0	0	0	1005.90	
1946	9	14	3	0	0	1006.90	
1946	9	14	6	0	0	1006.90	
1946	9	14	9	0	0	1006.70	
1946	9	14	12	0	0	1005.90	
1946	9	14	15	0	0	1002.50	
1946	9	14	18	0	0	998.30	
1946	9	14	21	0	0	1003.90	
1946	9	15	0	0	0	1000.70	
1946	9	15	3	0	0	1003.40	
1946	9	15	6	0	0	1007.00	
1946	9	15	9	0	0	1011.90	
1946	9	15	12	0	0	1012.90	
1946	9	15	15	0	0	1014.70	
1946	9	15	18	0	0	1015.10	
1946	9	15	21	0	0	1015.40	
1946	9	16	0	0	0	1014.40	
1946	9	16	3	0	0	1013.50	
1946	9	16	6	0	0	1012.90	
1946	9	16	9	0	0	1013.00	
1946	9	16	12	0	0	1012.20	
1946	9	16	15	0	0	1011.60	
1946	9	16	18	0	0	1011.20	
1946	9	16	21	0	0	1011.70	
1946	9	17	0	0	0	1010.90	
1946	9	17	3	0	0	1009.30	
1946	9	17	6	0	0	1007.70	
1946	9	17	9	0	0	1005.60	
1946	9	17	12	0	0	1005.80	
1946	9	17	15	0	0	1005.50	
1946	9	17	18	0	0	1005.90	
1946	9	17	21	0	0	1006.70	
1946	9	18	0	0	0	1006.70	
1946	9	18	3	0	0	1006.70	
1946	9	18	6	0	0	1006.10	
1946	9	18	9	0	0	1003.80	
1946	9	18	12	0	0	1000.00	
1946	9	18	15	0	0	992.90	
1946	9	18	18	0	0	992.50	
1946	9	18	21	0	0	998.20	
1946	9	19	0	0	0	1001.00	
1946	9	19	3	0	0	1004.40	
1946	9	19	6	0	0	1006.00	
1946	9	19	9	0	0	1007.20	
1946	9	19	12	0	0	1007.60	
1946	9	19	15	0	0	1007.10	
1946	9	19	18	0	0	1006.10	
1946	9	19	21	0	0	1003.60	
1946	9	20	0	0	0	1000.60	
1946	9	20	3	0	0	995.30	
1946	9	20	6	0	0	991.50	
1946	9	20	9	0	0	991.40	
1946	9	20	12	0	0	992.80	
1946	9	20	15	0	0	1004.70	
1946	9	20	18	0	0	999.30	
1946	9	20	21	0	0	1004.20	
1946	9	21	0	0	0	1008.80	
1946	9	21	3	0	0	1012.40	
1946	9	21	6	0	0	1015.40	
1946	9	21	9	0	0	1017.50	
1946	9	21	12	0	0	1020.10	
1946	9	21	15	0	0	1020.60	
1946	9	21	18	0	0	1019.60	
1946	9	21	21	0	0	1019.00	
1946	9	22	0	0	0	1016.60	
1946	9	22	3	0	0	1014.20	
1946	9	22	6	0	0	1011.20	
1946	9	22	9	0	0	1010.30	
1946	9	22	12	0	0	1008.70	
1946	9	22	15	0	0	1008.10	
1946	9	22	18	0	0	1008.30	
1946	9	22	21	0	0	1008.90	
1946	9	23	0	0	0	1008.90	
1946	9	23	3	0	0	1009.10	
1946	9	23	6	0	0	1009.10	
1946	9	23	9	0	0	1009.40	
1946	9	23	12	0	0	1008.80	
1946	9	23	15	0	0	1009.10	
1946	9	23	18	0	0	1008.50	
1946	9	23	21	0	0	1009.20	
1946	9	24	0	0	0	1009.80	
1946	9	24	3	0	0	1010.70	
1946	9	24	6	0	0	1012.10	
1946	9	24	9	0	0	1013.50	
1946	9	24	12	0	0	1013.90	
1946	9	24	15	0	0	1014.20	
1946	9	24	18	0	0	1014.40	
1946	9	24	21	0	0	1014.10	
1946	9	25	0	0	0	1013.10	
1946	9	25	3	0	0	1012.30	
1946	9	25	6	0	0	1012.90	
1946	9	25	9	0	0	1014.50	
1946	9	25	12	0	0	1015.50	
1946	9	25	15	0	0	1015.70	
1946	9	25	18	0	0	1016.30	
1946	9	25	21	0	0	1017.30	
1946	9	26	0	0	0	1017.10	
1946	9	26	3	0	0	1017.30	
1946	9	26	6	0	0	1017.90	
1946	9	26	9	0	0	1018.30	
1946	9	26	12	0	0	1017.30	
1946	9	26	15	0	0	1013.50	
1946	9	26	18	0	0	1014.30	
1946	9	26	21	0	0	1015.10	
1946	9	27	0	0	0	1015.70	
1946	9	27	3	0	0	1015.60	
1946	9	27	6	0	0	1015.60	
1946	9	27	9	0	0	1015.60	
1946	9	27	12	0	0	1015.80	
1946	9	27	15	0	0	1017.40	
1946	9	27	18	0	0	1018.80	
1946	9	27	21	0	0	1021.30	
1946	9	28	0	0	0	1022.90	
1946	9	28	3	0	0	1023.60	
1946	9	28	6	0	0	1024.20	
1946	9	28	9	0	0	1025.60	
1946	9	28	12	0	0	1024.60	
1946	9	28	15	0	0	1023.60	
1946	9	28	18	0	0	1023.60	
1946	9	28	21	0	0	1024.00	
1946	9	29	0	0	0	1024.00	
1946	9	29	3	0	0	1022.90	
1946	9	29	6	0	0	1022.50	
1946	9	29	9	0	0	1022.00	
1946	9	29	12	0	0	1019.60	
1946	9	29	15	0	0	1019.20	
1946	9	29	18	0	0	1018.80	
1946	9	29	21	0	0	1018.70	
1946	9	30	0	0	0	1017.70	
1946	9	30	3	0	0	1017.00	
1946	9	30	6	0	0	1016.60	
1946	10	1	9	0	0	1018.60	
1946	10	1	12	0	0	1017.40	
1946	10	1	15	0	0	1016.00	
1946	10	1	18	0	0	1015.80	
1946	10	1	21	0	0	1016.30	
1946	10	2	0	0	0	1016.70	
1946	10	2	3	0	0	1016.40	
1946	10	2	6	0	0	1016.60	
1946	10	2	9	0	0	1017.80	
1946	10	2	12	0	0	1018.40	
1946	10	2	15	0	0	1017.70	
1946	10	2	18	0	0	1018.10	
1946	10	2	21	0	0	1018.50	
1946	10	3	0	0	0	1018.30	
1946	10	3	3	0	0	1016.20	
1946	10	3	6	0	0	1013.80	
1946	10	3	9	0	0	1012.40	
1946	10	3	12	0	0	1011.20	
1946	10	3	15	0	0	1010.50	
1946	10	3	18	0	0	1011.50	
1946	10	3	21	0	0	1011.30	
1946	10	4	0	0	0	1010.30	
1946	10	4	3	0	0	1010.10	
1946	10	4	6	0	0	1010.90	
1946	10	4	9	0	0	1013.30	
1946	10	4	12	0	0	1014.50	
1946	10	4	15	0	0	1014.30	
1946	10	4	18	0	0	1014.30	
1946	10	4	21	0	0	1013.70	
1946	10	5	0	0	0	1012.50	
1946	10	5	3	0	0	1011.20	
1946	10	5	6	0	0	1011.20	
1946	10	5	9	0	0	1011.80	
1946	10	5	12	0	0	1011.60	
1946	10	5	15	0	0	1011.90	
1946	10	5	18	0	0	1012.50	
1946	10	5	21	0	0	1013.10	
1946	10	6	0	0	0	1014.50	
1946	10	6	3	0	0	1016.70	
1946	10	6	6	0	0	1018.30	
1946	10	6	9	0	0	1018.60	
1946	10	6	12	0	0	1018.80	
1946	10	6	15	0	0	1019.20	
1946	10	6	18	0	0	1020.60	
1946	10	6	21	0	0	1021.10	
1946	10	7	0	0	0	1021.70	
1946	10	7	3	0	0	1021.60	
1946	10	7	6	0	0	1022.00	
1946	10	7	9	0	0	1023.20	
1946	10	7	12	0	0	1023.40	
1946	10	7	15	0	0	1023.20	
1946	10	7	18	0	0	1024.40	
1946	10	7	21	0	0	1025.70	
1946	10	8	0	0	0	1026.70	
1946	10	8	3	0	0	1027.60	
1946	10	8	6	0	0	1028.60	
1946	10	8	9	0	0	1029.70	
1946	10	8	12	0	0	1030.70	
1946	10	8	15	0	0	1030.80	
1946	10	8	18	0	0	1031.60	
1946	10	8	21	0	0	1032.30	
1946	10	9	0	0	0	1032.50	
1946	10	9	3	0	0	1032.50	
1946	10	9	6	0	0	1033.10	
1946	10	9	9	0	0	1033.50	
1946	10	9	12	0	0	1034.30	
1946	10	9	15	0	0	1032.90	
1946	10	9	18	0	0	1033.70	
1946	10	9	21	0	0	1034.50	
1946	10	10	0	0	0	1035.30	
1946	10	10	3	0	0	1035.50	
1946	10	10	6	0	0	1035.90	
1946	10	10	9	0	0	1037.50	
1946	10	10	12	0	0	1037.30	
1946	10	10	15	0	0	1036.90	
1946	10	10	18	0	0	1036.90	
1946	10	10	21	0	0	1036.60	
1946	10	11	0	0	0	1036.00	
1946	10	11	3	0	0	1035.20	
1946	10	11	6	0	0	1034.60	
1946	10	11	9	0	0	1034.80	
1946	10	11	12	0	0	1034.20	
1946	10	11	15	0	0	1033.00	
1946	10	11	18	0	0	1032.60	
1946	10	11	21	0	0	1031.90	
1946	10	12	0	0	0	1031.30	
1946	10	12	3	0	0	1029.80	
1946	10	12	6	0	0	1029.00	
1946	10	12	9	0	0	1028.60	
1946	10	12	12	0	0	1027.60	
1946	10	12	15	0	0	1026.10	
1946	10	12	18	0	0	1025.90	
1946	10	12	21	0	0	1025.80	
1946	10	13	0	0	0	1025.40	
1946	10	13	3	0	0	1024.10	
1946	10	13	6	0	0	1023.70	
1946	10	13	9	0	0	1024.10	
1946	10	13	12	0	0	1023.90	
1946	10	13	15	0	0	1023.40	
1946	10	13	18	0	0	1023.80	
1946	10	13	21	0	0	1023.60	
1946	10	14	0	0	0	1023.20	
1946	10	14	3	0	0	1022.40	
1946	10	14	6	0	0	1022.00	
1946	10	14	9	0	0	1022.90	
1946	10	14	12	0	0	1022.30	
1946	10	14	15	0	0	1022.20	
1946	10	14	18	0	0	1022.20	
1946	10	14	21	0	0	1022.30	
1946	10	15	0	0	0	1022.50	
1946	10	15	3	0	0	1022.30	
1946	10	15	6	0	0	1022.50	
1946	10	15	9	0	0	1023.40	
1946	10	15	12	0	0	1024.00	
1946	10	15	15	0	0	1023.60	
1946	10	15	18	0	0	1024.60	
1946	10	15	21	0	0	1024.90	
1946	10	16	0	0	0	1025.30	
1946	10	16	3	0	0	1025.10	
1946	10	16	6	0	0	1025.10	
1946	10	16	9	0	0	1026.30	
1946	10	16	12	0	0	1026.10	
1946	10	16	15	0	0	1024.70	
1946	10	16	18	0	0	1025.10	
1946	10	16	21	0	0	1025.40	
1946	10	17	0	0	0	1025.60	
1946	10	17	3	0	0	1025.20	
1946	10	17	6	0	0	1025.40	
1946	10	17	9	0	0	1025.60	
1946	10	17	12	0	0	1025.20	
1946	10	17	15	0	0	1024.50	
1946	10	17	18	0	0	1024.30	
1946	10	17	21	0	0	1024.40	
1946	10	18	0	0	0	1023.40	
1946	10	18	3	0	0	1022.50	
1946	10	18	6	0	0	1022.10	
1946	10	18	9	0	0	1021.40	
1946	10	18	12	0	0	1020.40	
1946	10	18	15	0	0	1019.40	
1946	10	18	18	0	0	1018.80	
1946	10	18	21	0	0	1017.90	
1946	10	19	0	0	0	1016.70	
1946	10	19	3	0	0	1014.50	
1946	10	19	6	0	0	1013.50	
1946	10	19	9	0	0	1013.10	
1946	10	19	12	0	0	1010.90	
1946	10	19	15	0	0	1009.20	
1946	10	19	18	0	0	1008.00	
1946	10	19	21	0	0	1007.00	
1946	10	20	0	0	0	1005.00	
1946	10	20	3	0	0	1003.90	
1946	10	20	6	0	0	1003.10	
1946	10	20	9	0	0	1003.00	
1946	10	20	12	0	0	1002.40	
1946	10	20	15	0	0	1001.00	
1946	10	20	18	0	0	1001.20	
1946	10	20	21	0	0	1001.80	
1946	10	21	0	0	0	1002.00	
1946	10	21	3	0	0	1001.90	
1946	10	21	6	0	0	1002.90	
1946	10	21	9	0	0	1004.70	
1946	10	21	12	0	0	1005.90	
1946	10	21	15	0	0	1006.70	
1946	10	21	18	0	0	1008.30	
1946	10	21	21	0	0	1010.80	
1946	10	22	0	0	0	1012.60	
1946	10	22	3	0	0	1012.90	
1946	10	22	6	0	0	1014.30	
1946	10	22	9	0	0	1015.70	
1946	10	22	12	0	0	1016.70	
1946	10	22	15	0	0	1017.10	
1946	10	22	18	0	0	1018.10	
1946	10	22	21	0	0	1019.00	
1946	10	23	0	0	0	1019.40	
1946	10	23	3	0	0	1019.60	
1946	10	23	6	0	0	1020.40	
1946	10	23	9	0	0	1022.20	
1946	10	23	12	0	0	1022.40	
1946	10	23	15	0	0	1022.60	
1946	10	23	18	0	0	1024.20	
1946	10	23	21	0	0	1025.30	
1946	10	24	0	0	0	1025.90	
1946	10	24	3	0	0	1025.80	
1946	10	24	6	0	0	1026.20	
1946	10	24	9	0	0	1027.20	
1946	10	24	12	0	0	1027.00	
1946	10	24	15	0	0	1025.60	
1946	10	24	18	0	0	1026.20	
1946	10	24	21	0	0	1026.10	
1946	10	25	0	0	0	1025.70	
1946	10	25	3	0	0	1024.90	
1946	10	25	6	0	0	1023.90	
1946	10	25	9	0	0	1024.60	
1946	10	25	12	0	0	1022.80	
1946	10	25	15	0	0	1021.10	
1946	10	25	18	0	0	1020.70	
1946	10	25	21	0	0	1020.80	
1946	10	26	0	0	0	1019.80	
1946	10	26	3	0	0	1019.30	
1946	10	26	6	0	0	1018.30	
1946	10	26	9	0	0	1017.80	
1946	10	26	12	0	0	1016.00	
1946	10	26	15	0	0	1014.20	
1946	10	26	18	0	0	1013.20	
1946	10	26	21	0	0	1011.90	
1946	10	27	0	0	0	1010.70	
1946	10	27	3	0	0	1009.20	
1946	10	27	6	0	0	1008.60	
1946	10	27	9	0	0	1010.10	
1946	10	27	12	0	0	1008.70	
1946	10	27	15	0	0	1009.60	
1946	10	27	18	0	0	1010.80	
1946	10	27	21	0	0	1011.20	
1946	10	28	0	0	0	1010.60	
1946	10	28	3	0	0	1010.20	
1946	10	28	6	0	0	1012.60	
1946	10	28	9	0	0	1016.30	
1946	10	28	12	0	0	1017.70	
1946	10	28	15	0	0	1018.90	
1946	10	28	18	0	0	1021.90	
1946	10	28	21	0	0	1023.10	
1946	10	29	0	0	0	1023.90	
1946	10	29	3	0	0	1024.10	
1946	10	29	6	0	0	1024.90	
1946	10	29	9	0	0	1025.90	
1946	10	29	12	0	0	1025.90	
1946	10	29	15	0	0	1025.00	
1946	10	29	18	0	0	1025.20	
1946	10	29	21	0	0	1025.80	
1946	10	30	0	0	0	1026.00	
1946	10	30	3	0	0	1025.60	
1946	10	30	6	0	0	1025.60	
1946	10	30	9	0	0	1025.00	
1946	10	30	12	0	0	1024.40	
1946	10	30	15	0	0	1023.90	
1946	10	30	18	0	0	1024.10	
1946	10	30	21	0	0	1025.10	
1946	10	31	0	0	0	1025.50	
1946	10	31	3	0	0	1026.00	
1946	10	31	6	0	0	1026.60	
1946	10	31	9	0	0	1027.90	
1946	10	31	12	0	0	1027.50	
1946	10	31	15	0	0	1026.40	
1946	10	31	18	0	0	1026.00	
1946	10	31	21	0	0	1024.80	
1946	11	1	0	0	0	1023.40	
1946	11	1	3	0	0	1021.20	
1946	11	1	6	0	0	1018.60	
1946	11	1	9	0	0	1016.60	
1946	11	1	12	0	0	1015.00	
1946	11	1	15	0	0	1014.40	
1946	11	1	18	0	0	1014.40	
1946	11	1	21	0	0	1014.00	
1946	11	2	0	0	0	1013.40	
1946	11	2	3	0	0	1013.00	
1946	11	2	6	0	0	1013.20	
1946	11	2	9	0	0	1014.10	
1946	11	2	12	0	0	1013.90	
1946	11	2	15	0	0	1014.30	
1946	11	2	18	0	0	1015.10	
1946	11	2	21	0	0	1015.00	
1946	11	3	0	0	0	1014.60	
1946	11	3	3	0	0	1014.10	
1946	11	3	6	0	0	1014.30	
1946	11	3	9	0	0	1015.30	
1946	11	3	12	0	0	1016.10	
1946	11	3	15	0	0	1017.00	
1946	11	3	18	0	0	1017.80	
1946	11	3	21	0	0	1018.20	
1946	11	4	0	0	0	1019.00	
1946	11	4	3	0	0	1019.70	
1946	11	4	6	0	0	1020.70	
1946	11	4	9	0	0	1022.60	
1946	11	4	12	0	0	1022.80	
1946	11	4	15	0	0	1022.90	
1946	11	4	18	0	0	1024.50	
1946	11	4	21	0	0	1026.60	
1946	11	5	0	0	0	1027.20	
1946	11	5	3	0	0	1028.00	
1946	11	5	6	0	0	1029.00	
1946	11	5	9	0	0	1031.00	
1946	11	5	12	0	0	1031.20	
1946	11	5	15	0	0	1031.90	
1946	11	5	18	0	0	1032.90	
1946	11	5	21	0	0	1034.30	
1946	11	6	0	0	0	1034.50	
1946	11	6	3	0	0	1034.40	
1946	11	6	6	0	0	1034.60	
1946	11	6	9	0	0	1035.40	
1946	11	6	12	0	0	1034.80	
1946	11	6	15	0	0	1033.60	
1946	11	6	18	0	0	1032.60	
1946	11	6	21	0	0	1031.50	
1946	11	7	0	0	0	1029.70	
1946	11	7	3	0	0	1027.40	
1946	11	7	6	0	0	1025.60	
1946	11	7	9	0	0	1025.30	
1946	11	7	12	0	0	1025.50	
1946	11	7	15	0	0	1024.50	
1946	11	7	18	0	0	1023.90	
1946	11	7	21	0	0	1023.40	
1946	11	8	0	0	0	1023.40	
1946	11	8	3	0	0	1022.80	
1946	11	8	6	0	0	1022.20	
1946	11	8	9	0	0	1021.70	
1946	11	8	12	0	0	1021.70	
1946	11	8	15	0	0	1022.30	
1946	11	8	18	0	0	1023.10	
1946	11	8	21	0	0	1023.60	
1946	11	9	0	0	0	1023.60	
1946	11	9	3	0	0	1022.50	
1946	11	9	6	0	0	1021.90	
1946	11	9	9	0	0	1020.90	
1946	11	9	12	0	0	1018.90	
1946	11	9	15	0	0	1017.50	
1946	11	9	18	0	0	1018.30	
1946	11	9	21	0	0	1019.30	
1946	11	10	0	0	0	1020.10	
1946	11	10	3	0	0	1021.00	
1946	11	10	6	0	0	1022.00	
1946	11	10	9	0	0	1023.40	
1946	11	10	12	0	0	1024.00	
1946	11	10	15	0	0	1023.10	
1946	11	10	18	0	0	1022.50	
1946	11	10	21	0	0	1022.50	
1946	11	11	0	0	0	1023.90	
1946	11	11	3	0	0	1022.80	
1946	11	11	6	0	0	1023.00	
1946	11	11	9	0	0	1023.60	
1946	11	11	12	0	0	1023.60	
1946	11	11	15	0	0	1022.30	
1946	11	11	18	0	0	1021.70	
1946	11	11	21	0	0	1020.40	
1946	11	12	0	0	0	1018.40	
1946	11	12	3	0	0	1016.20	
1946	11	12	6	0	0	1013.60	
1946	11	12	9	0	0	1011.10	
1946	11	12	12	0	0	1008.70	
1946	11	12	15	0	0	1001.80	
1946	11	12	18	0	0	1001.80	
1946	11	12	21	0	0	1001.50	
1946	11	13	0	0	0	1002.30	
1946	11	13	3	0	0	1002.90	
1946	11	13	6	0	0	1003.50	
1946	11	13	9	0	0	1005.70	
1946	11	13	12	0	0	1005.50	
1946	11	13	15	0	0	1006.20	
1946	11	13	18	0	0	1006.20	
1946	11	13	21	0	0	1006.20	
1946	11	14	0	0	0	1005.20	
1946	11	14	3	0	0	1003.70	
1946	11	14	6	0	0	1003.90	
1946	11	14	9	0	0	1005.40	
1946	11	14	12	0	0	1006.20	
1946	11	14	15	0	0	1006.80	
1946	11	14	18	0	0	1008.00	
1946	11	14	21	0	0	1003.40	
1946	11	15	0	0	0	1002.80	
1946	11	15	3	0	0	1006.90	
1946	11	15	6	0	0	1005.50	
1946	11	15	9	0	0	1005.10	
1946	11	15	12	0	0	1003.30	
1946	11	15	15	0	0	1002.20	
1946	11	15	18	0	0	1002.40	
1946	11	15	21	0	0	1002.60	
1946	11	16	0	0	0	1003.60	
1946	11	16	3	0	0	1004.00	
1946	11	16	6	0	0	1004.60	
1946	11	16	9	0	0	1005.90	
1946	11	16	12	0	0	1006.30	
1946	11	16	15	0	0	1006.40	
1946	11	16	18	0	0	1006.40	
1946	11	16	21	0	0	1005.30	
1946	11	17	0	0	0	1003.30	
1946	11	17	3	0	0	999.60	
1946	11	17	6	0	0	995.20	
1946	11	17	9	0	0	990.70	
1946	11	17	12	0	0	984.50	
1946	11	17	15	0	0	979.50	
1946	11	17	18	0	0	978.10	
1946	11	17	21	0	0	977.50	
1946	11	18	0	0	0	976.10	
1946	11	18	3	0	0	974.20	
1946	11	18	6	0	0	976.20	
1946	11	18	9	0	0	980.40	
1946	11	18	12	0	0	982.60	
1946	11	18	15	0	0	985.20	
1946	11	18	18	0	0	987.40	
1946	11	18	21	0	0	987.90	
1946	11	19	0	0	0	988.90	
1946	11	19	3	0	0	990.10	
1946	11	19	6	0	0	990.70	
1946	11	19	9	0	0	991.20	
1946	11	19	12	0	0	991.20	
1946	11	19	15	0	0	991.10	
1946	11	19	18	0	0	992.10	
1946	11	19	21	0	0	992.60	
1946	11	20	0	0	0	992.40	
1946	11	20	3	0	0	991.60	
1946	11	20	6	0	0	989.60	
1946	11	20	9	0	0	987.20	
1946	11	20	12	0	0	984.20	
1946	11	20	15	0	0	981.20	
1946	11	20	18	0	0	979.60	
1946	11	20	21	0	0	979.20	
1946	11	21	0	0	0	979.60	
1946	11	21	3	0	0	981.80	
1946	11	21	6	0	0	982.80	
1946	11	21	9	0	0	981.80	
1946	11	21	12	0	0	980.80	
1946	11	21	15	0	0	980.20	
1946	11	21	18	0	0	982.80	
1946	11	21	21	0	0	982.70	
1946	11	22	0	0	0	982.30	
1946	11	22	3	0	0	980.50	
1946	11	22	6	0	0	979.90	
1946	11	22	9	0	0	984.80	
1946	11	22	12	0	0	991.40	
1946	11	22	15	0	0	997.70	
1946	11	22	18	0	0	1003.30	
1946	11	22	21	0	0	1007.80	
1946	11	23	0	0	0	1011.20	
1946	11	23	3	0	0	1012.40	
1946	11	23	6	0	0	1011.80	
1946	11	23	9	0	0	1004.60	
1946	11	23	12	0	0	1007.40	
1946	11	23	15	0	0	1003.70	
1946	11	23	18	0	0	1000.70	
1946	11	23	21	0	0	999.80	
1946	11	24	0	0	0	998.80	
1946	11	24	3	0	0	996.10	
1946	11	24	6	0	0	995.30	
1946	11	24	9	0	0	994.70	
1946	11	24	12	0	0	991.70	
1946	11	24	15	0	0	988.90	
1946	11	24	18	0	0	991.10	
1946	11	24	21	0	0	992.00	
1946	11	25	0	0	0	995.00	
1946	11	25	3	0	0	995.10	
1946	11	25	6	0	0	993.50	
1946	11	25	9	0	0	992.90	
1946	11	25	12	0	0	990.30	
1946	11	25	15	0	0	987.60	
1946	11	25	18	0	0	987.20	
1946	11	25	21	0	0	988.00	
1946	11	26	0	0	0	989.80	
1946	11	26	3	0	0	990.40	
1946	11	26	6	0	0	991.40	
1946	11	26	9	0	0	994.40	
1946	11	26	12	0	0	995.80	
1946	11	26	15	0	0	997.50	
1946	11	26	18	0	0	1000.50	
1946	11	26	21	0	0	1002.00	
1946	11	27	0	0	0	1002.40	
1946	11	27	3	0	0	998.90	
1946	11	27	6	0	0	997.30	
1946	11	27	9	0	0	997.50	
1946	11	27	12	0	0	997.50	
1946	11	27	15	0	0	996.50	
1946	11	27	18	0	0	995.50	
1946	11	27	21	0	0	998.10	
1946	11	28	0	0	0	999.30	
1946	11	28	3	0	0	999.20	
1946	11	28	6	0	0	997.60	
1946	11	28	9	0	0	997.30	
1946	11	28	12	0	0	997.10	
1946	11	28	15	0	0	996.50	
1946	11	28	18	0	0	996.90	
1946	11	28	21	0	0	997.20	
1946	11	29	0	0	0	997.00	
1946	11	29	3	0	0	996.10	
1946	11	29	6	0	0	995.50	
1946	11	29	9	0	0	995.20	
1946	11	29	12	0	0	995.20	
1946	11	29	15	0	0	995.40	
1946	11	29	18	0	0	997.40	
1946	11	29	21	0	0	998.90	
1946	11	30	0	0	0	999.90	
1946	11	30	3	0	0	999.50	
1946	11	30	6	0	0	998.50	
1946	11	30	9	0	0	996.60	
1946	11	30	12	0	0	993.40	
1946	11	30	15	0	0	994.50	
1946	11	30	18	0	0	995.50	
1946	11	30	21	0	0	997.20	
1946	12	1	0	0	0	999.00	
1946	12	1	3	0	0	1000.50	
1946	12	1	6	0	0	1002.90	
1946	12	1	9	0	0	1005.60	
1946	12	1	12	0	0	1007.60	
1946	12	1	15	0	0	1006.40	
1946	12	1	18	0	0	1000.80	
1946	12	1	21	0	0	994.40	
1946	12	2	0	0	0	993.40	
1946	12	2	3	0	0	995.40	
1946	12	2	6	0	0	997.40	
1946	12	2	9	0	0	996.50	
1946	12	2	12	0	0	997.30	
1946	12	2	15	0	0	998.30	
1946	12	2	18	0	0	998.90	
1946	12	2	21	0	0	998.50	
1946	12	3	0	0	0	996.10	
1946	12	3	3	0	0	994.10	
1946	12	3	6	0	0	992.30	
1946	12	3	9	0	0	991.70	
1946	12	3	12	0	0	991.10	
1946	12	3	15	0	0	991.10	
1946	12	3	18	0	0	993.30	
1946	12	3	21	0	0	994.20	
1946	12	4	0	0	0	996.20	
1946	12	4	3	0	0	999.00	
1946	12	4	6	0	0	1002.00	
1946	12	4	9	0	0	1005.40	
1946	12	4	12	0	0	1007.80	
1946	12	4	15	0	0	1010.10	
1946	12	4	18	0	0	1011.70	
1946	12	4	21	0	0	1013.60	
1946	12	5	0	0	0	1014.20	
1946	12	5	3	0	0	1014.00	
1946	12	5	6	0	0	1013.40	
1946	12	5	9	0	0	1012.20	
1946	12	5	12	0	0	1010.00	
1946	12	5	15	0	0	1008.70	
1946	12	5	18	0	0	1008.50	
1946	12	5	21	0	0	1006.50	
1946	12	6	0	0	0	1008.50	
1946	12	6	3	0	0	1008.80	
1946	12	6	6	0	0	1009.00	
1946	12	6	9	0	0	1010.10	
1946	12	6	12	0	0	1011.10	
1946	12	6	15	0	0	1011.90	
1946	12	6	18	0	0	1012.90	
1946	12	6	21	0	0	1011.40	
1946	12	7	0	0	0	1009.80	
1946	12	7	3	0	0	1007.40	
1946	12	7	6	0	0	1004.20	
1946	12	7	9	0	0	1002.10	
1946	12	7	12	0	0	997.90	
1946	12	7	15	0	0	995.00	
1946	12	7	18	0	0	993.20	
1946	12	7	21	0	0	991.30	
1946	12	8	0	0	0	989.10	
1946	12	8	3	0	0	986.10	
1946	12	8	6	0	0	986.30	
1946	12	8	9	0	0	985.60	
1946	12	8	12	0	0	986.00	
1946	12	8	15	0	0	984.70	
1946	12	8	18	0	0	983.90	
1946	12	8	21	0	0	984.00	
1946	12	9	0	0	0	985.00	
1946	12	9	3	0	0	985.70	
1946	12	9	6	0	0	987.50	
1946	12	9	9	0	0	989.80	
1946	12	9	12	0	0	992.60	
1946	12	9	15	0	0	994.90	
1946	12	9	18	0	0	997.90	
1946	12	9	21	0	0	1000.80	
1946	12	10	0	0	0	1003.40	
1946	12	10	3	0	0	1006.10	
1946	12	10	6	0	0	1008.10	
1946	12	10	9	0	0	1011.40	
1946	12	10	12	0	0	1012.40	
1946	12	10	15	0	0	1012.90	
1946	12	10	18	0	0	1013.50	
1946	12	10	21	0	0	1012.90	
1946	12	11	0	0	0	1011.50	
1946	12	11	3	0	0	1009.20	
1946	12	11	6	0	0	1006.00	
1946	12	11	9	0	0	1003.90	
1946	12	11	12	0	0	1000.50	
1946	12	11	15	0	0	999.10	
1946	12	11	18	0	0	999.10	
1946	12	11	21	0	0	1002.60	
1946	12	12	0	0	0	1006.80	
1946	12	12	3	0	0	1009.70	
1946	12	12	6	0	0	1012.30	
1946	12	12	9	0	0	1014.50	
1946	12	12	12	0	0	1016.30	
1946	12	12	15	0	0	1017.40	
1946	12	12	18	0	0	1018.60	
1946	12	12	21	0	0	1019.80	
1946	12	13	0	0	0	1020.40	
1946	12	13	3	0	0	1021.60	
1946	12	13	6	0	0	1022.20	
1946	12	13	9	0	0	1023.30	
1946	12	13	12	0	0	1024.70	
1946	12	13	15	0	0	1026.20	
1946	12	13	18	0	0	1027.40	
1946	12	13	21	0	0	1028.90	
1946	12	14	0	0	0	1029.50	
1946	12	14	3	0	0	1030.00	
1946	12	14	6	0	0	1030.40	
1946	12	14	9	0	0	1031.00	
1946	12	14	12	0	0	1032.00	
1946	12	14	15	0	0	1032.90	
1946	12	14	18	0	0	1034.90	
1946	12	14	21	0	0	1036.80	
1946	12	15	0	0	0	1038.20	
1946	12	15	3	0	0	1039.80	
1946	12	15	6	0	0	1041.60	
1946	12	15	9	0	0	1043.30	
1946	12	15	12	0	0	1044.30	
1946	12	15	15	0	0	1044.90	
1946	12	15	18	0	0	1045.10	
1946	12	15	21	0	0	1045.10	
1946	12	16	0	0	0	1045.30	
1946	12	16	3	0	0	1045.10	
1946	12	16	6	0	0	1044.50	
1946	12	16	9	0	0	1045.70	
1946	12	16	12	0	0	1045.50	
1946	12	16	15	0	0	1044.60	
1946	12	16	18	0	0	1044.40	
1946	12	16	21	0	0	1043.40	
1946	12	17	0	0	0	1043.60	
1946	12	17	3	0	0	1043.10	
1946	12	17	6	0	0	1042.70	
1946	12	17	9	0	0	1043.30	
1946	12	17	12	0	0	1043.30	
1946	12	17	15	0	0	1042.90	
1946	12	17	18	0	0	1043.30	
1946	12	17	21	0	0	1043.40	
1946	12	18	0	0	0	1043.60	
1946	12	18	3	0	0	1042.70	
1946	12	18	6	0	0	1042.50	
1946	12	18	9	0	0	1043.00	
1946	12	18	12	0	0	1042.40	
1946	12	18	15	0	0	1040.20	
1946	12	18	18	0	0	1039.40	
1946	12	18	21	0	0	1038.60	
1946	12	19	0	0	0	1036.80	
1946	12	19	3	0	0	1034.30	
1946	12	19	6	0	0	1031.70	
1946	12	19	9	0	0	1029.60	
1946	12	19	12	0	0	1028.60	
1946	12	19	15	0	0	1027.50	
1946	12	19	18	0	0	1027.50	
1946	12	19	21	0	0	1028.80	
1946	12	20	0	0	0	1029.40	
1946	12	20	3	0	0	1028.80	
1946	12	20	6	0	0	1028.20	
1946	12	20	9	0	0	1029.10	
1946	12	20	12	0	0	1028.30	
1946	12	20	15	0	0	1027.10	
1946	12	20	18	0	0	1027.10	
1946	12	20	21	0	0	1027.40	
1946	12	21	0	0	0	1026.80	
1946	12	21	3	0	0	1025.60	
1946	12	21	6	0	0	1024.00	
1946	12	21	9	0	0	1022.90	
1946	12	21	12	0	0	1020.90	
1946	12	21	15	0	0	1018.10	
1946	12	21	18	0	0	1016.70	
1946	12	21	21	0	0	1015.80	
1946	12	22	0	0	0	1013.60	
1946	12	22	3	0	0	1011.90	
1946	12	22	6	0	0	1010.10	
1946	12	22	9	0	0	1008.60	
1946	12	22	12	0	0	1006.40	
1946	12	22	15	0	0	1004.10	
1946	12	22	18	0	0	1003.50	
1946	12	22	21	0	0	1003.00	
1946	12	23	0	0	0	1002.20	
1946	12	23	3	0	0	1001.10	
1946	12	23	6	0	0	1000.30	
1946	12	23	9	0	0	1000.90	
1946	12	23	12	0	0	1001.10	
1946	12	23	15	0	0	1001.50	
1946	12	23	18	0	0	1002.50	
1946	12	23	21	0	0	1004.20	
1946	12	24	0	0	0	1005.20	
1946	12	24	3	0	0	1007.00	
1946	12	24	6	0	0	1009.00	
1946	12	24	9	0	0	1011.70	
1946	12	24	12	0	0	1012.70	
1946	12	24	15	0	0	1013.00	
1946	12	24	18	0	0	1013.60	
1946	12	24	21	0	0	1013.50	
1946	12	25	0	0	0	1011.10	
1946	12	25	3	0	0	1007.30	
1946	12	25	6	0	0	1003.50	
1946	12	25	9	0	0	996.60	
1946	12	25	12	0	0	994.80	
1946	12	25	15	0	0	993.50	
1946	12	25	18	0	0	995.70	
1946	12	25	21	0	0	997.40	
1946	12	26	0	0	0	998.00	
1946	12	26	3	0	0	998.70	
1946	12	26	6	0	0	998.30	
1946	12	26	9	0	0	998.40	
1946	12	26	12	0	0	997.60	
1946	12	26	15	0	0	993.60	
1946	12	26	18	0	0	990.40	
1946	12	26	21	0	0	990.60	
1946	12	27	0	0	0	993.20	
1946	12	27	3	0	0	994.10	
1946	12	27	6	0	0	995.90	
1946	12	27	9	0	0	998.00	
1946	12	27	12	0	0	1000.00	
1946	12	27	15	0	0	1002.80	
1946	12	27	18	0	0	1005.80	
1946	12	27	21	0	0	1008.60	
1946	12	28	0	0	0	1010.40	
1946	12	28	3	0	0	1012.30	
1946	12	28	6	0	0	1012.90	
1946	12	28	9	0	0	1013.50	
1946	12	28	12	0	0	1014.50	
1946	12	28	15	0	0	1015.80	
1946	12	28	18	0	0	1019.60	
1946	12	28	21	0	0	1022.50	
1946	12	29	0	0	0	1023.90	
1946	12	29	3	0	0	1024.20	
1946	12	29	6	0	0	1024.40	
1946	12	29	9	0	0	1023.70	
1946	12	29	12	0	0	1022.10	
1946	12	29	15	0	0	1019.40	
1946	12	29	18	0	0	1018.00	
1946	12	29	21	0	0	1015.20	
1946	12	30	0	0	0	1013.40	
1946	12	30	3	0	0	1013.20	
1946	12	30	6	0	0	1012.20	
1946	12	30	9	0	0	1013.30	
1946	12	30	12	0	0	1015.50	
1946	12	30	15	0	0	1014.80	
1946	12	30	18	0	0	1013.60	
1946	12	30	21	0	0	1012.20	
1946	12	31	0	0	0	1008.00	
1946	12	31	3	0	0	1004.20	
1946	12	31	6	0	0	999.60	
1946	12	31	9	0	0	998.60	
1946	12	31	12	0	0	999.80	
1946	12	31	15	0	0	1001.40	
1946	12	31	18	0	0	1003.80	
1946	12	31	21	0	0	1005.80	
1947	1	1	0	0	0	1008.20	
1947	1	1	3	0	0	1011.10	
1947	1	1	6	0	0	1012.90	
1947	1	1	9	0	0	1014.20	
1947	1	1	12	0	0	1014.00	
1947	1	1	15	0	0	1012.50	
1947	1	1	18	0	0	1010.10	
1947	1	1	21	0	0	1007.10	
1947	1	2	0	0	0	1004.10	
1947	1	2	3	0	0	1007.50	
1947	1	2	6	0	0	1011.30	
1947	1	2	9	0	0	1015.00	
1947	1	2	12	0	0	1017.00	
1947	1	2	15	0	0	1019.60	
1947	1	2	18	0	0	1019.00	
1947	1	2	21	0	0	1019.10	
1947	1	3	0	0	0	1018.50	
1947	1	3	3	0	0	1016.60	
1947	1	3	6	0	0	1014.80	
1947	1	3	9	0	0	1014.90	
1947	1	3	12	0	0	1014.30	
1947	1	3	15	0	0	1014.60	
1947	1	3	18	0	0	1015.60	
1947	1	3	21	0	0	1016.20	
1947	1	4	0	0	0	1017.20	
1947	1	4	3	0	0	1018.40	
1947	1	4	6	0	0	1018.80	
1947	1	4	9	0	0	1020.30	
1947	1	4	12	0	0	1020.70	
1947	1	4	15	0	0	1019.20	
1947	1	4	18	0	0	1018.60	
1947	1	4	21	0	0	1018.00	
1947	1	5	0	0	0	1017.00	
1947	1	5	3	0	0	1015.50	
1947	1	5	6	0	0	1014.10	
1947	1	5	9	0	0	1013.30	
1947	1	5	12	0	0	1011.10	
1947	1	5	15	0	0	1009.10	
1947	1	5	18	0	0	1007.30	
1947	1	5	21	0	0	1007.00	
1947	1	6	0	0	0	1006.80	
1947	1	6	3	0	0	1007.20	
1947	1	6	6	0	0	1007.20	
1947	1	6	9	0	0	1009.00	
1947	1	6	12	0	0	1009.00	
1947	1	6	15	0	0	1009.20	
1947	1	6	18	0	0	1009.40	
1947	1	6	21	0	0	1010.40	
1947	1	7	0	0	0	1010.20	
1947	1	7	3	0	0	1010.40	
1947	1	7	6	0	0	1010.00	
1947	1	7	9	0	0	1010.50	
1947	1	7	12	0	0	1009.90	
1947	1	7	15	0	0	1009.70	
1947	1	7	18	0	0	1010.10	
1947	1	7	21	0	0	1010.30	
1947	1	8	0	0	0	1010.70	
1947	1	8	3	0	0	1010.80	
1947	1	8	6	0	0	1009.80	
1947	1	8	9	0	0	1009.20	
1947	1	8	12	0	0	1007.00	
1947	1	8	15	0	0	1003.40	
1947	1	8	18	0	0	999.20	
1947	1	8	21	0	0	996.40	
1947	1	9	0	0	0	995.40	
1947	1	9	3	0	0	996.70	
1947	1	9	6	0	0	997.70	
1947	1	9	9	0	0	1000.20	
1947	1	9	12	0	0	1002.40	
1947	1	9	15	0	0	1004.00	
1947	1	9	18	0	0	1006.40	
1947	1	9	21	0	0	1008.90	
1947	1	10	0	0	0	1011.10	
1947	1	10	3	0	0	1012.40	
1947	1	10	6	0	0	1013.00	
1947	1	10	9	0	0	1014.00	
1947	1	10	12	0	0	1013.00	
1947	1	10	15	0	0	1010.50	
1947	1	10	18	0	0	1008.10	
1947	1	10	21	0	0	1005.80	
1947	1	11	0	0	0	1004.20	
1947	1	11	3	0	0	1001.90	
1947	1	11	6	0	0	1001.30	
1947	1	11	9	0	0	999.70	
1947	1	11	12	0	0	996.50	
1947	1	11	15	0	0	990.90	
1947	1	11	18	0	0	987.90	
1947	1	11	21	0	0	991.70	
1947	1	12	0	0	0	992.30	
1947	1	12	3	0	0	992.60	
1947	1	12	6	0	0	993.40	
1947	1	12	9	0	0	996.60	
1947	1	12	12	0	0	998.00	
1947	1	12	15	0	0	998.10	
1947	1	12	18	0	0	993.10	
1947	1	12	21	0	0	988.20	
1947	1	13	0	0	0	986.80	
1947	1	13	3	0	0	983.50	
1947	1	13	6	0	0	984.50	
1947	1	13	9	0	0	984.90	
1947	1	13	12	0	0	986.10	
1947	1	13	15	0	0	987.90	
1947	1	13	18	0	0	991.30	
1947	1	13	21	0	0	994.80	
1947	1	14	0	0	0	998.20	
1947	1	14	3	0	0	999.90	
1947	1	14	6	0	0	999.30	
1947	1	14	9	0	0	998.00	
1947	1	14	12	0	0	996.80	
1947	1	14	15	0	0	996.10	
1947	1	14	18	0	0	997.70	
1947	1	14	21	0	0	999.90	
1947	1	15	0	0	0	999.90	
1947	1	15	3	0	0	1000.00	
1947	1	15	6	0	0	1000.00	
1947	1	15	9	0	0	1002.00	
1947	1	15	12	0	0	1002.20	
1947	1	15	15	0	0	1002.70	
1947	1	15	18	0	0	1003.30	
1947	1	15	21	0	0	1005.90	
1947	1	16	0	0	0	1008.10	
1947	1	16	3	0	0	1009.80	
1947	1	16	6	0	0	1008.40	
1947	1	16	9	0	0	1008.80	
1947	1	16	12	0	0	1008.20	
1947	1	16	15	0	0	1006.20	
1947	1	16	18	0	0	1004.40	
1947	1	16	21	0	0	1002.70	
1947	1	17	0	0	0	1006.30	
1947	1	17	3	0	0	1009.20	
1947	1	17	6	0	0	1011.20	
1947	1	17	9	0	0	1014.10	
1947	1	17	12	0	0	1014.50	
1947	1	17	15	0	0	1017.90	
1947	1	17	18	0	0	1021.50	
1947	1	17	21	0	0	1022.70	
1947	1	18	0	0	0	1022.50	
1947	1	18	3	0	0	1023.70	
1947	1	18	6	0	0	1024.50	
1947	1	18	9	0	0	1026.10	
1947	1	18	12	0	0	1027.50	
1947	1	18	15	0	0	1027.80	
1947	1	18	18	0	0	1028.80	
1947	1	18	21	0	0	1029.20	
1947	1	19	0	0	0	1030.20	
1947	1	19	3	0	0	1031.70	
1947	1	19	6	0	0	1031.10	
1947	1	19	9	0	0	1031.80	
1947	1	19	12	0	0	1032.00	
1947	1	19	15	0	0	1030.50	
1947	1	19	18	0	0	1029.50	
1947	1	19	21	0	0	1029.10	
1947	1	20	0	0	0	1028.70	
1947	1	20	3	0	0	1028.40	
1947	1	20	6	0	0	1027.00	
1947	1	20	9	0	0	1028.00	
1947	1	20	12	0	0	1027.40	
1947	1	20	15	0	0	1026.40	
1947	1	20	18	0	0	1026.20	
1947	1	20	21	0	0	1026.70	
1947	1	21	0	0	0	1026.30	
1947	1	21	3	0	0	1025.80	
1947	1	21	6	0	0	1025.60	
1947	1	21	9	0	0	1026.30	
1947	1	21	12	0	0	1026.10	
1947	1	21	15	0	0	1026.30	
1947	1	21	18	0	0	1026.10	
1947	1	21	21	0	0	1026.70	
1947	1	22	0	0	0	1027.10	
1947	1	22	3	0	0	1027.50	
1947	1	22	6	0	0	1027.50	
1947	1	22	9	0	0	1028.50	
1947	1	22	12	0	0	1029.30	
1947	1	22	15	0	0	1029.80	
1947	1	22	18	0	0	1029.80	
1947	1	22	21	0	0	1031.00	
1947	1	23	0	0	0	1032.00	
1947	1	23	3	0	0	1032.80	
1947	1	23	6	0	0	1033.00	
1947	1	23	9	0	0	1033.80	
1947	1	23	12	0	0	1034.80	
1947	1	23	15	0	0	1035.10	
1947	1	23	18	0	0	1036.50	
1947	1	23	21	0	0	1037.30	
1947	1	24	0	0	0	1037.70	
1947	1	24	3	0	0	1037.40	
1947	1	24	6	0	0	1037.00	
1947	1	24	9	0	0	1037.30	
1947	1	24	12	0	0	1035.90	
1947	1	24	15	0	0	1034.70	
1947	1	24	18	0	0	1034.50	
1947	1	24	21	0	0	1033.40	
1947	1	25	0	0	0	1031.20	
1947	1	25	3	0	0	1029.00	
1947	1	25	6	0	0	1028.40	
1947	1	25	9	0	0	1028.50	
1947	1	25	12	0	0	1027.30	
1947	1	25	15	0	0	1025.40	
1947	1	25	18	0	0	1024.00	
1947	1	25	21	0	0	1022.40	
1947	1	26	0	0	0	1020.20	
1947	1	26	3	0	0	1021.60	
1947	1	26	6	0	0	1022.00	
1947	1	26	9	0	0	1023.30	
1947	1	26	12	0	0	1023.10	
1947	1	26	15	0	0	1023.00	
1947	1	26	18	0	0	1023.60	
1947	1	26	21	0	0	1024.40	
1947	1	27	0	0	0	1024.00	
1947	1	27	3	0	0	1024.50	
1947	1	27	6	0	0	1024.30	
1947	1	27	9	0	0	1025.70	
1947	1	27	12	0	0	1025.50	
1947	1	27	15	0	0	1025.00	
1947	1	27	18	0	0	1025.00	
1947	1	27	21	0	0	1024.60	
1947	1	28	0	0	0	1024.40	
1947	1	28	3	0	0	1023.80	
1947	1	28	6	0	0	1023.40	
1947	1	28	9	0	0	1022.90	
1947	1	28	12	0	0	1021.70	
1947	1	28	15	0	0	1019.70	
1947	1	28	18	0	0	1019.30	
1947	1	28	21	0	0	1018.10	
1947	1	29	0	0	0	1019.10	
1947	1	29	3	0	0	1018.90	
1947	1	29	6	0	0	1018.50	
1947	1	29	9	0	0	1019.70	
1947	1	29	12	0	0	1019.70	
1947	1	29	15	0	0	1019.60	
1947	1	29	18	0	0	1019.80	
1947	1	29	21	0	0	1019.70	
1947	1	30	0	0	0	1018.30	
1947	1	30	3	0	0	1016.50	
1947	1	30	6	0	0	1014.50	
1947	1	30	9	0	0	1013.70	
1947	1	30	12	0	0	1013.10	
1947	1	30	15	0	0	1012.20	
1947	1	30	18	0	0	1012.40	
1947	1	30	21	0	0	1013.30	
1947	1	31	0	0	0	1012.70	
1947	1	31	3	0	0	1011.80	
1947	1	31	6	0	0	1011.20	
1947	1	31	9	0	0	1011.20	
1947	1	31	12	0	0	1010.80	
1947	1	31	15	0	0	1010.60	
1947	1	31	18	0	0	1011.60	
1947	1	31	21	0	0	1012.10	
1947	2	1	0	0	0	1012.30	
1947	2	1	3	0	0	1011.60	
1947	2	1	6	0	0	1011.00	
1947	2	1	9	0	0	1011.20	
1947	2	1	12	0	0	1010.60	
1947	2	1	15	0	0	1010.30	
1947	2	1	18	0	0	1010.10	
1947	2	1	21	0	0	1008.60	
1947	2	2	0	0	0	1007.40	
1947	2	2	3	0	0	1005.20	
1947	2	2	6	0	0	1003.20	
1947	2	2	9	0	0	1002.60	
1947	2	2	12	0	0	1000.80	
1947	2	2	15	0	0	998.30	
1947	2	2	18	0	0	996.90	
1947	2	2	21	0	0	995.70	
1947	2	3	0	0	0	995.10	
1947	2	3	3	0	0	993.60	
1947	2	3	6	0	0	992.60	
1947	2	3	9	0	0	991.70	
1947	2	3	12	0	0	991.10	
1947	2	3	15	0	0	989.50	
1947	2	3	18	0	0	989.70	
1947	2	3	21	0	0	990.30	
1947	2	4	0	0	0	991.30	
1947	2	4	3	0	0	992.60	
1947	2	4	6	0	0	994.40	
1947	2	4	9	0	0	997.20	
1947	2	4	12	0	0	999.80	
1947	2	4	15	0	0	1001.40	
1947	2	4	18	0	0	1003.60	
1947	2	4	21	0	0	1005.40	
1947	2	5	0	0	0	1007.40	
1947	2	5	3	0	0	1008.60	
1947	2	5	6	0	0	1010.40	
1947	2	5	9	0	0	1011.30	
1947	2	5	12	0	0	1012.70	
1947	2	5	15	0	0	1013.60	
1947	2	5	18	0	0	1014.60	
1947	2	5	21	0	0	1015.60	
1947	2	6	0	0	0	1015.80	
1947	2	6	3	0	0	1016.00	
1947	2	6	6	0	0	1015.80	
1947	2	6	9	0	0	1016.50	
1947	2	6	12	0	0	1017.10	
1947	2	6	15	0	0	1016.20	
1947	2	6	18	0	0	1016.80	
1947	2	6	21	0	0	1016.80	
1947	2	7	0	0	0	1016.40	
1947	2	7	3	0	0	1015.50	
1947	2	7	6	0	0	1014.50	
1947	2	7	9	0	0	1014.20	
1947	2	7	12	0	0	1013.00	
1947	2	7	15	0	0	1012.10	
1947	2	7	18	0	0	1011.70	
1947	2	7	21	0	0	1011.10	
1947	2	8	0	0	0	1010.10	
1947	2	8	3	0	0	1009.50	
1947	2	8	6	0	0	1007.90	
1947	2	8	9	0	0	1007.50	
1947	2	8	12	0	0	1006.90	
1947	2	8	15	0	0	1005.10	
1947	2	8	18	0	0	1005.30	
1947	2	8	21	0	0	1005.00	
1947	2	9	0	0	0	1005.20	
1947	2	9	3	0	0	1005.00	
1947	2	9	6	0	0	1005.20	
1947	2	9	9	0	0	1005.80	
1947	2	9	12	0	0	1005.60	
1947	2	9	15	0	0	1005.40	
1947	2	9	18	0	0	1006.00	
1947	2	9	21	0	0	1006.40	
1947	2	10	0	0	0	1006.60	
1947	2	10	3	0	0	1006.60	
1947	2	10	6	0	0	1007.80	
1947	2	10	9	0	0	1010.30	
1947	2	10	12	0	0	1011.70	
1947	2	10	15	0	0	1012.40	
1947	2	10	18	0	0	1013.40	
1947	2	10	21	0	0	1013.30	
1947	2	11	0	0	0	1014.50	
1947	2	11	3	0	0	1015.20	
1947	2	11	6	0	0	1015.80	
1947	2	11	9	0	0	1016.80	
1947	2	11	12	0	0	1017.80	
1947	2	11	15	0	0	1018.00	
1947	2	11	18	0	0	1018.60	
1947	2	11	21	0	0	1018.30	
1947	2	12	0	0	0	1018.50	
1947	2	12	3	0	0	1018.20	
1947	2	12	6	0	0	1017.60	
1947	2	12	9	0	0	1018.00	
1947	2	12	12	0	0	1018.20	
1947	2	12	15	0	0	1018.10	
1947	2	12	18	0	0	1017.90	
1947	2	12	21	0	0	1018.10	
1947	2	13	0	0	0	1017.70	
1947	2	13	3	0	0	1016.90	
1947	2	13	6	0	0	1016.70	
1947	2	13	9	0	0	1017.40	
1947	2	13	12	0	0	1017.40	
1947	2	13	15	0	0	1016.80	
1947	2	13	18	0	0	1017.00	
1947	2	13	21	0	0	1017.10	
1947	2	14	0	0	0	1017.30	
1947	2	14	3	0	0	1017.70	
1947	2	14	6	0	0	1018.30	
1947	2	14	9	0	0	1020.10	
1947	2	14	12	0	0	1021.10	
1947	2	14	15	0	0	1021.70	
1947	2	14	18	0	0	1022.30	
1947	2	14	21	0	0	1023.60	
1947	2	15	0	0	0	1024.40	
1947	2	15	3	0	0	1024.80	
1947	2	15	6	0	0	1025.40	
1947	2	15	9	0	0	1027.10	
1947	2	15	12	0	0	1028.10	
1947	2	15	15	0	0	1028.30	
1947	2	15	18	0	0	1029.30	
1947	2	15	21	0	0	1030.20	
1947	2	16	0	0	0	1030.40	
1947	2	16	3	0	0	1030.00	
1947	2	16	6	0	0	1029.80	
1947	2	16	9	0	0	1030.20	
1947	2	16	12	0	0	1028.80	
1947	2	16	15	0	0	1028.20	
1947	2	16	18	0	0	1027.40	
1947	2	16	21	0	0	1026.90	
1947	2	17	0	0	0	1026.70	
1947	2	17	3	0	0	1025.60	
1947	2	17	6	0	0	1024.00	
1947	2	17	9	0	0	1023.20	
1947	2	17	12	0	0	1022.00	
1947	2	17	15	0	0	1019.90	
1947	2	17	18	0	0	1019.90	
1947	2	17	21	0	0	1019.40	
1947	2	18	0	0	0	1019.20	
1947	2	18	3	0	0	1018.30	
1947	2	18	6	0	0	1017.90	
1947	2	18	9	0	0	1018.60	
1947	2	18	12	0	0	1018.80	
1947	2	18	15	0	0	1019.00	
1947	2	18	18	0	0	1019.80	
1947	2	18	21	0	0	1020.10	
1947	2	19	0	0	0	1020.30	
1947	2	19	3	0	0	1019.90	
1947	2	19	6	0	0	1019.50	
1947	2	19	9	0	0	1019.30	
1947	2	19	12	0	0	1018.90	
1947	2	19	15	0	0	1018.30	
1947	2	19	18	0	0	1018.10	
1947	2	19	21	0	0	1017.30	
1947	2	20	0	0	0	1015.90	
1947	2	20	3	0	0	1015.00	
1947	2	20	6	0	0	1014.80	
1947	2	20	9	0	0	1013.50	
1947	2	20	12	0	0	1012.50	
1947	2	20	15	0	0	1010.90	
1947	2	20	18	0	0	1009.10	
1947	2	20	21	0	0	1008.60	
1947	2	21	0	0	0	1007.00	
1947	2	21	3	0	0	1005.30	
1947	2	21	6	0	0	1004.10	
1947	2	21	9	0	0	1003.40	
1947	2	21	12	0	0	1002.60	
1947	2	21	15	0	0	1001.90	
1947	2	21	18	0	0	1001.70	
1947	2	21	21	0	0	1002.00	
1947	2	22	0	0	0	1001.80	
1947	2	22	3	0	0	1001.90	
1947	2	22	6	0	0	1002.10	
1947	2	22	9	0	0	1003.60	
1947	2	22	12	0	0	1004.20	
1947	2	22	15	0	0	1004.90	
1947	2	22	18	0	0	1006.50	
1947	2	22	21	0	0	1007.90	
1947	2	23	0	0	0	1009.70	
1947	2	23	3	0	0	1011.50	
1947	2	23	6	0	0	1012.90	
1947	2	23	9	0	0	1014.70	
1947	2	23	12	0	0	1014.90	
1947	2	23	15	0	0	1015.80	
1947	2	23	18	0	0	1016.00	
1947	2	23	21	0	0	1016.60	
1947	2	24	0	0	0	1016.80	
1947	2	24	3	0	0	1016.90	
1947	2	24	6	0	0	1016.30	
1947	2	24	9	0	0	1016.40	
1947	2	24	12	0	0	1015.80	
1947	2	24	15	0	0	1014.50	
1947	2	24	18	0	0	1014.70	
1947	2	24	21	0	0	1014.80	
1947	2	25	0	0	0	1015.60	
1947	2	25	3	0	0	1015.30	
1947	2	25	6	0	0	1015.10	
1947	2	25	9	0	0	1015.40	
1947	2	25	12	0	0	1014.60	
1947	2	25	15	0	0	1014.20	
1947	2	25	18	0	0	1014.40	
1947	2	25	21	0	0	1013.70	
1947	2	26	0	0	0	1011.90	
1947	2	26	3	0	0	1007.90	
1947	2	26	6	0	0	1004.10	
1947	2	26	9	0	0	1001.80	
1947	2	26	12	0	0	998.80	
1947	2	26	15	0	0	998.50	
1947	2	26	18	0	0	998.90	
1947	2	26	21	0	0	999.60	
1947	2	27	0	0	0	999.80	
1947	2	27	3	0	0	1000.50	
1947	2	27	6	0	0	1001.10	
1947	2	27	9	0	0	1001.30	
1947	2	27	12	0	0	1000.90	
1947	2	27	15	0	0	1001.20	
1947	2	27	18	0	0	1001.40	
1947	2	27	21	0	0	1001.40	
1947	2	28	0	0	0	1000.40	
1947	2	28	3	0	0	999.30	
1947	2	28	6	0	0	999.50	
1947	2	28	9	0	0	1001.30	
1947	2	28	12	0	0	1002.30	
1947	2	28	15	0	0	1003.40	
1947	2	28	18	0	0	1004.80	
1947	2	28	21	0	0	1006.30	
1947	3	1	0	0	0	1006.90	
1947	3	1	3	0	0	1006.70	
1947	3	1	6	0	0	1006.90	
1947	3	1	9	0	0	1007.40	
1947	3	1	12	0	0	1007.80	
1947	3	1	15	0	0	1009.00	
1947	3	1	18	0	0	1009.60	
1947	3	1	21	0	0	1010.30	
1947	3	2	0	0	0	1010.50	
1947	3	2	3	0	0	1011.10	
1947	3	2	6	0	0	1011.70	
1947	3	2	9	0	0	1012.60	
1947	3	2	12	0	0	1014.00	
1947	3	2	15	0	0	1014.30	
1947	3	2	18	0	0	1015.30	
1947	3	2	21	0	0	1016.40	
1947	3	3	0	0	0	1017.40	
1947	3	3	3	0	0	1017.40	
1947	3	3	6	0	0	1017.80	
1947	3	3	9	0	0	1018.10	
1947	3	3	12	0	0	1017.50	
1947	3	3	15	0	0	1017.30	
1947	3	3	18	0	0	1017.90	
1947	3	3	21	0	0	1018.90	
1947	3	4	0	0	0	1018.90	
1947	3	4	3	0	0	1018.00	
1947	3	4	6	0	0	1017.80	
1947	3	4	9	0	0	1018.10	
1947	3	4	12	0	0	1015.90	
1947	3	4	15	0	0	1013.50	
1947	3	4	18	0	0	1011.10	
1947	3	4	21	0	0	1007.90	
1947	3	5	0	0	0	1006.50	
1947	3	5	3	0	0	1006.40	
1947	3	5	6	0	0	1005.00	
1947	3	5	9	0	0	1005.00	
1947	3	5	12	0	0	1004.20	
1947	3	5	15	0	0	1003.40	
1947	3	5	18	0	0	1002.80	
1947	3	5	21	0	0	1003.30	
1947	3	6	0	0	0	1003.10	
1947	3	6	3	0	0	1002.90	
1947	3	6	6	0	0	1003.10	
1947	3	6	9	0	0	1003.70	
1947	3	6	12	0	0	1004.10	
1947	3	6	15	0	0	1004.40	
1947	3	6	18	0	0	1005.80	
1947	3	6	21	0	0	1006.70	
1947	3	7	0	0	0	1006.90	
1947	3	7	3	0	0	1007.20	
1947	3	7	6	0	0	1007.40	
1947	3	7	9	0	0	1008.70	
1947	3	7	12	0	0	1009.50	
1947	3	7	15	0	0	1009.10	
1947	3	7	18	0	0	1009.30	
1947	3	7	21	0	0	1009.50	
1947	3	8	0	0	0	1008.50	
1947	3	8	3	0	0	1007.70	
1947	3	8	6	0	0	1007.10	
1947	3	8	9	0	0	1007.70	
1947	3	8	12	0	0	1009.30	
1947	3	8	15	0	0	1010.30	
1947	3	8	18	0	0	1012.50	
1947	3	8	21	0	0	1014.60	
1947	3	9	0	0	0	1016.00	
1947	3	9	3	0	0	1016.90	
1947	3	9	6	0	0	1017.90	
1947	3	9	9	0	0	1019.30	
1947	3	9	12	0	0	1020.30	
1947	3	9	15	0	0	1019.80	
1947	3	9	18	0	0	1020.40	
1947	3	9	21	0	0	1018.90	
1947	3	10	0	0	0	1016.10	
1947	3	10	3	0	0	1012.30	
1947	3	10	6	0	0	1010.10	
1947	3	10	9	0	0	1008.20	
1947	3	10	12	0	0	1006.40	
1947	3	10	15	0	0	1002.00	
1947	3	10	18	0	0	1000.20	
1947	3	10	21	0	0	1001.50	
1947	3	11	0	0	0	1000.10	
1947	3	11	3	0	0	998.90	
1947	3	11	6	0	0	1001.10	
1947	3	11	9	0	0	1004.20	
1947	3	11	12	0	0	1007.40	
1947	3	11	15	0	0	1010.60	
1947	3	11	18	0	0	1013.20	
1947	3	11	21	0	0	1016.10	
1947	3	12	0	0	0	1018.10	
1947	3	12	3	0	0	1018.90	
1947	3	12	6	0	0	1019.50	
1947	3	12	9	0	0	1020.40	
1947	3	12	12	0	0	1019.40	
1947	3	12	15	0	0	1017.20	
1947	3	12	18	0	0	1014.80	
1947	3	12	21	0	0	1012.30	
1947	3	13	0	0	0	1007.90	
1947	3	13	3	0	0	1003.00	
1947	3	13	6	0	0	998.40	
1947	3	13	9	0	0	995.40	
1947	3	13	12	0	0	993.00	
1947	3	13	15	0	0	990.10	
1947	3	13	18	0	0	989.90	
1947	3	13	21	0	0	990.20	
1947	3	14	0	0	0	991.60	
1947	3	14	3	0	0	993.80	
1947	3	14	6	0	0	996.40	
1947	3	14	9	0	0	1000.80	
1947	3	14	12	0	0	1005.00	
1947	3	14	15	0	0	1008.60	
1947	3	14	18	0	0	1012.40	
1947	3	14	21	0	0	1016.10	
1947	3	15	0	0	0	1018.70	
1947	3	15	3	0	0	1020.40	
1947	3	15	6	0	0	1021.00	
1947	3	15	9	0	0	1021.50	
1947	3	15	12	0	0	1020.90	
1947	3	15	15	0	0	1017.40	
1947	3	15	18	0	0	1015.20	
1947	3	15	21	0	0	1012.50	
1947	3	16	0	0	0	1009.50	
1947	3	16	3	0	0	1006.30	
1947	3	16	6	0	0	1003.70	
1947	3	16	9	0	0	1001.20	
1947	3	16	12	0	0	996.20	
1947	3	16	15	0	0	988.40	
1947	3	16	18	0	0	979.00	
1947	3	16	21	0	0	976.20	
1947	3	17	0	0	0	990.40	
1947	3	17	3	0	0	998.50	
1947	3	17	6	0	0	1003.10	
1947	3	17	9	0	0	1005.20	
1947	3	17	12	0	0	1007.40	
1947	3	17	15	0	0	1007.20	
1947	3	17	18	0	0	1006.60	
1947	3	17	21	0	0	1005.90	
1947	3	18	0	0	0	1004.50	
1947	3	18	3	0	0	1002.20	
1947	3	18	6	0	0	999.20	
1947	3	18	9	0	0	999.30	
1947	3	18	12	0	0	998.30	
1947	3	18	15	0	0	997.10	
1947	3	18	18	0	0	996.10	
1947	3	18	21	0	0	995.90	
1947	3	19	0	0	0	994.70	
1947	3	19	3	0	0	992.50	
1947	3	19	6	0	0	990.30	
1947	3	19	9	0	0	989.30	
1947	3	19	12	0	0	988.10	
1947	3	19	15	0	0	987.10	
1947	3	19	18	0	0	987.50	
1947	3	19	21	0	0	989.50	
1947	3	20	0	0	0	991.90	
1947	3	20	3	0	0	993.70	
1947	3	20	6	0	0	995.70	
1947	3	20	9	0	0	997.40	
1947	3	20	12	0	0	999.20	
1947	3	20	15	0	0	998.50	
1947	3	20	18	0	0	998.10	
1947	3	20	21	0	0	998.00	
1947	3	21	0	0	0	997.40	
1947	3	21	3	0	0	996.10	
1947	3	21	6	0	0	993.50	
1947	3	21	9	0	0	988.90	
1947	3	21	12	0	0	983.10	
1947	3	21	15	0	0	982.40	
1947	3	21	18	0	0	985.80	
1947	3	21	21	0	0	986.40	
1947	3	22	0	0	0	987.20	
1947	3	22	3	0	0	987.30	
1947	3	22	6	0	0	987.50	
1947	3	22	9	0	0	987.00	
1947	3	22	12	0	0	985.80	
1947	3	22	15	0	0	984.50	
1947	3	22	18	0	0	985.30	
1947	3	22	21	0	0	985.40	
1947	3	23	0	0	0	984.40	
1947	3	23	3	0	0	982.20	
1947	3	23	6	0	0	980.80	
1947	3	23	9	0	0	980.80	
1947	3	23	12	0	0	981.00	
1947	3	23	15	0	0	980.90	
1947	3	23	18	0	0	981.50	
1947	3	23	21	0	0	982.40	
1947	3	24	0	0	0	983.00	
1947	3	24	3	0	0	984.10	
1947	3	24	6	0	0	986.70	
1947	3	24	9	0	0	991.60	
1947	3	24	12	0	0	995.80	
1947	3	24	15	0	0	998.60	
1947	3	24	18	0	0	1002.20	
1947	3	24	21	0	0	1004.90	
1947	3	25	0	0	0	1006.70	
1947	3	25	3	0	0	1006.80	
1947	3	25	6	0	0	1008.80	
1947	3	25	9	0	0	1009.90	
1947	3	25	12	0	0	1011.30	
1947	3	25	15	0	0	1010.60	
1947	3	25	18	0	0	1009.60	
1947	3	25	21	0	0	1008.90	
1947	3	26	0	0	0	1007.10	
1947	3	26	3	0	0	1004.30	
1947	3	26	6	0	0	1000.90	
1947	3	26	9	0	0	1001.00	
1947	3	26	12	0	0	1000.60	
1947	3	26	15	0	0	1000.40	
1947	3	26	18	0	0	1001.20	
1947	3	26	21	0	0	1002.80	
1947	3	27	0	0	0	1002.00	
1947	3	27	3	0	0	1000.90	
1947	3	27	6	0	0	1001.10	
1947	3	27	9	0	0	1001.00	
1947	3	27	12	0	0	1000.40	
1947	3	27	15	0	0	999.30	
1947	3	27	18	0	0	998.70	
1947	3	27	21	0	0	998.50	
1947	3	28	0	0	0	997.50	
1947	3	28	3	0	0	996.60	
1947	3	28	6	0	0	996.80	
1947	3	28	9	0	0	997.00	
1947	3	28	12	0	0	996.60	
1947	3	28	15	0	0	995.80	
1947	3	28	18	0	0	995.20	
1947	3	28	21	0	0	995.70	
1947	3	29	0	0	0	994.30	
1947	3	29	3	0	0	992.00	
1947	3	29	6	0	0	990.40	
1947	3	29	9	0	0	988.50	
1947	3	29	12	0	0	986.70	
1947	3	29	15	0	0	985.30	
1947	3	29	18	0	0	984.70	
1947	3	29	21	0	0	984.30	
1947	3	30	0	0	0	983.30	
1947	3	30	3	0	0	982.50	
1947	3	30	6	0	0	982.70	
1947	3	30	9	0	0	984.20	
1947	3	30	12	0	0	985.60	
1947	3	30	15	0	0	987.30	
1947	3	30	18	0	0	989.10	
1947	3	30	21	0	0	991.20	
1947	3	31	0	0	0	992.00	
1947	3	31	3	0	0	992.00	
1947	3	31	6	0	0	992.60	
1947	3	31	9	0	0	993.00	
1947	3	31	12	0	0	993.60	
1947	3	31	15	0	0	993.90	
1947	3	31	18	0	0	994.10	
1947	3	31	21	0	0	995.30	
1947	4	1	0	0	0	996.10	
1947	4	1	3	0	0	996.40	
1947	4	1	6	0	0	997.00	
1947	4	1	9	0	0	997.80	
1947	4	1	12	0	0	998.60	
1947	4	1	15	0	0	999.20	
1947	4	1	18	0	0	1000.00	
1947	4	1	21	0	0	1001.30	
1947	4	2	0	0	0	1001.10	
1947	4	2	3	0	0	1001.00	
1947	4	2	6	0	0	1001.20	
1947	4	2	9	0	0	1002.10	
1947	4	2	12	0	0	1002.50	
1947	4	2	15	0	0	1002.80	
1947	4	2	18	0	0	1003.80	
1947	4	2	21	0	0	1004.90	
1947	4	3	0	0	0	1005.90	
1947	4	3	3	0	0	1006.00	
1947	4	3	6	0	0	1006.00	
1947	4	3	9	0	0	1006.00	
1947	4	3	12	0	0	1005.20	
1947	4	3	15	0	0	1003.10	
1947	4	3	18	0	0	1002.10	
1947	4	3	21	0	0	1001.80	
1947	4	4	0	0	0	1000.80	
1947	4	4	3	0	0	1000.60	
1947	4	4	6	0	0	1001.20	
1947	4	4	9	0	0	1003.30	
1947	4	4	12	0	0	1005.90	
1947	4	4	15	0	0	1009.50	
1947	4	4	18	0	0	1012.10	
1947	4	4	21	0	0	1015.30	
1947	4	5	0	0	0	1016.70	
1947	4	5	3	0	0	1017.30	
1947	4	5	6	0	0	1017.30	
1947	4	5	9	0	0	1016.00	
1947	4	5	12	0	0	1011.80	
1947	4	5	15	0	0	1005.60	
1947	4	5	18	0	0	999.40	
1947	4	5	21	0	0	996.90	
1947	4	6	0	0	0	998.50	
1947	4	6	3	0	0	998.90	
1947	4	6	6	0	0	999.90	
1947	4	6	9	0	0	1001.40	
1947	4	6	12	0	0	1002.00	
1947	4	6	15	0	0	1001.20	
1947	4	6	18	0	0	1000.20	
1947	4	6	21	0	0	1000.60	
1947	4	7	0	0	0	1000.40	
1947	4	7	3	0	0	1000.80	
1947	4	7	6	0	0	1001.20	
1947	4	7	9	0	0	1002.20	
1947	4	7	12	0	0	1005.60	
1947	4	7	15	0	0	1008.00	
1947	4	7	18	0	0	1011.00	
1947	4	7	21	0	0	1013.10	
1947	4	8	0	0	0	1012.70	
1947	4	8	3	0	0	1010.80	
1947	4	8	6	0	0	1007.40	
1947	4	8	9	0	0	1002.50	
1947	4	8	12	0	0	998.70	
1947	4	8	15	0	0	1003.10	
1947	4	8	18	0	0	1010.50	
1947	4	8	21	0	0	1014.40	
1947	4	9	0	0	0	1017.80	
1947	4	9	3	0	0	1021.30	
1947	4	9	6	0	0	1025.70	
1947	4	9	9	0	0	1029.10	
1947	4	9	12	0	0	1031.30	
1947	4	9	15	0	0	1032.70	
1947	4	9	18	0	0	1033.70	
1947	4	9	21	0	0	1035.50	
1947	4	10	0	0	0	1035.70	
1947	4	10	3	0	0	1035.60	
1947	4	10	6	0	0	1035.80	
1947	4	10	9	0	0	1036.30	
1947	4	10	12	0	0	1036.10	
1947	4	10	15	0	0	1035.40	
1947	4	10	18	0	0	1034.80	
1947	4	10	21	0	0	1035.00	
1947	4	11	0	0	0	1035.00	
1947	4	11	3	0	0	1034.50	
1947	4	11	6	0	0	1034.70	
1947	4	11	9	0	0	1034.50	
1947	4	11	12	0	0	1032.10	
1947	4	11	15	0	0	1030.50	
1947	4	11	18	0	0	1029.10	
1947	4	11	21	0	0	1030.10	
1947	4	12	0	0	0	1030.70	
1947	4	12	3	0	0	1030.40	
1947	4	12	6	0	0	1032.20	
1947	4	12	9	0	0	1033.70	
1947	4	12	12	0	0	1034.10	
1947	4	12	15	0	0	1034.80	
1947	4	12	18	0	0	1035.00	
1947	4	12	21	0	0	1036.00	
1947	4	13	0	0	0	1035.00	
1947	4	13	3	0	0	1033.80	
1947	4	13	6	0	0	1032.40	
1947	4	13	9	0	0	1030.80	
1947	4	13	12	0	0	1028.20	
1947	4	13	15	0	0	1025.10	
1947	4	13	18	0	0	1022.50	
1947	4	13	21	0	0	1021.80	
1947	4	14	0	0	0	1020.40	
1947	4	14	3	0	0	1020.00	
1947	4	14	6	0	0	1019.00	
1947	4	14	9	0	0	1020.00	
1947	4	14	12	0	0	1020.40	
1947	4	14	15	0	0	1020.80	
1947	4	14	18	0	0	1021.80	
1947	4	14	21	0	0	1022.70	
1947	4	15	0	0	0	1022.50	
1947	4	15	3	0	0	1022.40	
1947	4	15	6	0	0	1022.60	
1947	4	15	9	0	0	1023.00	
1947	4	15	12	0	0	1023.20	
1947	4	15	15	0	0	1022.20	
1947	4	15	18	0	0	1022.80	
1947	4	15	21	0	0	1023.80	
1947	4	16	0	0	0	1024.60	
1947	4	16	3	0	0	1023.80	
1947	4	16	6	0	0	1023.20	
1947	4	16	9	0	0	1022.00	
1947	4	16	12	0	0	1018.60	
1947	4	16	15	0	0	1018.40	
1947	4	16	18	0	0	1018.60	
1947	4	16	21	0	0	1019.40	
1947	4	17	0	0	0	1019.20	
1947	4	17	3	0	0	1019.80	
1947	4	17	6	0	0	1022.00	
1947	4	17	9	0	0	1023.60	
1947	4	17	12	0	0	1023.80	
1947	4	17	15	0	0	1023.80	
1947	4	17	18	0	0	1023.60	
1947	4	17	21	0	0	1024.40	
1947	4	18	0	0	0	1024.20	
1947	4	18	3	0	0	1022.70	
1947	4	18	6	0	0	1022.50	
1947	4	18	9	0	0	1021.30	
1947	4	18	12	0	0	1019.50	
1947	4	18	15	0	0	1016.10	
1947	4	18	18	0	0	1014.70	
1947	4	18	21	0	0	1014.10	
1947	4	19	0	0	0	1012.70	
1947	4	19	3	0	0	1010.80	
1947	4	19	6	0	0	1010.60	
1947	4	19	9	0	0	1011.10	
1947	4	19	12	0	0	1011.10	
1947	4	19	15	0	0	1010.40	
1947	4	19	18	0	0	1011.00	
1947	4	19	21	0	0	1011.00	
1947	4	20	0	0	0	1010.20	
1947	4	20	3	0	0	1008.00	
1947	4	20	6	0	0	1006.60	
1947	4	20	9	0	0	1004.10	
1947	4	20	12	0	0	1001.10	
1947	4	20	15	0	0	998.10	
1947	4	20	18	0	0	997.30	
1947	4	20	21	0	0	999.30	
1947	4	21	0	0	0	1000.50	
1947	4	21	3	0	0	1001.20	
1947	4	21	6	0	0	1003.00	
1947	4	21	9	0	0	1001.70	
1947	4	21	12	0	0	1000.70	
1947	4	21	15	0	0	1001.20	
1947	4	21	18	0	0	999.80	
1947	4	21	21	0	0	996.90	
1947	4	22	0	0	0	996.30	
1947	4	22	3	0	0	996.50	
1947	4	22	6	0	0	997.50	
1947	4	22	9	0	0	998.30	
1947	4	22	12	0	0	998.50	
1947	4	22	15	0	0	998.30	
1947	4	22	18	0	0	998.90	
1947	4	22	21	0	0	1001.00	
1947	4	23	0	0	0	1003.00	
1947	4	23	3	0	0	1003.60	
1947	4	23	6	0	0	1003.00	
1947	4	23	9	0	0	999.20	
1947	4	23	12	0	0	990.20	
1947	4	23	15	0	0	984.00	
1947	4	23	18	0	0	978.00	
1947	4	23	21	0	0	981.60	
1947	4	24	0	0	0	986.60	
1947	4	24	3	0	0	994.10	
1947	4	24	6	0	0	1001.50	
1947	4	24	9	0	0	1007.00	
1947	4	24	12	0	0	1010.20	
1947	4	24	15	0	0	1014.10	
1947	4	24	18	0	0	1015.90	
1947	4	24	21	0	0	1019.10	
1947	4	25	0	0	0	1021.30	
1947	4	25	3	0	0	1020.80	
1947	4	25	6	0	0	1018.40	
1947	4	25	9	0	0	1016.20	
1947	4	25	12	0	0	1012.40	
1947	4	25	15	0	0	1009.00	
1947	4	25	18	0	0	1009.20	
1947	4	25	21	0	0	1012.60	
1947	4	26	0	0	0	1014.40	
1947	4	26	3	0	0	1016.20	
1947	4	26	6	0	0	1020.40	
1947	4	26	9	0	0	1022.80	
1947	4	26	12	0	0	1023.80	
1947	4	26	15	0	0	1023.90	
1947	4	26	18	0	0	1024.10	
1947	4	26	21	0	0	1024.60	
1947	4	27	0	0	0	1022.60	
1947	4	27	3	0	0	1020.30	
1947	4	27	6	0	0	1017.70	
1947	4	27	9	0	0	1014.30	
1947	4	27	12	0	0	1011.70	
1947	4	27	15	0	0	1009.20	
1947	4	27	18	0	0	1007.40	
1947	4	27	21	0	0	1007.60	
1947	4	28	0	0	0	1007.80	
1947	4	28	3	0	0	1007.10	
1947	4	28	6	0	0	1007.10	
1947	4	28	9	0	0	1008.00	
1947	4	28	12	0	0	1008.60	
1947	4	28	15	0	0	1009.60	
1947	4	28	18	0	0	1011.20	
1947	4	28	21	0	0	1014.40	
1947	4	29	0	0	0	1015.80	
1947	4	29	3	0	0	1017.30	
1947	4	29	6	0	0	1017.90	
1947	4	29	9	0	0	1018.50	
1947	4	29	12	0	0	1015.50	
1947	4	29	15	0	0	1010.70	
1947	4	29	18	0	0	1005.70	
1947	4	29	21	0	0	1002.30	
1947	4	30	0	0	0	1001.50	
1947	4	30	3	0	0	1004.00	
1947	4	30	6	0	0	1007.40	
1947	4	30	9	0	0	1012.80	
1947	4	30	12	0	0	1014.60	
1947	4	30	15	0	0	1013.70	
1947	4	30	18	0	0	1014.90	
1947	4	30	21	0	0	1016.80	
1947	5	1	0	0	0	1017.80	
1947	5	1	3	0	0	1018.80	
1947	5	1	6	0	0	1020.60	
1947	5	1	9	0	0	1021.60	
1947	5	1	12	0	0	1023.00	
1947	5	1	15	0	0	1023.40	
1947	5	1	18	0	0	1023.60	
1947	5	1	21	0	0	1024.90	
1947	5	2	0	0	0	1025.10	
1947	5	2	3	0	0	1025.50	
1947	5	2	6	0	0	1025.70	
1947	5	2	9	0	0	1024.70	
1947	5	2	12	0	0	1022.90	
1947	5	2	15	0	0	1022.40	
1947	5	2	18	0	0	1022.00	
1947	5	2	21	0	0	1021.10	
1947	5	3	0	0	0	1019.10	
1947	5	3	3	0	0	1016.40	
1947	5	3	6	0	0	1013.80	
1947	5	3	9	0	0	1012.40	
1947	5	3	12	0	0	1011.40	
1947	5	3	15	0	0	1011.60	
1947	5	3	18	0	0	1011.40	
1947	5	3	21	0	0	1012.90	
1947	5	4	0	0	0	1013.30	
1947	5	4	3	0	0	1012.70	
1947	5	4	6	0	0	1012.50	
1947	5	4	9	0	0	1012.00	
1947	5	4	12	0	0	1011.80	
1947	5	4	15	0	0	1011.20	
1947	5	4	18	0	0	1011.00	
1947	5	4	21	0	0	1012.10	
1947	5	5	0	0	0	1013.10	
1947	5	5	3	0	0	1014.00	
1947	5	5	6	0	0	1015.00	
1947	5	5	9	0	0	1015.20	
1947	5	5	12	0	0	1014.20	
1947	5	5	15	0	0	1014.00	
1947	5	5	18	0	0	1014.40	
1947	5	5	21	0	0	1015.90	
1947	5	6	0	0	0	1016.50	
1947	5	6	3	0	0	1016.60	
1947	5	6	6	0	0	1016.40	
1947	5	6	9	0	0	1016.70	
1947	5	6	12	0	0	1016.50	
1947	5	6	15	0	0	1017.30	
1947	5	6	18	0	0	1017.90	
1947	5	6	21	0	0	1018.90	
1947	5	7	0	0	0	1019.30	
1947	5	7	3	0	0	1019.20	
1947	5	7	6	0	0	1019.00	
1947	5	7	9	0	0	1018.80	
1947	5	7	12	0	0	1017.80	
1947	5	7	15	0	0	1016.50	
1947	5	7	18	0	0	1016.30	
1947	5	7	21	0	0	1016.80	
1947	5	8	0	0	0	1016.20	
1947	5	8	3	0	0	1014.60	
1947	5	8	6	0	0	1013.60	
1947	5	8	9	0	0	1012.70	
1947	5	8	12	0	0	1011.70	
1947	5	8	15	0	0	1010.40	
1947	5	8	18	0	0	1014.20	
1947	5	8	21	0	0	1016.30	
1947	5	9	0	0	0	1017.30	
1947	5	9	3	0	0	1017.50	
1947	5	9	6	0	0	1017.30	
1947	5	9	9	0	0	1017.30	
1947	5	9	12	0	0	1016.10	
1947	5	9	15	0	0	1014.10	
1947	5	9	18	0	0	1012.30	
1947	5	9	21	0	0	1011.70	
1947	5	10	0	0	0	1011.90	
1947	5	10	3	0	0	1011.40	
1947	5	10	6	0	0	1012.40	
1947	5	10	9	0	0	1012.50	
1947	5	10	12	0	0	1011.90	
1947	5	10	15	0	0	1012.30	
1947	5	10	18	0	0	1013.70	
1947	5	10	21	0	0	1015.60	
1947	5	11	0	0	0	1015.80	
1947	5	11	3	0	0	1015.90	
1947	5	11	6	0	0	1016.10	
1947	5	11	9	0	0	1016.80	
1947	5	11	12	0	0	1017.00	
1947	5	11	15	0	0	1017.60	
1947	5	11	18	0	0	1017.80	
1947	5	11	21	0	0	1019.10	
1947	5	12	0	0	0	1019.10	
1947	5	12	3	0	0	1019.60	
1947	5	12	6	0	0	1020.20	
1947	5	12	9	0	0	1020.30	
1947	5	12	12	0	0	1019.30	
1947	5	12	15	0	0	1018.70	
1947	5	12	18	0	0	1017.70	
1947	5	12	21	0	0	1018.50	
1947	5	13	0	0	0	1019.30	
1947	5	13	3	0	0	1018.30	
1947	5	13	6	0	0	1015.70	
1947	5	13	9	0	0	1015.10	
1947	5	13	12	0	0	1013.70	
1947	5	13	15	0	0	1011.70	
1947	5	13	18	0	0	1010.70	
1947	5	13	21	0	0	1011.40	
1947	5	14	0	0	0	1010.40	
1947	5	14	3	0	0	1009.10	
1947	5	14	6	0	0	1008.70	
1947	5	14	9	0	0	1007.40	
1947	5	14	12	0	0	1005.20	
1947	5	14	15	0	0	1001.90	
1947	5	14	18	0	0	1004.50	
1947	5	14	21	0	0	1006.80	
1947	5	15	0	0	0	1007.80	
1947	5	15	3	0	0	1008.20	
1947	5	15	6	0	0	1009.00	
1947	5	15	9	0	0	1010.00	
1947	5	15	12	0	0	1010.80	
1947	5	15	15	0	0	1010.50	
1947	5	15	18	0	0	1011.10	
1947	5	15	21	0	0	1012.70	
1947	5	16	0	0	0	1013.50	
1947	5	16	3	0	0	1014.50	
1947	5	16	6	0	0	1015.50	
1947	5	16	9	0	0	1016.60	
1947	5	16	12	0	0	1016.40	
1947	5	16	15	0	0	1015.60	
1947	5	16	18	0	0	1015.80	
1947	5	16	21	0	0	1016.90	
1947	5	17	0	0	0	1016.90	
1947	5	17	3	0	0	1016.20	
1947	5	17	6	0	0	1016.00	
1947	5	17	9	0	0	1015.10	
1947	5	17	12	0	0	1013.30	
1947	5	17	15	0	0	1012.10	
1947	5	17	18	0	0	1011.10	
1947	5	17	21	0	0	1011.50	
1947	5	18	0	0	0	1010.70	
1947	5	18	3	0	0	1009.60	
1947	5	18	6	0	0	1009.40	
1947	5	18	9	0	0	1009.50	
1947	5	18	12	0	0	1009.10	
1947	5	18	15	0	0	1009.60	
1947	5	18	18	0	0	1011.20	
1947	5	18	21	0	0	1013.30	
1947	5	19	0	0	0	1014.30	
1947	5	19	3	0	0	1015.70	
1947	5	19	6	0	0	1017.30	
1947	5	19	9	0	0	1019.40	
1947	5	19	12	0	0	1020.60	
1947	5	19	15	0	0	1021.50	
1947	5	19	18	0	0	1022.10	
1947	5	19	21	0	0	1023.60	
1947	5	20	0	0	0	1024.00	
1947	5	20	3	0	0	1024.20	
1947	5	20	6	0	0	1024.80	
1947	5	20	9	0	0	1025.80	
1947	5	20	12	0	0	1025.60	
1947	5	20	15	0	0	1025.00	
1947	5	20	18	0	0	1025.60	
1947	5	20	21	0	0	1027.10	
1947	5	21	0	0	0	1027.70	
1947	5	21	3	0	0	1027.10	
1947	5	21	6	0	0	1027.50	
1947	5	21	9	0	0	1027.90	
1947	5	21	12	0	0	1027.30	
1947	5	21	15	0	0	1026.40	
1947	5	21	18	0	0	1025.60	
1947	5	21	21	0	0	1026.40	
1947	5	22	0	0	0	1026.00	
1947	5	22	3	0	0	1025.00	
1947	5	22	6	0	0	1024.80	
1947	5	22	9	0	0	1023.80	
1947	5	22	12	0	0	1021.80	
1947	5	22	15	0	0	1020.10	
1947	5	22	18	0	0	1018.90	
1947	5	22	21	0	0	1019.50	
1947	5	23	0	0	0	1018.50	
1947	5	23	3	0	0	1017.00	
1947	5	23	6	0	0	1016.00	
1947	5	23	9	0	0	1015.50	
1947	5	23	12	0	0	1013.30	
1947	5	23	15	0	0	1012.30	
1947	5	23	18	0	0	1012.10	
1947	5	23	21	0	0	1011.80	
1947	5	24	0	0	0	1011.20	
1947	5	24	3	0	0	1009.80	
1947	5	24	6	0	0	1008.80	
1947	5	24	9	0	0	1008.00	
1947	5	24	12	0	0	1007.40	
1947	5	24	15	0	0	1006.60	
1947	5	24	18	0	0	1006.40	
1947	5	24	21	0	0	1006.90	
1947	5	25	0	0	0	1006.90	
1947	5	25	3	0	0	1007.10	
1947	5	25	6	0	0	1007.90	
1947	5	25	9	0	0	1009.30	
1947	5	25	12	0	0	1009.50	
1947	5	25	15	0	0	1009.40	
1947	5	25	18	0	0	1009.40	
1947	5	25	21	0	0	1010.40	
1947	5	26	0	0	0	1011.20	
1947	5	26	3	0	0	1010.90	
1947	5	26	6	0	0	1011.30	
1947	5	26	9	0	0	1011.10	
1947	5	26	12	0	0	1010.10	
1947	5	26	15	0	0	1009.30	
1947	5	26	18	0	0	1009.90	
1947	5	26	21	0	0	1011.80	
1947	5	27	0	0	0	1012.80	
1947	5	27	3	0	0	1014.40	
1947	5	27	6	0	0	1015.40	
1947	5	27	9	0	0	1017.00	
1947	5	27	12	0	0	1018.40	
1947	5	27	15	0	0	1019.40	
1947	5	27	18	0	0	1020.00	
1947	5	27	21	0	0	1021.50	
1947	5	28	0	0	0	1021.70	
1947	5	28	3	0	0	1021.80	
1947	5	28	6	0	0	1022.40	
1947	5	28	9	0	0	1019.70	
1947	5	28	12	0	0	1020.90	
1947	5	28	15	0	0	1019.80	
1947	5	28	18	0	0	1019.00	
1947	5	28	21	0	0	1020.30	
1947	5	29	0	0	0	1020.70	
1947	5	29	3	0	0	1020.70	
1947	5	29	6	0	0	1020.50	
1947	5	29	9	0	0	1019.10	
1947	5	29	12	0	0	1018.10	
1947	5	29	15	0	0	1016.50	
1947	5	29	18	0	0	1017.50	
1947	5	29	21	0	0	1019.00	
1947	5	30	0	0	0	1019.20	
1947	5	30	3	0	0	1019.90	
1947	5	30	6	0	0	1020.90	
1947	5	30	9	0	0	1020.90	
1947	5	30	12	0	0	1020.30	
1947	5	30	15	0	0	1020.40	
1947	5	30	18	0	0	1020.20	
1947	5	30	21	0	0	1020.40	
1947	5	31	0	0	0	1020.00	
1947	5	31	3	0	0	1019.10	
1947	5	31	6	0	0	1018.10	
1947	6	1	9	0	0	1014.90	
1947	6	1	12	0	0	1013.90	
1947	6	1	15	0	0	1013.00	
1947	6	1	18	0	0	1012.40	
1947	6	1	21	0	0	1013.50	
1947	6	2	0	0	0	1014.10	
1947	6	2	3	0	0	1014.40	
1947	6	2	6	0	0	1013.80	
1947	6	2	9	0	0	1013.60	
1947	6	2	12	0	0	1012.00	
1947	6	2	15	0	0	1010.90	
1947	6	2	18	0	0	1010.70	
1947	6	2	21	0	0	1010.60	
1947	6	3	0	0	0	1010.40	
1947	6	3	3	0	0	1009.70	
1947	6	3	6	0	0	1010.90	
1947	6	3	9	0	0	1011.10	
1947	6	3	12	0	0	1010.70	
1947	6	3	15	0	0	1009.60	
1947	6	3	18	0	0	1011.00	
1947	6	3	21	0	0	1010.90	
1947	6	4	0	0	0	1009.10	
1947	6	4	3	0	0	1007.00	
1947	6	4	6	0	0	1005.20	
1947	6	4	9	0	0	1002.20	
1947	6	4	12	0	0	1000.80	
1947	6	4	15	0	0	999.50	
1947	6	4	18	0	0	999.30	
1947	6	4	21	0	0	999.70	
1947	6	5	0	0	0	999.50	
1947	6	5	3	0	0	998.80	
1947	6	5	6	0	0	997.80	
1947	6	5	9	0	0	996.30	
1947	6	5	12	0	0	996.70	
1947	6	5	15	0	0	996.10	
1947	6	5	18	0	0	994.30	
1947	6	5	21	0	0	993.90	
1947	6	6	0	0	0	993.70	
1947	6	6	3	0	0	993.80	
1947	6	6	6	0	0	995.20	
1947	6	6	9	0	0	996.00	
1947	6	6	12	0	0	997.80	
1947	6	6	15	0	0	998.80	
1947	6	6	18	0	0	1001.20	
1947	6	6	21	0	0	1003.60	
1947	6	7	0	0	0	1004.60	
1947	6	7	3	0	0	1004.90	
1947	6	7	6	0	0	1005.50	
1947	6	7	9	0	0	1004.90	
1947	6	7	12	0	0	1004.30	
1947	6	7	15	0	0	1006.20	
1947	6	7	18	0	0	1007.20	
1947	6	7	21	0	0	1009.10	
1947	6	8	0	0	0	1009.30	
1947	6	8	3	0	0	1008.70	
1947	6	8	6	0	0	1008.30	
1947	6	8	9	0	0	1007.30	
1947	6	8	12	0	0	1007.10	
1947	6	8	15	0	0	1006.20	
1947	6	8	18	0	0	1006.40	
1947	6	8	21	0	0	1006.60	
1947	6	9	0	0	0	1007.40	
1947	6	9	3	0	0	1010.40	
1947	6	9	6	0	0	1014.60	
1947	6	9	9	0	0	1018.00	
1947	6	9	12	0	0	1020.20	
1947	6	9	15	0	0	1023.10	
1947	6	9	18	0	0	1024.90	
1947	6	9	21	0	0	1026.80	
1947	6	10	0	0	0	1028.60	
1947	6	10	3	0	0	1028.80	
1947	6	10	6	0	0	1028.60	
1947	6	10	9	0	0	1027.70	
1947	6	10	12	0	0	1026.50	
1947	6	10	15	0	0	1025.80	
1947	6	10	18	0	0	1025.20	
1947	6	10	21	0	0	1025.10	
1947	6	11	0	0	0	1024.90	
1947	6	11	3	0	0	1023.70	
1947	6	11	6	0	0	1023.50	
1947	6	11	9	0	0	1022.90	
1947	6	11	12	0	0	1022.30	
1947	6	11	15	0	0	1021.30	
1947	6	11	18	0	0	1021.10	
1947	6	11	21	0	0	1022.20	
1947	6	12	0	0	0	1022.00	
1947	6	12	3	0	0	1021.30	
1947	6	12	6	0	0	1021.10	
1947	6	12	9	0	0	1020.10	
1947	6	12	12	0	0	1019.10	
1947	6	12	15	0	0	1018.90	
1947	6	12	18	0	0	1018.30	
1947	6	12	21	0	0	1018.80	
1947	6	13	0	0	0	1017.80	
1947	6	13	3	0	0	1017.10	
1947	6	13	6	0	0	1016.50	
1947	6	13	9	0	0	1015.70	
1947	6	13	12	0	0	1015.10	
1947	6	13	15	0	0	1014.70	
1947	6	13	18	0	0	1013.30	
1947	6	13	21	0	0	1012.60	
1947	6	14	0	0	0	1011.60	
1947	6	14	3	0	0	1009.30	
1947	6	14	6	0	0	1007.90	
1947	6	14	9	0	0	1006.60	
1947	6	14	12	0	0	1004.80	
1947	6	14	15	0	0	1003.40	
1947	6	14	18	0	0	1001.60	
1947	6	14	21	0	0	999.60	
1947	6	15	0	0	0	997.80	
1947	6	15	3	0	0	998.50	
1947	6	15	6	0	0	997.70	
1947	6	15	9	0	0	1000.20	
1947	6	15	12	0	0	1002.00	
1947	6	15	15	0	0	1004.50	
1947	6	15	18	0	0	1006.70	
1947	6	15	21	0	0	1009.50	
1947	6	16	0	0	0	1012.50	
1947	6	16	3	0	0	1014.40	
1947	6	16	6	0	0	1016.00	
1947	6	16	9	0	0	1016.90	
1947	6	16	12	0	0	1016.70	
1947	6	16	15	0	0	1016.70	
1947	6	16	18	0	0	1017.50	
1947	6	16	21	0	0	1017.70	
1947	6	17	0	0	0	1017.70	
1947	6	17	3	0	0	1016.90	
1947	6	17	6	0	0	1017.30	
1947	6	17	9	0	0	1018.10	
1947	6	17	12	0	0	1018.10	
1947	6	17	15	0	0	1017.40	
1947	6	17	18	0	0	1016.20	
1947	6	17	21	0	0	1013.10	
1947	6	18	0	0	0	1013.10	
1947	6	18	3	0	0	1014.20	
1947	6	18	6	0	0	1014.60	
1947	6	18	9	0	0	1014.40	
1947	6	18	12	0	0	1014.60	
1947	6	18	15	0	0	1015.10	
1947	6	18	18	0	0	1014.90	
1947	6	18	21	0	0	1015.40	
1947	6	19	0	0	0	1015.60	
1947	6	19	3	0	0	1015.60	
1947	6	19	6	0	0	1015.80	
1947	6	19	9	0	0	1015.30	
1947	6	19	12	0	0	1014.70	
1947	6	19	15	0	0	1014.10	
1947	6	19	18	0	0	1013.70	
1947	6	19	21	0	0	1014.30	
1947	6	20	0	0	0	1014.10	
1947	6	20	3	0	0	1012.80	
1947	6	20	6	0	0	1011.80	
1947	6	20	9	0	0	1011.10	
1947	6	20	12	0	0	1010.70	
1947	6	20	15	0	0	1009.90	
1947	6	20	18	0	0	1010.10	
1947	6	20	21	0	0	1010.70	
1947	6	21	0	0	0	1011.30	
1947	6	21	3	0	0	1011.50	
1947	6	21	6	0	0	1012.50	
1947	6	21	9	0	0	1013.10	
1947	6	21	12	0	0	1012.90	
1947	6	21	15	0	0	1012.20	
1947	6	21	18	0	0	1013.20	
1947	6	21	21	0	0	1014.70	
1947	6	22	0	0	0	1015.10	
1947	6	22	3	0	0	1016.20	
1947	6	22	6	0	0	1017.60	
1947	6	22	9	0	0	1019.30	
1947	6	22	12	0	0	1019.90	
1947	6	22	15	0	0	1020.40	
1947	6	22	18	0	0	1020.40	
1947	6	22	21	0	0	1021.20	
1947	6	23	0	0	0	1021.00	
1947	6	23	3	0	0	1019.90	
1947	6	23	6	0	0	1019.50	
1947	6	23	9	0	0	1018.70	
1947	6	23	12	0	0	1018.50	
1947	6	23	15	0	0	1019.00	
1947	6	23	18	0	0	1018.40	
1947	6	23	21	0	0	1018.80	
1947	6	24	0	0	0	1018.20	
1947	6	24	3	0	0	1017.70	
1947	6	24	6	0	0	1016.90	
1947	6	24	9	0	0	1016.10	
1947	6	24	12	0	0	1014.50	
1947	6	24	15	0	0	1011.50	
1947	6	24	18	0	0	1009.30	
1947	6	24	21	0	0	1008.70	
1947	6	25	0	0	0	1008.10	
1947	6	25	3	0	0	1007.60	
1947	6	25	6	0	0	1009.40	
1947	6	25	9	0	0	1011.10	
1947	6	25	12	0	0	1012.50	
1947	6	25	15	0	0	1013.90	
1947	6	25	18	0	0	1014.90	
1947	6	25	21	0	0	1016.00	
1947	6	26	0	0	0	1016.40	
1947	6	26	3	0	0	1015.80	
1947	6	26	6	0	0	1015.40	
1947	6	26	9	0	0	1015.40	
1947	6	26	12	0	0	1014.40	
1947	6	26	15	0	0	1013.90	
1947	6	26	18	0	0	1012.50	
1947	6	26	21	0	0	1012.60	
1947	6	27	0	0	0	1013.80	
1947	6	27	3	0	0	1016.00	
1947	6	27	6	0	0	1016.20	
1947	6	27	9	0	0	1017.50	
1947	6	27	12	0	0	1016.70	
1947	6	27	15	0	0	1017.30	
1947	6	27	18	0	0	1017.50	
1947	6	27	21	0	0	1020.00	
1947	6	28	0	0	0	1021.00	
1947	6	28	3	0	0	1020.80	
1947	6	28	6	0	0	1021.80	
1947	6	28	9	0	0	1022.20	
1947	6	28	12	0	0	1020.40	
1947	6	28	15	0	0	1019.50	
1947	6	28	18	0	0	1017.10	
1947	6	28	21	0	0	1017.50	
1947	6	29	0	0	0	1016.90	
1947	6	29	3	0	0	1015.70	
1947	6	29	6	0	0	1015.50	
1947	6	29	9	0	0	1016.80	
1947	6	29	12	0	0	1018.20	
1947	6	29	15	0	0	1019.50	
1947	6	29	18	0	0	1020.10	
1947	6	29	21	0	0	1021.80	
1947	6	30	0	0	0	1022.80	
1947	6	30	3	0	0	1022.90	
1947	6	30	6	0	0	1023.30	
1947	6	30	9	0	0	1023.80	
1947	6	30	12	0	0	1023.60	
1947	6	30	15	0	0	1023.20	
1947	6	30	18	0	0	1023.00	
1947	6	30	21	0	0	1023.10	
1947	7	1	0	0	0	1023.30	
1947	7	1	3	0	0	1023.30	
1947	7	1	6	0	0	1023.50	
1947	7	1	9	0	0	1023.20	
1947	7	1	12	0	0	1022.80	
1947	7	1	15	0	0	1022.50	
1947	7	1	18	0	0	1021.50	
1947	7	1	21	0	0	1021.80	
1947	7	2	0	0	0	1021.00	
1947	7	2	3	0	0	1020.10	
1947	7	2	6	0	0	1019.50	
1947	7	2	9	0	0	1018.30	
1947	7	2	12	0	0	1017.90	
1947	7	2	15	0	0	1017.10	
1947	7	2	18	0	0	1016.50	
1947	7	2	21	0	0	1016.20	
1947	7	3	0	0	0	1015.80	
1947	7	3	3	0	0	1015.10	
1947	7	3	6	0	0	1014.90	
1947	7	3	9	0	0	1015.00	
1947	7	3	12	0	0	1015.60	
1947	7	3	15	0	0	1014.70	
1947	7	3	18	0	0	1014.10	
1947	7	3	21	0	0	1015.00	
1947	7	4	0	0	0	1014.40	
1947	7	4	3	0	0	1013.70	
1947	7	4	6	0	0	1013.10	
1947	7	4	9	0	0	1025.60	
1947	7	4	12	0	0	1010.80	
1947	7	4	15	0	0	1008.90	
1947	7	4	18	0	0	1006.70	
1947	7	4	21	0	0	1004.00	
1947	7	5	0	0	0	1000.40	
1947	7	5	3	0	0	998.60	
1947	7	5	6	0	0	1000.00	
1947	7	5	9	0	0	1000.90	
1947	7	5	12	0	0	1002.30	
1947	7	5	15	0	0	1003.50	
1947	7	5	18	0	0	1005.70	
1947	7	5	21	0	0	1007.50	
1947	7	6	0	0	0	1007.70	
1947	7	6	3	0	0	1006.90	
1947	7	6	6	0	0	1006.70	
1947	7	6	9	0	0	1006.80	
1947	7	6	12	0	0	1006.20	
1947	7	6	15	0	0	1005.50	
1947	7	6	18	0	0	1004.90	
1947	7	6	21	0	0	1004.40	
1947	7	7	0	0	0	1002.40	
1947	7	7	3	0	0	999.00	
1947	7	7	6	0	0	997.60	
1947	7	7	9	0	0	998.00	
1947	7	7	12	0	0	998.80	
1947	7	7	15	0	0	998.90	
1947	7	7	18	0	0	999.10	
1947	7	7	21	0	0	999.10	
1947	7	8	0	0	0	998.30	
1947	7	8	3	0	0	996.40	
1947	7	8	6	0	0	995.80	
1947	7	8	9	0	0	995.40	
1947	7	8	12	0	0	995.00	
1947	7	8	15	0	0	995.10	
1947	7	8	18	0	0	995.30	
1947	7	8	21	0	0	995.80	
1947	7	9	0	0	0	996.00	
1947	7	9	3	0	0	996.00	
1947	7	9	6	0	0	997.00	
1947	7	9	9	0	0	998.20	
1947	7	9	12	0	0	998.40	
1947	7	9	15	0	0	998.70	
1947	7	9	18	0	0	999.50	
1947	7	9	21	0	0	1000.50	
1947	7	10	0	0	0	1000.10	
1947	7	10	3	0	0	999.20	
1947	7	10	6	0	0	999.40	
1947	7	10	9	0	0	998.40	
1947	7	10	12	0	0	997.80	
1947	7	10	15	0	0	998.60	
1947	7	10	18	0	0	999.00	
1947	7	10	21	0	0	998.90	
1947	7	11	0	0	0	998.90	
1947	7	11	3	0	0	999.10	
1947	7	11	6	0	0	1000.10	
1947	7	11	9	0	0	1001.50	
1947	7	11	12	0	0	1002.50	
1947	7	11	15	0	0	1003.90	
1947	7	11	18	0	0	1005.70	
1947	7	11	21	0	0	1008.30	
1947	7	12	0	0	0	1010.10	
1947	7	12	3	0	0	1012.50	
1947	7	12	6	0	0	1014.70	
1947	7	12	9	0	0	1015.80	
1947	7	12	12	0	0	1017.00	
1947	7	12	15	0	0	1018.10	
1947	7	12	18	0	0	1018.70	
1947	7	12	21	0	0	1019.00	
1947	7	13	0	0	0	1019.60	
1947	7	13	3	0	0	1019.90	
1947	7	13	6	0	0	1020.50	
1947	7	13	9	0	0	1022.00	
1947	7	13	12	0	0	1022.80	
1947	7	13	15	0	0	1023.80	
1947	7	13	18	0	0	1023.40	
1947	7	13	21	0	0	1024.70	
1947	7	14	0	0	0	1024.70	
1947	7	14	3	0	0	1025.00	
1947	7	14	6	0	0	1025.40	
1947	7	14	9	0	0	1025.60	
1947	7	14	12	0	0	1025.00	
1947	7	14	15	0	0	1023.70	
1947	7	14	18	0	0	1022.50	
1947	7	14	21	0	0	1023.10	
1947	7	15	0	0	0	1022.70	
1947	7	15	3	0	0	1021.50	
1947	7	15	6	0	0	1021.10	
1947	7	15	9	0	0	1020.50	
1947	7	15	12	0	0	1018.50	
1947	7	15	15	0	0	1017.10	
1947	7	15	18	0	0	1015.70	
1947	7	15	21	0	0	1016.10	
1947	7	16	0	0	0	1015.30	
1947	7	16	3	0	0	1014.00	
1947	7	16	6	0	0	1013.80	
1947	7	16	9	0	0	1013.50	
1947	7	16	12	0	0	1011.30	
1947	7	16	15	0	0	1014.10	
1947	7	16	18	0	0	1013.50	
1947	7	16	21	0	0	1013.80	
1947	7	17	0	0	0	1015.20	
1947	7	17	3	0	0	1015.50	
1947	7	17	6	0	0	1015.90	
1947	7	17	9	0	0	1016.60	
1947	7	17	12	0	0	1016.20	
1947	7	17	15	0	0	1015.80	
1947	7	17	18	0	0	1016.40	
1947	7	17	21	0	0	1017.30	
1947	7	18	0	0	0	1017.30	
1947	7	18	3	0	0	1016.60	
1947	7	18	6	0	0	1016.40	
1947	7	18	9	0	0	1016.10	
1947	7	18	12	0	0	1015.50	
1947	7	18	15	0	0	1014.50	
1947	7	18	18	0	0	1014.70	
1947	7	18	21	0	0	1015.50	
1947	7	19	0	0	0	1015.90	
1947	7	19	3	0	0	1014.70	
1947	7	19	6	0	0	1013.70	
1947	7	19	9	0	0	1012.50	
1947	7	19	12	0	0	1011.50	
1947	7	19	15	0	0	1010.20	
1947	7	19	18	0	0	1010.20	
1947	7	19	21	0	0	1010.60	
1947	7	20	0	0	0	1011.60	
1947	7	20	3	0	0	1011.40	
1947	7	20	6	0	0	1011.20	
1947	7	20	9	0	0	1011.90	
1947	7	20	12	0	0	1011.30	
1947	7	20	15	0	0	1010.60	
1947	7	20	18	0	0	1010.60	
1947	7	20	21	0	0	1011.00	
1947	7	21	0	0	0	1011.60	
1947	7	21	3	0	0	1010.50	
1947	7	21	6	0	0	1010.90	
1947	7	21	9	0	0	1010.70	
1947	7	21	12	0	0	1010.30	
1947	7	21	15	0	0	1010.00	
1947	7	21	18	0	0	1010.60	
1947	7	21	21	0	0	1012.00	
1947	7	22	0	0	0	1012.60	
1947	7	22	3	0	0	1013.80	
1947	7	22	6	0	0	1014.80	
1947	7	22	9	0	0	1015.80	
1947	7	22	12	0	0	1016.40	
1947	7	22	15	0	0	1017.20	
1947	7	22	18	0	0	1017.20	
1947	7	22	21	0	0	1018.70	
1947	7	23	0	0	0	1019.90	
1947	7	23	3	0	0	1020.10	
1947	7	23	6	0	0	1020.30	
1947	7	23	9	0	0	1020.00	
1947	7	23	12	0	0	1019.40	
1947	7	23	15	0	0	1018.90	
1947	7	23	18	0	0	1018.30	
1947	7	23	21	0	0	1018.20	
1947	7	24	0	0	0	1018.40	
1947	7	24	3	0	0	1018.50	
1947	7	24	6	0	0	1018.90	
1947	7	24	9	0	0	1019.30	
1947	7	24	12	0	0	1019.10	
1947	7	24	15	0	0	1019.10	
1947	7	24	18	0	0	1018.10	
1947	7	24	21	0	0	1018.30	
1947	7	25	0	0	0	1018.10	
1947	7	25	3	0	0	1017.30	
1947	7	25	6	0	0	1017.10	
1947	7	25	9	0	0	1016.80	
1947	7	25	12	0	0	1016.80	
1947	7	25	15	0	0	1017.70	
1947	7	25	18	0	0	1016.30	
1947	7	25	21	0	0	1017.50	
1947	7	26	0	0	0	1016.70	
1947	7	26	3	0	0	1015.40	
1947	7	26	6	0	0	1015.20	
1947	7	26	9	0	0	1015.80	
1947	7	26	12	0	0	1016.00	
1947	7	26	15	0	0	1016.30	
1947	7	26	18	0	0	1016.50	
1947	7	26	21	0	0	1017.50	
1947	7	27	0	0	0	1018.10	
1947	7	27	3	0	0	1018.40	
1947	7	27	6	0	0	1019.00	
1947	7	27	9	0	0	1019.50	
1947	7	27	12	0	0	1020.10	
1947	7	27	15	0	0	1020.40	
1947	7	27	18	0	0	1020.00	
1947	7	27	21	0	0	1020.70	
1947	7	28	0	0	0	1020.90	
1947	7	28	3	0	0	1020.30	
1947	7	28	6	0	0	1018.90	
1947	7	28	9	0	0	1017.80	
1947	7	28	12	0	0	1016.20	
1947	7	28	15	0	0	1013.60	
1947	7	28	18	0	0	1011.60	
1947	7	28	21	0	0	1012.20	
1947	7	29	0	0	0	1011.80	
1947	7	29	6	0	0	1012.00	
1947	7	29	9	0	0	1013.20	
1947	7	29	12	0	0	1014.60	
1947	7	29	15	0	0	1015.60	
1947	7	29	18	0	0	1017.00	
1947	7	29	21	0	0	1019.10	
1947	7	30	0	0	0	1020.30	
1947	7	30	3	0	0	1020.90	
1947	7	30	6	0	0	1021.50	
1947	7	30	9	0	0	1022.00	
1947	7	30	12	0	0	1021.80	
1947	7	30	15	0	0	1021.10	
1947	7	30	18	0	0	1020.10	
1947	7	30	21	0	0	1020.30	
1947	7	31	0	0	0	1021.30	
1947	7	31	3	0	0	1020.60	
1947	7	31	6	0	0	1020.40	
1947	7	31	9	0	0	1020.40	
1947	7	31	12	0	0	1019.80	
1947	7	31	15	0	0	1019.60	
1947	7	31	18	0	0	1020.00	
1947	7	31	21	0	0	1021.80	
1947	8	1	0	0	0	1022.20	
1947	8	1	3	0	0	1022.90	
1947	8	1	6	0	0	1023.10	
1947	8	1	9	0	0	1022.90	
1947	8	1	12	0	0	1022.30	
1947	8	1	15	0	0	1022.20	
1947	8	1	18	0	0	1021.20	
1947	8	1	21	0	0	1021.90	
1947	8	2	0	0	0	1022.50	
1947	8	2	3	0	0	1022.80	
1947	8	2	6	0	0	1022.20	
1947	8	2	9	0	0	1021.10	
1947	8	2	12	0	0	1020.90	
1947	8	2	15	0	0	1020.10	
1947	8	2	18	0	0	1020.30	
1947	8	2	21	0	0	1020.20	
1947	8	3	0	0	0	1019.60	
1947	8	3	3	0	0	1018.60	
1947	8	3	6	0	0	1018.00	
1947	8	3	9	0	0	1017.80	
1947	8	3	12	0	0	1017.60	
1947	8	3	15	0	0	1015.10	
1947	8	3	18	0	0	1015.70	
1947	8	3	21	0	0	1015.20	
1947	8	4	0	0	0	1014.20	
1947	8	4	3	0	0	1012.30	
1947	8	4	6	0	0	1010.70	
1947	8	4	9	0	0	1009.50	
1947	8	4	12	0	0	1008.30	
1947	8	4	15	0	0	1007.30	
1947	8	4	18	0	0	1006.50	
1947	8	5	6	0	0	1004.90	
1947	8	5	9	0	0	1004.70	
1947	8	5	12	0	0	1004.10	
1947	8	5	15	0	0	1004.60	
1947	8	5	18	0	0	1005.20	
1947	8	5	21	0	0	1006.20	
1947	8	6	0	0	0	1007.20	
1947	8	6	3	0	0	1007.70	
1947	8	6	6	0	0	1008.70	
1947	8	6	9	0	0	1010.40	
1947	8	6	12	0	0	1011.00	
1947	8	6	15	0	0	1012.50	
1947	8	6	18	0	0	1013.10	
1947	8	6	21	0	0	1014.20	
1947	8	7	0	0	0	1015.20	
1947	8	7	3	0	0	1015.90	
1947	8	7	6	0	0	1016.90	
1947	8	7	9	0	0	1017.60	
1947	8	7	12	0	0	1018.20	
1947	8	7	15	0	0	1018.10	
1947	8	7	18	0	0	1017.90	
1947	8	7	21	0	0	1018.60	
1947	8	8	0	0	0	1019.00	
1947	8	8	3	0	0	1018.80	
1947	8	8	6	0	0	1018.80	
1947	8	8	12	0	0	1018.90	
1947	8	8	15	0	0	1018.60	
1947	8	8	18	0	0	1017.20	
1947	8	8	21	0	0	1017.90	
1947	8	9	0	0	0	1017.70	
1947	8	9	3	0	0	1018.00	
1947	8	9	6	0	0	1017.40	
1947	8	9	9	0	0	1016.70	
1947	8	9	12	0	0	1016.10	
1947	8	9	15	0	0	1015.60	
1947	8	9	18	0	0	1014.80	
1947	8	9	21	0	0	1016.00	
1947	8	10	0	0	0	1017.80	
1947	8	10	3	0	0	1017.90	
1947	8	10	6	0	0	1018.50	
1947	8	10	9	0	0	1018.70	
1947	8	10	12	0	0	1018.90	
1947	8	10	15	0	0	1018.50	
1947	8	10	18	0	0	1019.10	
1947	8	10	21	0	0	1020.70	
1947	8	11	0	0	0	1021.50	
1947	8	11	3	0	0	1022.00	
1947	8	11	6	0	0	1022.60	
1947	8	11	9	0	0	1022.50	
1947	8	11	12	0	0	1022.10	
1947	8	11	15	0	0	1021.50	
1947	8	11	18	0	0	1021.90	
1947	8	11	21	0	0	1023.40	
1947	8	12	0	0	0	1024.20	
1947	8	12	3	0	0	1024.00	
1947	8	12	6	0	0	1024.20	
1947	8	12	9	0	0	1024.40	
1947	8	12	12	0	0	1023.20	
1947	8	12	15	0	0	1022.20	
1947	8	12	18	0	0	1021.60	
1947	8	12	21	0	0	1022.40	
1947	8	13	0	0	0	1023.00	
1947	8	13	3	0	0	1023.30	
1947	8	13	6	0	0	1023.50	
1947	8	13	9	0	0	1023.70	
1947	8	13	12	0	0	1022.90	
1947	8	13	15	0	0	1023.00	
1947	8	13	18	0	0	1022.20	
1947	8	13	21	0	0	1025.50	
1947	8	14	0	0	0	1024.50	
1947	8	14	3	0	0	1024.30	
1947	8	14	6	0	0	1024.70	
1947	8	14	9	0	0	1024.40	
1947	8	14	12	0	0	1023.60	
1947	8	14	15	0	0	1023.20	
1947	8	14	18	0	0	1022.80	
1947	8	14	21	0	0	1014.30	
1947	8	15	0	0	0	1014.70	
1947	8	15	3	0	0	1024.80	
1947	8	15	6	0	0	1025.00	
1947	8	15	9	0	0	1025.70	
1947	8	15	12	0	0	1024.50	
1947	8	15	15	0	0	1022.60	
1947	8	15	18	0	0	1022.80	
1947	8	15	21	0	0	1024.00	
1947	8	16	0	0	0	1024.20	
1947	8	16	3	0	0	1023.80	
1947	8	16	6	0	0	1024.00	
1947	8	16	9	0	0	1024.40	
1947	8	16	12	0	0	1023.80	
1947	8	16	15	0	0	1023.40	
1947	8	16	18	0	0	1024.00	
1947	8	16	21	0	0	1025.30	
1947	8	17	0	0	0	1025.90	
1947	8	17	3	0	0	1025.60	
1947	8	17	6	0	0	1026.20	
1947	8	17	9	0	0	1026.30	
1947	8	17	12	0	0	1025.10	
1947	8	17	15	0	0	1024.80	
1947	8	17	18	0	0	1024.00	
1947	8	17	21	0	0	1024.70	
1947	8	18	0	0	0	1025.30	
1947	8	18	3	0	0	1025.40	
1947	8	18	6	0	0	1024.80	
1947	8	18	9	0	0	1024.60	
1947	8	18	12	0	0	1022.80	
1947	8	18	15	0	0	1022.20	
1947	8	18	18	0	0	1022.00	
1947	8	18	21	0	0	1022.80	
1947	8	19	0	0	0	1022.20	
1947	8	19	3	0	0	1021.60	
1947	8	19	6	0	0	1021.40	
1947	8	19	9	0	0	1021.60	
1947	8	19	12	0	0	1020.60	
1947	8	19	15	0	0	1020.20	
1947	8	19	18	0	0	1020.40	
1947	8	19	21	0	0	1021.90	
1947	8	20	0	0	0	1022.50	
1947	8	20	3	0	0	1022.70	
1947	8	20	6	0	0	1022.90	
1947	8	20	9	0	0	1023.50	
1947	8	20	12	0	0	1023.10	
1947	8	20	15	0	0	1023.00	
1947	8	20	18	0	0	1022.80	
1947	8	20	21	0	0	1024.50	
1947	8	21	0	0	0	1024.30	
1947	8	21	3	0	0	1023.00	
1947	8	21	6	0	0	1022.40	
1947	8	21	9	0	0	1022.90	
1947	8	21	12	0	0	1022.30	
1947	8	21	15	0	0	1021.10	
1947	8	21	18	0	0	1020.90	
1947	8	21	21	0	0	1021.60	
1947	8	22	0	0	0	1021.60	
1947	8	22	3	0	0	1021.60	
1947	8	22	6	0	0	1021.40	
1947	8	22	9	0	0	1020.70	
1947	8	22	12	0	0	1020.50	
1947	8	22	15	0	0	1020.40	
1947	8	22	18	0	0	1021.20	
1947	8	22	21	0	0	1022.90	
1947	8	23	0	0	0	1022.70	
1947	8	23	3	0	0	1023.00	
1947	8	23	6	0	0	1023.40	
1947	8	23	9	0	0	1024.10	
1947	8	23	12	0	0	1024.30	
1947	8	23	15	0	0	1024.00	
1947	8	23	18	0	0	1024.60	
1947	8	23	21	0	0	1026.50	
1947	8	24	0	0	0	1026.70	
1947	8	24	3	0	0	1027.40	
1947	8	24	6	0	0	1028.40	
1947	8	24	9	0	0	1029.00	
1947	8	24	12	0	0	1028.00	
1947	8	24	15	0	0	1027.60	
1947	8	24	18	0	0	1027.40	
1947	8	24	21	0	0	1028.70	
1947	8	25	0	0	0	1028.10	
1947	8	25	3	0	0	1027.80	
1947	8	25	6	0	0	1028.00	
1947	8	25	9	0	0	1028.10	
1947	8	25	12	0	0	1027.70	
1947	8	25	15	0	0	1027.40	
1947	8	25	18	0	0	1027.20	
1947	8	25	21	0	0	1028.70	
1947	8	26	0	0	0	1029.30	
1947	8	26	3	0	0	1029.30	
1947	8	26	6	0	0	1029.50	
1947	8	26	9	0	0	1029.40	
1947	8	26	12	0	0	1028.80	
1947	8	26	15	0	0	1028.20	
1947	8	26	18	0	0	1028.40	
1947	8	26	21	0	0	1028.90	
1947	8	27	0	0	0	1030.10	
1947	8	27	3	0	0	1029.90	
1947	8	27	6	0	0	1030.10	
1947	8	27	9	0	0	1030.00	
1947	8	27	12	0	0	1029.20	
1947	8	27	15	0	0	1028.20	
1947	8	27	18	0	0	1027.60	
1947	8	27	21	0	0	1028.40	
1947	8	28	0	0	0	1029.20	
1947	8	28	3	0	0	1027.20	
1947	8	28	6	0	0	1029.00	
1947	8	28	9	0	0	1028.80	
1947	8	28	12	0	0	1027.60	
1947	8	28	15	0	0	1026.90	
1947	8	28	18	0	0	1025.70	
1947	8	28	21	0	0	1026.70	
1947	8	29	0	0	0	1026.90	
1947	8	29	3	0	0	1026.30	
1947	8	29	6	0	0	1026.10	
1947	8	29	9	0	0	1025.60	
1947	8	29	12	0	0	1024.00	
1947	8	29	15	0	0	1023.30	
1947	8	29	18	0	0	1022.90	
1947	8	29	21	0	0	1024.30	
1947	8	30	0	0	0	1024.90	
1947	8	30	3	0	0	1024.80	
1947	8	30	6	0	0	1025.00	
1947	8	30	9	0	0	1024.50	
1947	8	30	12	0	0	1023.50	
1947	8	30	15	0	0	1022.80	
1947	8	30	18	0	0	1023.00	
1947	8	30	21	0	0	1024.30	
1947	8	31	0	0	0	1023.90	
1947	8	31	3	0	0	1023.30	
1947	8	31	6	0	0	1023.50	
1947	8	31	9	0	0	1023.70	
1947	8	31	12	0	0	1022.90	
1947	8	31	15	0	0	1021.80	
1947	8	31	18	0	0	1021.20	
1947	8	31	21	0	0	1022.10	
1947	9	1	0	0	0	1021.90	
1947	9	1	3	0	0	1021.50	
1947	9	1	6	0	0	1021.50	
1947	9	1	9	0	0	1021.50	
1947	9	1	12	0	0	1020.90	
1947	9	1	15	0	0	1020.30	
1947	9	1	18	0	0	1020.10	
1947	9	1	21	0	0	1021.90	
1947	9	2	0	0	0	1022.90	
1947	9	2	3	0	0	1022.60	
1947	9	2	6	0	0	1022.80	
1947	9	2	9	0	0	1023.20	
1947	9	2	12	0	0	1022.00	
1947	9	2	15	0	0	1021.00	
1947	9	2	18	0	0	1020.80	
1947	9	2	21	0	0	1021.30	
1947	9	3	0	0	0	1021.50	
1947	9	3	3	0	0	1020.50	
1947	9	3	6	0	0	1019.90	
1947	9	3	9	0	0	1020.00	
1947	9	3	12	0	0	1018.40	
1947	9	3	15	0	0	1017.80	
1947	9	3	18	0	0	1017.40	
1947	9	3	21	0	0	1017.70	
1947	9	4	0	0	0	1017.50	
1947	9	4	3	0	0	1017.20	
1947	9	4	6	0	0	1017.20	
1947	9	4	9	0	0	1016.70	
1947	9	4	12	0	0	1016.50	
1947	9	4	15	0	0	1015.20	
1947	9	4	18	0	0	1014.80	
1947	9	4	21	0	0	1015.00	
1947	9	5	0	0	0	1015.20	
1947	9	5	3	0	0	1015.40	
1947	9	5	6	0	0	1016.00	
1947	9	5	9	0	0	1016.40	
1947	9	5	12	0	0	1015.80	
1947	9	5	15	0	0	1015.90	
1947	9	5	18	0	0	1016.10	
1947	9	5	21	0	0	1017.60	
1947	9	6	0	0	0	1017.80	
1947	9	6	3	0	0	1018.30	
1947	9	6	6	0	0	1018.70	
1947	9	6	9	0	0	1019.00	
1947	9	6	12	0	0	1017.80	
1947	9	6	15	0	0	1018.50	
1947	9	6	18	0	0	1017.90	
1947	9	6	21	0	0	1019.40	
1947	9	7	0	0	0	1018.40	
1947	9	7	3	0	0	1017.60	
1947	9	7	6	0	0	1016.60	
1947	9	7	9	0	0	1016.10	
1947	9	7	12	0	0	1015.10	
1947	9	7	15	0	0	1013.40	
1947	9	7	18	0	0	1012.00	
1947	9	7	21	0	0	1011.30	
1947	9	8	0	0	0	1010.30	
1947	9	8	3	0	0	1009.60	
1947	9	8	6	0	0	1010.00	
1947	9	8	9	0	0	1010.00	
1947	9	8	12	0	0	1010.40	
1947	9	8	15	0	0	1010.40	
1947	9	8	18	0	0	1011.00	
1947	9	8	21	0	0	1010.50	
1947	9	9	0	0	0	1010.30	
1947	9	9	3	0	0	1008.90	
1947	9	9	6	0	0	1007.10	
1947	9	9	9	0	0	1005.30	
1947	9	9	12	0	0	1005.10	
1947	9	9	15	0	0	1004.20	
1947	9	9	18	0	0	1002.00	
1947	9	9	21	0	0	1004.70	
1947	9	10	0	0	0	1007.10	
1947	9	10	3	0	0	1009.40	
1947	9	10	6	0	0	1012.00	
1947	9	10	9	0	0	1013.80	
1947	9	10	12	0	0	1015.00	
1947	9	10	15	0	0	1014.60	
1947	9	10	18	0	0	1014.00	
1947	9	10	21	0	0	1013.90	
1947	9	11	0	0	0	1013.90	
1947	9	11	3	0	0	1012.40	
1947	9	11	6	0	0	1011.60	
1947	9	11	9	0	0	1011.60	
1947	9	11	12	0	0	1010.80	
1947	9	11	15	0	0	1010.00	
1947	9	11	18	0	0	1009.00	
1947	9	11	21	0	0	1009.40	
1947	9	12	0	0	0	1011.00	
1947	9	12	3	0	0	1012.70	
1947	9	12	6	0	0	1014.10	
1947	9	12	9	0	0	1015.30	
1947	9	12	12	0	0	1014.90	
1947	9	12	15	0	0	1013.30	
1947	9	12	18	0	0	1012.10	
1947	9	12	21	0	0	1012.30	
1947	9	13	0	0	0	1011.90	
1947	9	13	3	0	0	1010.30	
1947	9	13	6	0	0	1008.50	
1947	9	13	9	0	0	1008.70	
1947	9	13	12	0	0	1010.10	
1947	9	13	15	0	0	1011.00	
1947	9	13	18	0	0	1012.40	
1947	9	13	21	0	0	1013.50	
1947	9	14	0	0	0	1012.90	
1947	9	14	3	0	0	1012.70	
1947	9	14	6	0	0	1011.70	
1947	9	14	9	0	0	1010.80	
1947	9	14	12	0	0	1008.60	
1947	9	14	15	0	0	1005.80	
1947	9	14	18	0	0	1005.20	
1947	9	14	21	0	0	1005.90	
1947	9	15	0	0	0	1007.30	
1947	9	15	3	0	0	1008.20	
1947	9	15	6	0	0	1009.60	
1947	9	15	9	0	0	1010.80	
1947	9	15	12	0	0	1011.80	
1947	9	15	15	0	0	1011.70	
1947	9	15	18	0	0	1010.90	
1947	9	15	21	0	0	1011.20	
1947	9	16	0	0	0	1010.40	
1947	9	16	3	0	0	1008.30	
1947	9	16	6	0	0	1006.50	
1947	9	16	9	0	0	1005.30	
1947	9	16	12	0	0	1003.10	
1947	9	16	15	0	0	1003.80	
1947	9	16	18	0	0	1007.40	
1947	9	16	21	0	0	1014.10	
1947	9	17	0	0	0	1016.10	
1947	9	17	3	0	0	1018.20	
1947	9	17	6	0	0	1019.80	
1947	9	17	9	0	0	1021.50	
1947	9	17	12	0	0	1020.50	
1947	9	17	15	0	0	1021.10	
1947	9	17	18	0	0	1021.30	
1947	9	17	21	0	0	1022.80	
1947	9	18	0	0	0	1023.40	
1947	9	18	3	0	0	1022.80	
1947	9	18	6	0	0	1023.40	
1947	9	18	9	0	0	1024.10	
1947	9	18	12	0	0	1022.90	
1947	9	18	15	0	0	1022.10	
1947	9	18	18	0	0	1021.50	
1947	9	18	21	0	0	1020.90	
1947	9	19	0	0	0	1020.70	
1947	9	19	3	0	0	1018.50	
1947	9	19	6	0	0	1017.50	
1947	9	19	9	0	0	1016.40	
1947	9	19	12	0	0	1015.00	
1947	9	19	15	0	0	1013.90	
1947	9	19	18	0	0	1012.30	
1947	9	19	21	0	0	1011.80	
1947	9	20	0	0	0	1010.20	
1947	9	20	3	0	0	1009.20	
1947	9	20	6	0	0	1009.00	
1947	9	20	9	0	0	1009.90	
1947	9	20	12	0	0	1010.50	
1947	9	20	15	0	0	1010.80	
1947	9	20	18	0	0	1011.80	
1947	9	20	21	0	0	1012.40	
1947	9	21	0	0	0	1013.40	
1947	9	21	3	0	0	1013.40	
1947	9	21	6	0	0	1014.80	
1947	9	21	9	0	0	1018.60	
1947	9	21	12	0	0	1022.00	
1947	9	21	15	0	0	1028.10	
1947	9	21	18	0	0	1029.10	
1947	9	21	21	0	0	1031.60	
1947	9	22	0	0	0	1032.60	
1947	9	22	3	0	0	1031.50	
1947	9	22	6	0	0	1030.30	
1947	9	22	9	0	0	1028.50	
1947	9	22	12	0	0	1024.30	
1947	9	22	15	0	0	1020.30	
1947	9	22	18	0	0	1012.70	
1947	9	22	21	0	0	1014.80	
1947	9	23	0	0	0	1016.00	
1947	9	23	3	0	0	1016.40	
1947	9	23	6	0	0	1015.80	
1947	9	23	9	0	0	1019.30	
1947	9	23	12	0	0	1018.70	
1947	9	23	15	0	0	1015.60	
1947	9	23	18	0	0	1016.80	
1947	9	23	21	0	0	1018.30	
1947	9	24	0	0	0	1019.30	
1947	9	24	3	0	0	1019.40	
1947	9	24	6	0	0	1019.80	
1947	9	24	9	0	0	1021.40	
1947	9	24	12	0	0	1020.40	
1947	9	24	15	0	0	1019.40	
1947	9	24	18	0	0	1020.60	
1947	9	24	21	0	0	1021.30	
1947	9	25	0	0	0	1020.30	
1947	9	25	3	0	0	1019.50	
1947	9	25	6	0	0	1018.70	
1947	9	25	9	0	0	1020.30	
1947	9	25	12	0	0	1019.90	
1947	9	25	15	0	0	1020.30	
1947	9	25	18	0	0	1021.90	
1947	9	25	21	0	0	1023.80	
1947	9	26	0	0	0	1024.20	
1947	9	26	3	0	0	1024.30	
1947	9	26	6	0	0	1024.90	
1947	9	26	9	0	0	1024.80	
1947	9	26	12	0	0	1023.80	
1947	9	26	15	0	0	1022.40	
1947	9	26	18	0	0	1023.00	
1947	9	26	21	0	0	1023.70	
1947	9	27	0	0	0	1023.50	
1947	9	27	3	0	0	1022.10	
1947	9	27	6	0	0	1021.90	
1947	9	27	9	0	0	1021.60	
1947	9	27	12	0	0	1019.80	
1947	9	27	15	0	0	1017.60	
1947	9	27	18	0	0	1017.80	
1947	9	27	21	0	0	1017.60	
1947	9	28	0	0	0	1016.20	
1947	9	28	3	0	0	1015.30	
1947	9	28	6	0	0	1016.30	
1947	9	28	9	0	0	1017.90	
1947	9	28	12	0	0	1017.90	
1947	9	28	15	0	0	1017.80	
1947	9	28	18	0	0	1018.00	
1947	9	28	21	0	0	1017.60	
1947	9	29	0	0	0	1017.00	
1947	9	29	3	0	0	1016.50	
1947	9	29	6	0	0	1016.30	
1947	9	29	9	0	0	1017.40	
1947	9	29	12	0	0	1017.60	
1947	9	29	15	0	0	1019.40	
1947	9	29	18	0	0	1020.40	
1947	9	29	21	0	0	1023.40	
1947	9	30	0	0	0	1025.80	
1947	9	30	3	0	0	1028.00	
1947	9	30	6	0	0	1030.20	
1947	9	30	9	0	0	1031.70	
1947	9	30	12	0	0	1031.50	
1947	9	30	15	0	0	1031.20	
1947	9	30	18	0	0	1030.60	
1947	9	30	21	0	0	1030.30	
1947	10	1	0	0	0	1029.70	
1947	10	1	3	0	0	1028.60	
1947	10	1	6	0	0	1027.00	
1947	10	1	9	0	0	1026.30	
1947	10	1	12	0	0	1025.70	
1947	10	1	15	0	0	1024.70	
1947	10	1	18	0	0	1024.50	
1947	10	1	21	0	0	1025.20	
1947	10	2	0	0	0	1025.60	
1947	10	2	3	0	0	1026.00	
1947	10	2	6	0	0	1026.20	
1947	10	2	9	0	0	1028.00	
1947	10	2	12	0	0	1028.80	
1947	10	2	15	0	0	1028.90	
1947	10	2	18	0	0	1029.50	
1947	10	2	21	0	0	1031.00	
1947	10	3	0	0	0	1031.40	
1947	10	3	3	0	0	1031.50	
1947	10	3	6	0	0	1032.10	
1947	10	3	9	0	0	1032.70	
1947	10	3	12	0	0	1031.90	
1947	10	3	15	0	0	1030.30	
1947	10	3	18	0	0	1030.30	
1947	10	3	21	0	0	1030.90	
1947	10	4	0	0	0	1030.70	
1947	10	4	3	0	0	1030.50	
1947	10	4	6	0	0	1030.30	
1947	10	4	9	0	0	1031.00	
1947	10	4	12	0	0	1029.80	
1947	10	4	15	0	0	1027.50	
1947	10	4	18	0	0	1027.10	
1947	10	4	21	0	0	1027.00	
1947	10	5	0	0	0	1026.40	
1947	10	5	3	0	0	1024.90	
1947	10	5	6	0	0	1023.70	
1947	10	5	9	0	0	1023.00	
1947	10	5	12	0	0	1021.20	
1947	10	5	15	0	0	1018.70	
1947	10	5	18	0	0	1018.70	
1947	10	5	21	0	0	1018.40	
1947	10	6	0	0	0	1018.40	
1947	10	6	3	0	0	1018.40	
1947	10	6	6	0	0	1017.80	
1947	10	6	9	0	0	1018.40	
1947	10	6	12	0	0	1018.00	
1947	10	6	15	0	0	1017.80	
1947	10	6	18	0	0	1018.60	
1947	10	6	21	0	0	1019.50	
1947	10	7	0	0	0	1019.30	
1947	10	7	3	0	0	1019.30	
1947	10	7	6	0	0	1019.30	
1947	10	7	9	0	0	1019.90	
1947	10	7	12	0	0	1018.90	
1947	10	7	15	0	0	1017.60	
1947	10	7	18	0	0	1016.60	
1947	10	7	21	0	0	1015.80	
1947	10	8	0	0	0	1014.00	
1947	10	8	3	0	0	1012.20	
1947	10	8	6	0	0	1012.00	
1947	10	8	9	0	0	1012.70	
1947	10	8	12	0	0	1012.70	
1947	10	8	15	0	0	1012.90	
1947	10	8	18	0	0	1014.30	
1947	10	8	21	0	0	1015.70	
1947	10	9	0	0	0	1016.50	
1947	10	9	3	0	0	1016.30	
1947	10	9	6	0	0	1016.90	
1947	10	9	9	0	0	1017.00	
1947	10	9	12	0	0	1015.60	
1947	10	9	15	0	0	1015.40	
1947	10	9	18	0	0	1015.80	
1947	10	9	21	0	0	1016.80	
1947	10	10	0	0	0	1017.80	
1947	10	10	3	0	0	1018.10	
1947	10	10	6	0	0	1018.70	
1947	10	10	9	0	0	1020.90	
1947	10	10	12	0	0	1021.30	
1947	10	10	15	0	0	1022.30	
1947	10	10	18	0	0	1024.10	
1947	10	10	21	0	0	1025.30	
1947	10	11	0	0	0	1025.50	
1947	10	11	3	0	0	1025.70	
1947	10	11	6	0	0	1026.30	
1947	10	11	9	0	0	1027.10	
1947	10	11	12	0	0	1027.30	
1947	10	11	15	0	0	1027.10	
1947	10	11	18	0	0	1027.50	
1947	10	11	21	0	0	1027.60	
1947	10	12	0	0	0	1027.40	
1947	10	12	3	0	0	1027.50	
1947	10	12	6	0	0	1027.50	
1947	10	12	9	0	0	1027.50	
1947	10	12	12	0	0	1026.90	
1947	10	12	15	0	0	1026.70	
1947	10	12	18	0	0	1025.90	
1947	10	12	21	0	0	1024.90	
1947	10	13	0	0	0	1024.30	
1947	10	13	3	0	0	1024.10	
1947	10	13	6	0	0	1023.50	
1947	10	13	9	0	0	1024.80	
1947	10	13	12	0	0	1025.80	
1947	10	13	15	0	0	1026.20	
1947	10	13	18	0	0	1027.20	
1947	10	13	21	0	0	1026.90	
1947	10	14	0	0	0	1025.70	
1947	10	14	3	0	0	1023.80	
1947	10	14	6	0	0	1022.20	
1947	10	14	9	0	0	1022.20	
1947	10	14	12	0	0	1022.40	
1947	10	14	15	0	0	1019.60	
1947	10	14	18	0	0	1020.20	
1947	10	14	21	0	0	1020.00	
1947	10	15	0	0	0	1018.20	
1947	10	15	3	0	0	1016.70	
1947	10	15	6	0	0	1016.50	
1947	10	15	9	0	0	1016.50	
1947	10	15	12	0	0	1016.30	
1947	10	15	15	0	0	1015.20	
1947	10	15	18	0	0	1014.80	
1947	10	15	21	0	0	1015.10	
1947	10	16	0	0	0	1015.90	
1947	10	16	3	0	0	1017.10	
1947	10	16	6	0	0	1018.90	
1947	10	16	9	0	0	1021.10	
1947	10	16	12	0	0	1022.10	
1947	10	16	15	0	0	1024.00	
1947	10	16	18	0	0	1025.20	
1947	10	16	21	0	0	1024.90	
1947	10	17	0	0	0	1025.70	
1947	10	17	3	0	0	1023.60	
1947	10	17	6	0	0	1022.60	
1947	10	17	9	0	0	1022.20	
1947	10	17	12	0	0	1023.00	
1947	10	17	15	0	0	1024.60	
1947	10	17	18	0	0	1027.00	
1947	10	17	21	0	0	1029.20	
1947	10	18	0	0	0	1029.40	
1947	10	18	3	0	0	1029.70	
1947	10	18	6	0	0	1029.30	
1947	10	18	9	0	0	1030.40	
1947	10	18	12	0	0	1030.20	
1947	10	18	15	0	0	1029.40	
1947	10	18	18	0	0	1029.60	
1947	10	18	21	0	0	1029.90	
1947	10	19	0	0	0	1029.90	
1947	10	19	3	0	0	1029.50	
1947	10	19	6	0	0	1029.50	
1947	10	19	9	0	0	1036.20	
1947	10	19	12	0	0	1036.00	
1947	10	19	15	0	0	1029.70	
1947	10	19	18	0	0	1030.10	
1947	10	19	21	0	0	1030.20	
1947	10	20	0	0	0	1029.80	
1947	10	20	3	0	0	1029.20	
1947	10	20	6	0	0	1028.40	
1947	10	20	9	0	0	1028.60	
1947	10	20	12	0	0	1026.80	
1947	10	20	15	0	0	1025.80	
1947	10	20	18	0	0	1023.80	
1947	10	20	21	0	0	1023.40	
1947	10	21	0	0	0	1022.40	
1947	10	21	3	0	0	1021.00	
1947	10	21	6	0	0	1020.00	
1947	10	21	9	0	0	1019.80	
1947	10	21	12	0	0	1018.00	
1947	10	21	15	0	0	1016.60	
1947	10	21	18	0	0	1016.60	
1947	10	21	21	0	0	1016.30	
1947	10	22	0	0	0	1015.10	
1947	10	22	3	0	0	1013.80	
1947	10	22	6	0	0	1012.60	
1947	10	22	9	0	0	1011.90	
1947	10	22	12	0	0	1009.50	
1947	10	22	15	0	0	1008.00	
1947	10	22	18	0	0	1008.20	
1947	10	22	21	0	0	1008.70	
1947	10	23	0	0	0	1009.50	
1947	10	23	3	0	0	1011.10	
1947	10	23	6	0	0	1012.90	
1947	10	23	9	0	0	1015.00	
1947	10	23	12	0	0	1015.80	
1947	10	23	15	0	0	1016.20	
1947	10	23	18	0	0	1017.20	
1947	10	23	21	0	0	1018.50	
1947	10	24	0	0	0	1019.10	
1947	10	24	3	0	0	1018.50	
1947	10	24	6	0	0	1018.30	
1947	10	24	9	0	0	1018.60	
1947	10	24	12	0	0	1018.80	
1947	10	24	15	0	0	1018.80	
1947	10	24	18	0	0	1019.80	
1947	10	24	21	0	0	1020.30	
1947	10	25	0	0	0	1020.90	
1947	10	25	3	0	0	1021.40	
1947	10	25	6	0	0	1022.20	
1947	10	25	9	0	0	1023.60	
1947	10	25	12	0	0	1023.80	
1947	10	25	15	0	0	1025.00	
1947	10	25	18	0	0	1026.80	
1947	10	25	21	0	0	1029.00	
1947	10	26	0	0	0	1029.20	
1947	10	26	3	0	0	1029.30	
1947	10	26	6	0	0	1029.30	
1947	10	26	9	0	0	1030.30	
1947	10	26	12	0	0	1030.10	
1947	10	26	15	0	0	1029.10	
1947	10	26	18	0	0	1028.90	
1947	10	26	21	0	0	1028.00	
1947	10	27	0	0	0	1027.40	
1947	10	27	3	0	0	1026.30	
1947	10	27	6	0	0	1025.50	
1947	10	27	9	0	0	1026.00	
1947	10	27	12	0	0	1026.20	
1947	10	27	15	0	0	1025.40	
1947	10	27	18	0	0	1026.40	
1947	10	27	21	0	0	1026.80	
1947	10	28	0	0	0	1026.20	
1947	10	28	3	0	0	1025.50	
1947	10	28	6	0	0	1025.30	
1947	10	28	9	0	0	1025.40	
1947	10	28	12	0	0	1025.20	
1947	10	28	15	0	0	1023.80	
1947	10	28	18	0	0	1023.00	
1947	10	28	21	0	0	1022.80	
1947	10	29	0	0	0	1022.40	
1947	10	29	3	0	0	1021.10	
1947	10	29	6	0	0	1020.50	
1947	10	29	9	0	0	1020.30	
1947	10	29	12	0	0	1019.10	
1947	10	29	15	0	0	1017.50	
1947	10	29	18	0	0	1017.30	
1947	10	29	21	0	0	1016.00	
1947	10	30	0	0	0	1015.40	
1947	10	30	3	0	0	1013.40	
1947	10	30	6	0	0	1012.60	
1947	10	30	9	0	0	1012.50	
1947	10	30	12	0	0	1011.50	
1947	10	30	15	0	0	1010.20	
1947	10	30	18	0	0	1010.20	
1947	10	30	21	0	0	1010.30	
1947	10	31	0	0	0	1009.70	
1947	10	31	3	0	0	1009.90	
1947	10	31	6	0	0	1009.70	
1947	10	31	9	0	0	1010.50	
1947	10	31	12	0	0	1010.90	
1947	10	31	15	0	0	1011.30	
1947	10	31	18	0	0	1012.50	
1947	10	31	21	0	0	1013.40	
1947	11	1	0	0	0	1013.60	
1947	11	1	3	0	0	1012.70	
1947	11	1	6	0	0	1011.70	
1947	11	1	9	0	0	1011.30	
1947	11	1	12	0	0	1011.50	
1947	11	1	15	0	0	1011.50	
1947	11	1	18	0	0	1011.90	
1947	11	1	21	0	0	1011.50	
1947	11	2	0	0	0	1010.50	
1947	11	2	3	0	0	1009.10	
1947	11	2	6	0	0	1007.30	
1947	11	2	9	0	0	1004.90	
1947	11	2	12	0	0	1001.10	
1947	11	2	15	0	0	996.00	
1947	11	2	18	0	0	990.40	
1947	11	2	21	0	0	993.20	
1947	11	3	0	0	0	997.00	
1947	11	3	3	0	0	998.40	
1947	11	3	6	0	0	999.80	
1947	11	3	9	0	0	1001.80	
1947	11	3	12	0	0	1003.00	
1947	11	3	15	0	0	1003.70	
1947	11	3	18	0	0	1004.90	
1947	11	3	21	0	0	1005.60	
1947	11	4	0	0	0	1006.60	
1947	11	4	3	0	0	1007.70	
1947	11	4	6	0	0	1009.90	
1947	11	4	9	0	0	1011.10	
1947	11	4	12	0	0	1011.70	
1947	11	4	15	0	0	1012.50	
1947	11	4	18	0	0	1013.90	
1947	11	4	21	0	0	1015.90	
1947	11	5	0	0	0	1016.90	
1947	11	5	3	0	0	1018.00	
1947	11	5	6	0	0	1021.00	
1947	11	5	9	0	0	1023.00	
1947	11	5	12	0	0	1024.00	
1947	11	5	15	0	0	1025.40	
1947	11	5	18	0	0	1027.20	
1947	11	5	21	0	0	1028.30	
1947	11	6	0	0	0	1028.90	
1947	11	6	3	0	0	1028.80	
1947	11	6	6	0	0	1028.40	
1947	11	6	9	0	0	1028.40	
1947	11	6	12	0	0	1027.40	
1947	11	6	15	0	0	1026.50	
1947	11	6	18	0	0	1026.30	
1947	11	6	21	0	0	1025.90	
1947	11	7	0	0	0	1025.70	
1947	11	7	3	0	0	1024.40	
1947	11	7	6	0	0	1023.80	
1947	11	7	9	0	0	1024.00	
1947	11	7	12	0	0	1023.00	
1947	11	7	15	0	0	1022.00	
1947	11	7	18	0	0	1021.80	
1947	11	7	21	0	0	1021.80	
1947	11	8	0	0	0	1022.00	
1947	11	8	3	0	0	1020.70	
1947	11	8	6	0	0	1019.50	
1947	11	8	9	0	0	1018.40	
1947	11	8	12	0	0	1017.00	
1947	11	8	15	0	0	1015.40	
1947	11	8	18	0	0	1013.60	
1947	11	8	21	0	0	1011.20	
1947	11	9	0	0	0	1009.60	
1947	11	9	3	0	0	1007.30	
1947	11	9	6	0	0	1005.70	
1947	11	9	9	0	0	1007.30	
1947	11	9	12	0	0	1007.50	
1947	11	9	15	0	0	1007.50	
1947	11	9	18	0	0	1006.90	
1947	11	9	21	0	0	1005.60	
1947	11	10	0	0	0	1003.40	
1947	11	10	3	0	0	1001.80	
1947	11	10	6	0	0	1003.60	
1947	11	10	9	0	0	1006.90	
1947	11	10	12	0	0	1009.30	
1947	11	10	15	0	0	1011.90	
1947	11	10	18	0	0	1013.70	
1947	11	10	21	0	0	1014.10	
1947	11	11	0	0	0	1012.70	
1947	11	11	3	0	0	1010.40	
1947	11	11	6	0	0	1007.00	
1947	11	11	9	0	0	1004.10	
1947	11	11	12	0	0	1002.50	
1947	11	11	15	0	0	1001.30	
1947	11	11	18	0	0	999.70	
1947	11	11	21	0	0	998.30	
1947	11	12	0	0	0	994.90	
1947	11	12	3	0	0	991.60	
1947	11	12	6	0	0	991.40	
1947	11	12	9	0	0	992.70	
1947	11	12	12	0	0	992.90	
1947	11	12	15	0	0	992.90	
1947	11	12	18	0	0	996.30	
1947	11	12	21	0	0	1000.60	
1947	11	13	0	0	0	1002.00	
1947	11	13	3	0	0	1001.70	
1947	11	13	6	0	0	1001.30	
1947	11	13	9	0	0	1003.40	
1947	11	13	12	0	0	1005.20	
1947	11	13	15	0	0	1005.90	
1947	11	13	18	0	0	1007.70	
1947	11	13	21	0	0	1009.40	
1947	11	14	0	0	0	1010.20	
1947	11	14	3	0	0	1011.40	
1947	11	14	6	0	0	1011.40	
1947	11	14	9	0	0	1011.60	
1947	11	14	12	0	0	1011.80	
1947	11	14	15	0	0	1010.80	
1947	11	14	18	0	0	1008.20	
1947	11	14	21	0	0	1005.80	
1947	11	15	0	0	0	1002.80	
1947	11	15	3	0	0	1000.80	
1947	11	15	6	0	0	1001.60	
1947	11	15	9	0	0	1004.70	
1947	11	15	12	0	0	1004.90	
1947	11	15	15	0	0	1005.80	
1947	11	15	18	0	0	1008.00	
1947	11	15	21	0	0	1010.40	
1947	11	16	0	0	0	1012.20	
1947	11	16	3	0	0	1013.50	
1947	11	16	6	0	0	1014.30	
1947	11	16	9	0	0	1015.50	
1947	11	16	12	0	0	1015.50	
1947	11	16	15	0	0	1017.30	
1947	11	16	18	0	0	1016.90	
1947	11	16	21	0	0	1014.60	
1947	11	17	0	0	0	1014.00	
1947	11	17	3	0	0	1013.50	
1947	11	17	6	0	0	1012.90	
1947	11	17	9	0	0	1013.20	
1947	11	17	12	0	0	1013.20	
1947	11	17	15	0	0	1012.70	
1947	11	17	18	0	0	1012.10	
1947	11	17	21	0	0	1010.80	
1947	11	18	0	0	0	1010.00	
1947	11	18	3	0	0	1008.20	
1947	11	18	6	0	0	1007.20	
1947	11	18	9	0	0	1007.40	
1947	11	18	12	0	0	1007.60	
1947	11	18	15	0	0	1008.00	
1947	11	18	18	0	0	1007.80	
1947	11	18	21	0	0	1008.20	
1947	11	19	0	0	0	1008.00	
1947	11	19	3	0	0	1007.40	
1947	11	19	6	0	0	1007.20	
1947	11	19	9	0	0	1008.60	
1947	11	19	12	0	0	1010.00	
1947	11	19	15	0	0	1010.50	
1947	11	19	18	0	0	1011.90	
1947	11	19	21	0	0	1013.00	
1947	11	20	0	0	0	1012.00	
1947	11	20	3	0	0	1009.80	
1947	11	20	6	0	0	1008.80	
1947	11	20	9	0	0	1008.60	
1947	11	20	12	0	0	1007.60	
1947	11	20	15	0	0	1008.50	
1947	11	20	18	0	0	1009.10	
1947	11	20	21	0	0	1011.00	
1947	11	21	0	0	0	1011.80	
1947	11	21	3	0	0	1012.20	
1947	11	21	6	0	0	1012.40	
1947	11	21	9	0	0	1012.60	
1947	11	21	12	0	0	1011.80	
1947	11	21	15	0	0	1010.10	
1947	11	21	18	0	0	1010.50	
1947	11	21	21	0	0	1011.40	
1947	11	22	0	0	0	1012.40	
1947	11	22	3	0	0	1013.10	
1947	11	22	6	0	0	1011.70	
1947	11	22	9	0	0	1010.40	
1947	11	22	12	0	0	1008.40	
1947	11	22	15	0	0	1007.80	
1947	11	22	18	0	0	1010.60	
1947	11	22	21	0	0	1012.10	
1947	11	23	0	0	0	1012.50	
1947	11	23	3	0	0	1013.00	
1947	11	23	6	0	0	1013.80	
1947	11	23	9	0	0	1011.90	
1947	11	23	12	0	0	1007.70	
1947	11	23	15	0	0	1006.50	
1947	11	23	18	0	0	1014.70	
1947	11	23	21	0	0	1017.20	
1947	11	24	0	0	0	1018.60	
1947	11	24	3	0	0	1019.40	
1947	11	24	6	0	0	1018.40	
1947	11	24	9	0	0	1018.40	
1947	11	24	12	0	0	1017.80	
1947	11	24	15	0	0	1015.90	
1947	11	24	18	0	0	1014.10	
1947	11	24	21	0	0	1013.10	
1947	11	25	0	0	0	1012.10	
1947	11	25	3	0	0	1013.20	
1947	11	25	6	0	0	1014.20	
1947	11	25	9	0	0	1015.70	
1947	11	25	12	0	0	1015.90	
1947	11	25	15	0	0	1015.70	
1947	11	25	18	0	0	1016.10	
1947	11	25	21	0	0	1014.90	
1947	11	26	0	0	0	1015.10	
1947	11	26	3	0	0	1013.00	
1947	11	26	6	0	0	1012.40	
1947	11	26	9	0	0	1011.90	
1947	11	26	12	0	0	1010.30	
1947	11	26	15	0	0	1009.00	
1947	11	26	18	0	0	1007.60	
1947	11	26	21	0	0	1006.80	
1947	11	27	0	0	0	1005.80	
1947	11	27	3	0	0	1005.40	
1947	11	27	6	0	0	1006.40	
1947	11	27	9	0	0	1007.50	
1947	11	27	12	0	0	1008.10	
1947	11	27	15	0	0	1008.50	
1947	11	27	18	0	0	1009.10	
1947	11	27	21	0	0	1009.10	
1947	11	28	0	0	0	1008.50	
1947	11	28	3	0	0	1007.80	
1947	11	28	6	0	0	1008.00	
1947	11	28	9	0	0	1008.30	
1947	11	28	12	0	0	1008.50	
1947	11	28	15	0	0	1007.00	
1947	11	28	18	0	0	1007.20	
1947	11	28	21	0	0	1006.50	
1947	11	29	0	0	0	1006.10	
1947	11	29	3	0	0	1005.60	
1947	11	29	6	0	0	1004.40	
1947	11	29	9	0	0	1004.30	
1947	11	29	12	0	0	1002.30	
1947	11	29	15	0	0	1001.30	
1947	11	29	18	0	0	1001.10	
1947	11	29	21	0	0	1000.90	
1947	11	30	0	0	0	999.90	
1947	11	30	3	0	0	998.90	
1947	11	30	6	0	0	998.50	
1947	11	30	9	0	0	998.90	
1947	11	30	12	0	0	997.50	
1947	11	30	15	0	0	997.70	
1947	11	30	18	0	0	998.70	
1947	11	30	21	0	0	998.20	
1947	12	1	0	0	0	998.60	
1947	12	1	3	0	0	999.40	
1947	12	1	6	0	0	998.00	
1947	12	1	9	0	0	998.10	
1947	12	1	12	0	0	997.50	
1947	12	1	15	0	0	997.40	
1947	12	1	18	0	0	997.80	
1947	12	1	21	0	0	998.30	
1947	12	2	0	0	0	998.90	
1947	12	2	3	0	0	999.10	
1947	12	2	6	0	0	999.50	
1947	12	2	9	0	0	1000.00	
1947	12	2	12	0	0	999.80	
1947	12	2	15	0	0	999.60	
1947	12	2	18	0	0	1000.00	
1947	12	2	21	0	0	999.70	
1947	12	3	0	0	0	999.10	
1947	12	3	3	0	0	997.80	
1947	12	3	6	0	0	996.80	
1947	12	3	9	0	0	995.90	
1947	12	3	12	0	0	994.90	
1947	12	3	15	0	0	994.00	
1947	12	3	18	0	0	993.40	
1947	12	3	21	0	0	993.00	
1947	12	4	0	0	0	992.60	
1947	12	4	3	0	0	992.60	
1947	12	4	6	0	0	992.40	
1947	12	4	9	0	0	993.00	
1947	12	4	12	0	0	993.20	
1947	12	4	15	0	0	993.30	
1947	12	4	18	0	0	993.50	
1947	12	4	21	0	0	993.50	
1947	12	5	0	0	0	992.30	
1947	12	5	3	0	0	991.20	
1947	12	5	6	0	0	989.40	
1947	12	5	9	0	0	986.00	
1947	12	5	12	0	0	983.40	
1947	12	5	15	0	0	979.90	
1947	12	5	18	0	0	979.50	
1947	12	5	21	0	0	979.40	
1947	12	6	0	0	0	981.20	
1947	12	6	3	0	0	980.90	
1947	12	6	6	0	0	983.70	
1947	12	6	9	0	0	990.70	
1947	12	6	12	0	0	994.10	
1947	12	6	15	0	0	996.30	
1947	12	6	18	0	0	998.90	
1947	12	6	21	0	0	1001.30	
1947	12	7	0	0	0	1003.90	
1947	12	7	3	0	0	1005.50	
1947	12	7	6	0	0	1006.90	
1947	12	7	9	0	0	1009.20	
1947	12	7	12	0	0	1011.00	
1947	12	7	15	0	0	1011.30	
1947	12	7	18	0	0	1012.10	
1947	12	7	21	0	0	1011.60	
1947	12	8	0	0	0	1010.60	
1947	12	8	3	0	0	1009.00	
1947	12	8	6	0	0	1008.40	
1947	12	8	9	0	0	1009.10	
1947	12	8	12	0	0	1010.50	
1947	12	8	15	0	0	1010.70	
1947	12	8	18	0	0	1013.30	
1947	12	8	21	0	0	1019.00	
1947	12	9	0	0	0	1021.60	
1947	12	9	3	0	0	1024.40	
1947	12	9	6	0	0	1026.20	
1947	12	9	9	0	0	1029.70	
1947	12	9	12	0	0	1030.70	
1947	12	9	15	0	0	1032.30	
1947	12	9	18	0	0	1033.50	
1947	12	9	21	0	0	1034.30	
1947	12	10	0	0	0	1034.90	
1947	12	10	3	0	0	1035.00	
1947	12	10	6	0	0	1035.00	
1947	12	10	9	0	0	1035.80	
1947	12	10	12	0	0	1036.20	
1947	12	10	15	0	0	1035.10	
1947	12	10	18	0	0	1035.10	
1947	12	10	21	0	0	1035.40	
1947	12	11	0	0	0	1034.80	
1947	12	11	3	0	0	1034.20	
1947	12	11	6	0	0	1033.00	
1947	12	11	9	0	0	1033.70	
1947	12	11	12	0	0	1032.70	
1947	12	11	15	0	0	1032.10	
1947	12	11	18	0	0	1031.90	
1947	12	11	21	0	0	1031.50	
1947	12	12	0	0	0	1030.90	
1947	12	12	3	0	0	1030.40	
1947	12	12	6	0	0	1030.20	
1947	12	12	9	0	0	1030.40	
1947	12	12	12	0	0	1030.20	
1947	12	12	15	0	0	1030.40	
1947	12	12	18	0	0	1031.20	
1947	12	12	21	0	0	1031.80	
1947	12	13	0	0	0	1032.60	
1947	12	13	3	0	0	1033.10	
1947	12	13	6	0	0	1033.70	
1947	12	13	9	0	0	1034.60	
1947	12	13	12	0	0	1035.00	
1947	12	13	15	0	0	1034.90	
1947	12	13	18	0	0	1035.30	
1947	12	13	21	0	0	1035.20	
1947	12	14	0	0	0	1035.80	
1947	12	14	3	0	0	1035.80	
1947	12	14	6	0	0	1035.80	
1947	12	14	9	0	0	1036.80	
1947	12	14	12	0	0	1037.00	
1947	12	14	15	0	0	1036.70	
1947	12	14	18	0	0	1036.10	
1947	12	14	21	0	0	1037.90	
1947	12	15	0	0	0	1037.90	
1947	12	15	3	0	0	1037.80	
1947	12	15	6	0	0	1038.20	
1947	12	15	9	0	0	1039.00	
1947	12	15	12	0	0	1038.80	
1947	12	15	15	0	0	1038.30	
1947	12	15	18	0	0	1039.30	
1947	12	15	21	0	0	1039.40	
1947	12	16	0	0	0	1039.60	
1947	12	16	3	0	0	1039.40	
1947	12	16	6	0	0	1039.20	
1947	12	16	9	0	0	1039.60	
1947	12	16	12	0	0	1039.00	
1947	12	16	15	0	0	1038.10	
1947	12	16	18	0	0	1038.10	
1947	12	16	21	0	0	1038.20	
1947	12	17	0	0	0	1038.60	
1947	12	17	3	0	0	1038.20	
1947	12	17	6	0	0	1038.40	
1947	12	17	9	0	0	1038.50	
1947	12	17	12	0	0	1038.50	
1947	12	17	15	0	0	1037.10	
1947	12	17	18	0	0	1036.90	
1947	12	17	21	0	0	1036.40	
1947	12	18	0	0	0	1035.40	
1947	12	18	3	0	0	1034.10	
1947	12	18	6	0	0	1032.70	
1947	12	18	9	0	0	1033.10	
1947	12	18	12	0	0	1032.30	
1947	12	18	15	0	0	1032.20	
1947	12	18	18	0	0	1032.80	
1947	12	18	21	0	0	1032.80	
1947	12	19	0	0	0	1032.20	
1947	12	19	3	0	0	1031.50	
1947	12	19	6	0	0	1030.70	
1947	12	19	9	0	0	1029.70	
1947	12	19	12	0	0	1028.30	
1947	12	19	15	0	0	1027.00	
1947	12	19	18	0	0	1028.20	
1947	12	19	21	0	0	1028.20	
1947	12	20	0	0	0	1027.60	
1947	12	20	3	0	0	1027.60	
1947	12	20	6	0	0	1028.00	
1947	12	20	9	0	0	1028.60	
1947	12	20	12	0	0	1030.40	
1947	12	20	15	0	0	1030.50	
1947	12	20	18	0	0	1032.30	
1947	12	20	21	0	0	1033.00	
1947	12	21	0	0	0	1033.40	
1947	12	21	3	0	0	1032.40	
1947	12	21	6	0	0	1030.80	
1947	12	21	9	0	0	1029.70	
1947	12	21	12	0	0	1028.30	
1947	12	21	15	0	0	1027.00	
1947	12	21	18	0	0	1026.40	
1947	12	21	21	0	0	1025.00	
1947	12	22	0	0	0	1023.60	
1947	12	22	3	0	0	1022.50	
1947	12	22	6	0	0	1021.70	
1947	12	22	9	0	0	1022.00	
1947	12	22	12	0	0	1022.00	
1947	12	22	15	0	0	1021.10	
1947	12	22	18	0	0	1021.30	
1947	12	22	21	0	0	1020.80	
1947	12	23	0	0	0	1021.40	
1947	12	23	3	0	0	1019.80	
1947	12	23	6	0	0	1018.80	
1947	12	23	9	0	0	1021.50	
1947	12	23	12	0	0	1021.70	
1947	12	23	15	0	0	1021.80	
1947	12	23	18	0	0	1021.60	
1947	12	23	21	0	0	1020.50	
1947	12	24	0	0	0	1019.90	
1947	12	24	3	0	0	1016.70	
1947	12	24	6	0	0	1012.90	
1947	12	24	9	0	0	1010.90	
1947	12	24	12	0	0	1009.50	
1947	12	24	15	0	0	1007.90	
1947	12	24	18	0	0	1006.30	
1947	12	24	21	0	0	1004.60	
1947	12	25	0	0	0	1003.60	
1947	12	25	3	0	0	1002.60	
1947	12	25	6	0	0	1001.00	
1947	12	25	9	0	0	1001.30	
1947	12	25	12	0	0	1001.10	
1947	12	25	15	0	0	999.30	
1947	12	25	18	0	0	996.70	
1947	12	25	21	0	0	995.90	
1947	12	26	0	0	0	996.90	
1947	12	26	3	0	0	997.50	
1947	12	26	6	0	0	998.50	
1947	12	26	9	0	0	1000.10	
1947	12	26	12	0	0	1000.70	
1947	12	26	15	0	0	1000.70	
1947	12	26	18	0	0	1001.50	
1947	12	26	21	0	0	1002.00	
1947	12	27	0	0	0	999.80	
1947	12	27	3	0	0	995.40	
1947	12	27	6	0	0	990.00	
1947	12	27	9	0	0	986.70	
1947	12	27	12	0	0	984.90	
1947	12	27	15	0	0	983.60	
1947	12	27	18	0	0	983.80	
1947	12	27	21	0	0	999.40	
1947	12	28	0	0	0	998.20	
1947	12	28	3	0	0	980.60	
1947	12	28	6	0	0	978.00	
1947	12	28	9	0	0	981.50	
1947	12	28	12	0	0	982.50	
1947	12	28	15	0	0	983.20	
1947	12	28	18	0	0	983.20	
1947	12	28	21	0	0	982.40	
1947	12	29	0	0	0	984.80	
1947	12	29	3	0	0	986.90	
1947	12	29	6	0	0	987.10	
1947	12	29	9	0	0	987.50	
1947	12	29	12	0	0	988.50	
1947	12	29	15	0	0	988.90	
1947	12	29	18	0	0	989.50	
1947	12	29	21	0	0	990.70	
1947	12	30	0	0	0	991.50	
1947	12	30	3	0	0	992.20	
1947	12	30	6	0	0	994.00	
1947	12	30	9	0	0	996.50	
1947	12	30	12	0	0	998.10	
1947	12	30	15	0	0	1000.10	
1947	12	30	18	0	0	1001.90	
1947	12	30	21	0	0	1003.20	
1947	12	31	0	0	0	1004.20	
1947	12	31	3	0	0	1006.40	
1947	12	31	6	0	0	1007.40	
1947	12	31	9	0	0	1009.30	
1947	12	31	12	0	0	1009.50	
1947	12	31	15	0	0	1009.70	
1947	12	31	18	0	0	1009.50	
1947	12	31	21	0	0	1009.50	
1948	1	1	0	0	0	1008.70	
1948	1	1	3	0	0	1006.10	
1948	1	1	6	0	0	1004.30	
1948	1	1	9	0	0	1003.00	
1948	1	1	12	0	0	1000.80	
1948	1	1	15	0	0	999.10	
1948	1	1	18	0	0	998.90	
1948	1	1	21	0	0	999.00	
1948	1	2	0	0	0	1002.20	
1948	1	2	3	0	0	1002.90	
1948	1	2	6	0	0	1002.10	
1948	1	2	9	0	0	1003.60	
1948	1	2	12	0	0	1003.60	
1948	1	2	15	0	0	1003.00	
1948	1	2	18	0	0	1002.80	
1948	1	2	21	0	0	1001.60	
1948	1	3	0	0	0	1002.60	
1948	1	3	3	0	0	1005.80	
1948	1	3	6	0	0	1007.60	
1948	1	3	9	0	0	1007.40	
1948	1	3	12	0	0	1007.80	
1948	1	3	15	0	0	1008.30	
1948	1	3	18	0	0	1005.50	
1948	1	3	21	0	0	1003.70	
1948	1	4	0	0	0	999.50	
1948	1	4	3	0	0	995.60	
1948	1	4	6	0	0	993.80	
1948	1	4	9	0	0	997.70	
1948	1	4	12	0	0	999.50	
1948	1	4	15	0	0	998.10	
1948	1	4	18	0	0	993.70	
1948	1	4	21	0	0	987.50	
1948	1	5	0	0	0	984.50	
1948	1	5	3	0	0	989.40	
1948	1	5	6	0	0	985.80	
1948	1	5	9	0	0	992.70	
1948	1	5	12	0	0	997.10	
1948	1	5	15	0	0	1000.50	
1948	1	5	18	0	0	1002.90	
1948	1	5	21	0	0	1004.40	
1948	1	6	0	0	0	1004.00	
1948	1	6	3	0	0	1003.40	
1948	1	6	6	0	0	1002.00	
1948	1	6	9	0	0	1000.40	
1948	1	6	12	0	0	998.00	
1948	1	6	15	0	0	992.90	
1948	1	6	18	0	0	989.70	
1948	1	6	21	0	0	985.60	
1948	1	7	0	0	0	980.60	
1948	1	7	3	0	0	977.20	
1948	1	7	6	0	0	975.20	
1948	1	7	9	0	0	974.10	
1948	1	7	12	0	0	974.30	
1948	1	7	15	0	0	973.70	
1948	1	7	18	0	0	974.30	
1948	1	7	21	0	0	983.60	
1948	1	8	0	0	0	982.60	
1948	1	8	3	0	0	985.80	
1948	1	8	6	0	0	988.80	
1948	1	8	9	0	0	992.10	
1948	1	8	12	0	0	994.30	
1948	1	8	15	0	0	996.50	
1948	1	8	18	0	0	998.70	
1948	1	8	21	0	0	999.60	
1948	1	9	0	0	0	999.80	
1948	1	9	3	0	0	1000.00	
1948	1	9	6	0	0	1000.00	
1948	1	9	9	0	0	1000.10	
1948	1	9	12	0	0	999.90	
1948	1	9	15	0	0	997.40	
1948	1	9	18	0	0	993.60	
1948	1	9	21	0	0	992.70	
1948	1	10	0	0	0	995.50	
1948	1	10	3	0	0	1000.80	
1948	1	10	6	0	0	1004.20	
1948	1	10	9	0	0	1007.70	
1948	1	10	12	0	0	1009.90	
1948	1	10	15	0	0	1010.50	
1948	1	10	18	0	0	1009.10	
1948	1	10	21	0	0	1005.90	
1948	1	11	0	0	0	1002.70	
1948	1	11	3	0	0	995.70	
1948	1	11	6	0	0	994.30	
1948	1	11	9	0	0	991.40	
1948	1	11	12	0	0	988.20	
1948	1	11	15	0	0	985.70	
1948	1	11	18	0	0	986.70	
1948	1	11	21	0	0	998.70	
1948	1	12	0	0	0	1001.70	
1948	1	12	3	0	0	993.50	
1948	1	12	6	0	0	996.10	
1948	1	12	9	0	0	998.60	
1948	1	12	12	0	0	998.20	
1948	1	12	15	0	0	996.20	
1948	1	12	18	0	0	995.20	
1948	1	12	21	0	0	994.30	
1948	1	13	0	0	0	993.90	
1948	1	13	3	0	0	995.40	
1948	1	13	6	0	0	994.80	
1948	1	13	9	0	0	994.70	
1948	1	13	12	0	0	992.90	
1948	1	13	15	0	0	992.90	
1948	1	13	18	0	0	993.90	
1948	1	13	21	0	0	997.70	
1948	1	14	0	0	0	999.70	
1948	1	14	3	0	0	1001.50	
1948	1	14	6	0	0	1002.90	
1948	1	14	9	0	0	1003.40	
1948	1	14	12	0	0	1004.20	
1948	1	14	15	0	0	1002.30	
1948	1	14	18	0	0	1001.70	
1948	1	14	21	0	0	1000.80	
1948	1	15	0	0	0	999.40	
1948	1	15	3	0	0	996.80	
1948	1	15	6	0	0	995.20	
1948	1	15	9	0	0	995.80	
1948	1	15	12	0	0	996.60	
1948	1	15	15	0	0	997.80	
1948	1	15	18	0	0	1000.20	
1948	1	15	21	0	0	1002.60	
1948	1	16	0	0	0	1005.80	
1948	1	16	3	0	0	1008.00	
1948	1	16	6	0	0	1010.00	
1948	1	16	9	0	0	1011.80	
1948	1	16	12	0	0	1012.40	
1948	1	16	15	0	0	1012.20	
1948	1	16	18	0	0	1011.20	
1948	1	16	21	0	0	1007.70	
1948	1	17	0	0	0	1006.30	
1948	1	17	3	0	0	1002.80	
1948	1	17	6	0	0	998.60	
1948	1	17	9	0	0	996.70	
1948	1	17	12	0	0	994.30	
1948	1	17	15	0	0	988.30	
1948	1	17	18	0	0	978.90	
1948	1	17	21	0	0	977.80	
1948	1	18	0	0	0	979.80	
1948	1	18	3	0	0	980.60	
1948	1	18	6	0	0	981.20	
1948	1	18	9	0	0	983.70	
1948	1	18	12	0	0	985.30	
1948	1	18	15	0	0	985.70	
1948	1	18	18	0	0	985.90	
1948	1	18	21	0	0	985.40	
1948	1	19	0	0	0	984.80	
1948	1	19	3	0	0	984.00	
1948	1	19	6	0	0	983.20	
1948	1	19	9	0	0	983.20	
1948	1	19	12	0	0	983.40	
1948	1	19	15	0	0	983.20	
1948	1	19	18	0	0	984.60	
1948	1	19	21	0	0	985.90	
1948	1	20	0	0	0	986.10	
1948	1	20	3	0	0	985.80	
1948	1	20	6	0	0	986.40	
1948	1	20	9	0	0	990.40	
1948	1	20	12	0	0	990.80	
1948	1	20	15	0	0	991.20	
1948	1	20	18	0	0	992.00	
1948	1	20	21	0	0	994.10	
1948	1	21	0	0	0	996.70	
1948	1	21	3	0	0	998.70	
1948	1	21	6	0	0	999.90	
1948	1	21	9	0	0	1000.10	
1948	1	21	12	0	0	999.10	
1948	1	21	15	0	0	997.30	
1948	1	21	18	0	0	995.70	
1948	1	21	21	0	0	999.80	
1948	1	22	0	0	0	999.40	
1948	1	22	3	0	0	994.70	
1948	1	22	6	0	0	994.50	
1948	1	22	9	0	0	996.90	
1948	1	22	12	0	0	998.30	
1948	1	22	15	0	0	999.50	
1948	1	22	18	0	0	1000.50	
1948	1	22	21	0	0	1001.00	
1948	1	23	0	0	0	1001.40	
1948	1	23	3	0	0	1001.80	
1948	1	23	6	0	0	1001.80	
1948	1	23	9	0	0	1003.50	
1948	1	23	12	0	0	1003.90	
1948	1	23	15	0	0	1003.70	
1948	1	23	18	0	0	1004.30	
1948	1	23	21	0	0	1005.20	
1948	1	24	0	0	0	1005.40	
1948	1	24	3	0	0	1004.90	
1948	1	24	6	0	0	1003.90	
1948	1	24	9	0	0	1004.20	
1948	1	24	12	0	0	1002.80	
1948	1	24	15	0	0	1000.90	
1948	1	24	18	0	0	1000.70	
1948	1	24	21	0	0	999.40	
1948	1	25	0	0	0	998.40	
1948	1	25	3	0	0	997.60	
1948	1	25	6	0	0	996.60	
1948	1	25	9	0	0	996.60	
1948	1	25	12	0	0	996.40	
1948	1	25	15	0	0	994.80	
1948	1	25	18	0	0	994.20	
1948	1	25	21	0	0	992.50	
1948	1	26	0	0	0	989.90	
1948	1	26	3	0	0	987.90	
1948	1	26	6	0	0	985.50	
1948	1	26	9	0	0	984.00	
1948	1	26	12	0	0	981.80	
1948	1	26	15	0	0	980.20	
1948	1	26	18	0	0	980.20	
1948	1	26	21	0	0	983.00	
1948	1	27	0	0	0	985.40	
1948	1	27	3	0	0	987.20	
1948	1	27	6	0	0	988.00	
1948	1	27	9	0	0	988.70	
1948	1	27	12	0	0	988.90	
1948	1	27	15	0	0	988.10	
1948	1	27	18	0	0	988.30	
1948	1	27	21	0	0	988.60	
1948	1	28	0	0	0	988.20	
1948	1	28	3	0	0	988.00	
1948	1	28	6	0	0	988.40	
1948	1	28	9	0	0	989.60	
1948	1	28	12	0	0	989.40	
1948	1	28	15	0	0	989.40	
1948	1	28	18	0	0	988.80	
1948	1	28	21	0	0	987.70	
1948	1	29	0	0	0	986.50	
1948	1	29	3	0	0	985.90	
1948	1	29	6	0	0	986.30	
1948	1	29	9	0	0	987.40	
1948	1	29	12	0	0	986.80	
1948	1	29	15	0	0	985.30	
1948	1	29	18	0	0	985.90	
1948	1	29	21	0	0	987.80	
1948	1	30	0	0	0	991.60	
1948	1	30	3	0	0	994.00	
1948	1	30	6	0	0	993.60	
1948	1	30	9	0	0	991.60	
1948	1	30	12	0	0	987.00	
1948	1	30	15	0	0	982.60	
1948	1	30	18	0	0	986.00	
1948	1	30	21	0	0	986.90	
1948	1	31	0	0	0	989.90	
1948	1	31	3	0	0	991.70	
1948	1	31	6	0	0	992.90	
1948	1	31	9	0	0	995.10	
1948	1	31	12	0	0	997.50	
1948	1	31	15	0	0	997.60	
1948	1	31	18	0	0	999.00	
1948	1	31	21	0	0	999.70	
1948	2	1	0	0	0	1002.10	
1948	2	1	3	0	0	1005.40	
1948	2	1	6	0	0	1012.40	
1948	2	1	9	0	0	1017.00	
1948	2	1	12	0	0	1018.40	
1948	2	1	15	0	0	1017.70	
1948	2	1	18	0	0	1014.10	
1948	2	1	21	0	0	1008.80	
1948	2	2	0	0	0	1004.20	
1948	2	2	3	0	0	1000.00	
1948	2	2	6	0	0	998.00	
1948	2	2	9	0	0	998.60	
1948	2	2	12	0	0	1000.80	
1948	2	2	15	0	0	1003.50	
1948	2	2	18	0	0	1005.30	
1948	2	2	21	0	0	1005.50	
1948	2	3	0	0	0	1002.50	
1948	2	3	3	0	0	1002.50	
1948	2	3	6	0	0	1003.70	
1948	2	3	9	0	0	1004.30	
1948	2	3	12	0	0	1002.50	
1948	2	3	15	0	0	1001.50	
1948	2	3	18	0	0	1001.50	
1948	2	3	21	0	0	1001.80	
1948	2	4	0	0	0	1002.80	
1948	2	4	3	0	0	1003.70	
1948	2	4	6	0	0	1003.90	
1948	2	4	9	0	0	1005.70	
1948	2	4	12	0	0	1008.90	
1948	2	4	15	0	0	1010.30	
1948	2	4	18	0	0	1013.10	
1948	2	4	21	0	0	1014.80	
1948	2	5	0	0	0	1015.80	
1948	2	5	3	0	0	1015.70	
1948	2	5	6	0	0	1015.10	
1948	2	5	9	0	0	1013.80	
1948	2	5	12	0	0	1011.60	
1948	2	5	15	0	0	1006.70	
1948	2	5	18	0	0	1003.30	
1948	2	5	21	0	0	1001.10	
1948	2	6	0	0	0	1001.70	
1948	2	6	3	0	0	1002.40	
1948	2	6	6	0	0	1001.40	
1948	2	6	9	0	0	1000.30	
1948	2	6	12	0	0	1002.30	
1948	2	6	15	0	0	1005.00	
1948	2	6	18	0	0	1008.20	
1948	2	6	21	0	0	1011.50	
1948	2	7	0	0	0	1014.50	
1948	2	7	3	0	0	1013.40	
1948	2	7	6	0	0	1008.80	
1948	2	7	9	0	0	1005.30	
1948	2	7	12	0	0	1003.90	
1948	2	7	15	0	0	1004.10	
1948	2	7	18	0	0	1005.90	
1948	2	7	21	0	0	1008.60	
1948	2	8	0	0	0	1011.00	
1948	2	8	3	0	0	1011.30	
1948	2	8	6	0	0	1011.10	
1948	2	8	9	0	0	1009.40	
1948	2	8	12	0	0	1008.40	
1948	2	8	15	0	0	1007.60	
1948	2	8	18	0	0	1005.60	
1948	2	8	21	0	0	1002.70	
1948	2	9	0	0	0	1002.50	
1948	2	9	3	0	0	1001.10	
1948	2	9	6	0	0	1003.10	
1948	2	9	9	0	0	1009.70	
1948	2	9	12	0	0	1015.50	
1948	2	9	15	0	0	1018.60	
1948	2	9	18	0	0	1021.00	
1948	2	9	21	0	0	1021.60	
1948	2	10	0	0	0	1020.20	
1948	2	10	3	0	0	1015.70	
1948	2	10	6	0	0	1009.90	
1948	2	10	9	0	0	1006.70	
1948	2	10	12	0	0	1006.30	
1948	2	10	15	0	0	1007.60	
1948	2	10	18	0	0	1011.80	
1948	2	10	21	0	0	1016.20	
1948	2	11	0	0	0	1017.80	
1948	2	11	3	0	0	1018.30	
1948	2	11	6	0	0	1017.70	
1948	2	11	9	0	0	1016.90	
1948	2	11	12	0	0	1012.90	
1948	2	11	15	0	0	1011.20	
1948	2	11	18	0	0	1008.20	
1948	2	11	21	0	0	1004.70	
1948	2	12	0	0	0	1004.10	
1948	2	12	3	0	0	1006.50	
1948	2	12	6	0	0	1007.70	
1948	2	12	9	0	0	1009.90	
1948	2	12	12	0	0	1011.90	
1948	2	12	15	0	0	1013.90	
1948	2	12	18	0	0	1016.10	
1948	2	12	21	0	0	1018.10	
1948	2	13	0	0	0	1017.70	
1948	2	13	3	0	0	1017.00	
1948	2	13	6	0	0	1016.40	
1948	2	13	9	0	0	1016.10	
1948	2	13	12	0	0	1016.30	
1948	2	13	15	0	0	1017.30	
1948	2	13	18	0	0	1019.90	
1948	2	13	21	0	0	1021.40	
1948	2	14	0	0	0	1021.80	
1948	2	14	3	0	0	1021.30	
1948	2	14	6	0	0	1020.50	
1948	2	14	9	0	0	1020.00	
1948	2	14	12	0	0	1018.60	
1948	2	14	15	0	0	1017.80	
1948	2	14	18	0	0	1016.60	
1948	2	14	21	0	0	1016.60	
1948	2	15	0	0	0	1016.80	
1948	2	15	3	0	0	1017.60	
1948	2	15	6	0	0	1018.20	
1948	2	15	9	0	0	1020.50	
1948	2	15	12	0	0	1021.10	
1948	2	15	15	0	0	1022.20	
1948	2	15	18	0	0	1024.40	
1948	2	15	21	0	0	1027.00	
1948	2	16	0	0	0	1028.80	
1948	2	16	3	0	0	1029.60	
1948	2	16	6	0	0	1030.40	
1948	2	16	9	0	0	1032.20	
1948	2	16	12	0	0	1032.40	
1948	2	16	15	0	0	1031.60	
1948	2	16	18	0	0	1031.80	
1948	2	16	21	0	0	1032.10	
1948	2	17	0	0	0	1031.90	
1948	2	17	3	0	0	1031.70	
1948	2	17	6	0	0	1031.50	
1948	2	17	9	0	0	1032.40	
1948	2	17	12	0	0	1032.20	
1948	2	17	15	0	0	1032.90	
1948	2	17	18	0	0	1033.90	
1948	2	17	21	0	0	1033.50	
1948	2	18	0	0	0	1034.10	
1948	2	18	3	0	0	1034.50	
1948	2	18	6	0	0	1034.90	
1948	2	18	9	0	0	1036.50	
1948	2	18	12	0	0	1037.10	
1948	2	18	15	0	0	1036.70	
1948	2	18	18	0	0	1036.90	
1948	2	18	21	0	0	1037.70	
1948	2	19	0	0	0	1037.10	
1948	2	19	3	0	0	1036.70	
1948	2	19	6	0	0	1037.30	
1948	2	19	9	0	0	1038.40	
1948	2	19	12	0	0	1038.00	
1948	2	19	15	0	0	1036.50	
1948	2	19	18	0	0	1035.90	
1948	2	19	21	0	0	1035.50	
1948	2	20	0	0	0	1034.10	
1948	2	20	3	0	0	1032.40	
1948	2	20	6	0	0	1031.00	
1948	2	20	9	0	0	1032.20	
1948	2	20	12	0	0	1032.00	
1948	2	20	15	0	0	1030.70	
1948	2	20	18	0	0	1030.90	
1948	2	20	21	0	0	1031.80	
1948	2	21	0	0	0	1032.00	
1948	2	21	3	0	0	1031.30	
1948	2	21	6	0	0	1030.70	
1948	2	21	9	0	0	1030.80	
1948	2	21	12	0	0	1029.80	
1948	2	21	15	0	0	1027.70	
1948	2	21	18	0	0	1027.10	
1948	2	21	21	0	0	1026.40	
1948	2	22	0	0	0	1024.60	
1948	2	22	3	0	0	1023.80	
1948	2	22	6	0	0	1024.40	
1948	2	22	9	0	0	1025.20	
1948	2	22	12	0	0	1024.60	
1948	2	22	15	0	0	1024.10	
1948	2	22	18	0	0	1024.50	
1948	2	22	21	0	0	1024.40	
1948	2	23	0	0	0	1024.20	
1948	2	23	3	0	0	1023.70	
1948	2	23	6	0	0	1023.30	
1948	2	23	9	0	0	1024.30	
1948	2	23	12	0	0	1024.30	
1948	2	23	15	0	0	1025.20	
1948	2	23	18	0	0	1026.20	
1948	2	23	21	0	0	1027.50	
1948	2	24	0	0	0	1027.70	
1948	2	24	3	0	0	1028.10	
1948	2	24	6	0	0	1028.10	
1948	2	24	9	0	0	1029.00	
1948	2	24	12	0	0	1028.80	
1948	2	24	15	0	0	1028.00	
1948	2	24	18	0	0	1028.60	
1948	2	24	21	0	0	1029.00	
1948	2	25	0	0	0	1029.60	
1948	2	25	3	0	0	1029.50	
1948	2	25	6	0	0	1029.30	
1948	2	25	9	0	0	1030.20	
1948	2	25	12	0	0	1030.00	
1948	2	25	15	0	0	1029.60	
1948	2	25	18	0	0	1030.20	
1948	2	25	21	0	0	1030.40	
1948	2	26	0	0	0	1029.80	
1948	2	26	3	0	0	1030.30	
1948	2	26	6	0	0	1030.30	
1948	2	26	9	0	0	1031.00	
1948	2	26	12	0	0	1030.40	
1948	2	26	15	0	0	1029.90	
1948	2	26	18	0	0	1030.50	
1948	2	26	21	0	0	1030.20	
1948	2	27	0	0	0	1029.40	
1948	2	27	3	0	0	1027.90	
1948	2	27	6	0	0	1026.10	
1948	2	27	9	0	0	1024.90	
1948	2	27	12	0	0	1024.30	
1948	2	27	15	0	0	1023.00	
1948	2	27	18	0	0	1023.40	
1948	2	27	21	0	0	1024.40	
1948	2	28	0	0	0	1024.80	
1948	2	28	3	0	0	1026.50	
1948	2	28	6	0	0	1027.50	
1948	2	28	9	0	0	1028.90	
1948	2	28	12	0	0	1029.30	
1948	2	28	15	0	0	1027.90	
1948	2	28	18	0	0	1029.10	
1948	2	28	21	0	0	1030.60	
1948	2	29	0	0	0	1030.60	
1948	2	29	3	0	0	1031.30	
1948	2	29	6	0	0	1031.70	
1948	2	29	9	0	0	1033.90	
1948	2	29	12	0	0	1034.90	
1948	2	29	15	0	0	1035.10	
1948	2	29	18	0	0	1036.50	
1948	2	29	21	0	0	1037.70	
1948	3	1	0	0	0	1037.90	
1948	3	1	3	0	0	1038.20	
1948	3	1	6	0	0	1038.20	
1948	3	1	9	0	0	1039.80	
1948	3	1	12	0	0	1040.00	
1948	3	1	15	0	0	1039.30	
1948	3	1	18	0	0	1039.10	
1948	3	1	21	0	0	1038.30	
1948	3	2	0	0	0	1038.30	
1948	3	2	3	0	0	1038.40	
1948	3	2	6	0	0	1037.80	
1948	3	2	9	0	0	1037.70	
1948	3	2	12	0	0	1036.90	
1948	3	2	15	0	0	1035.60	
1948	3	2	18	0	0	1035.40	
1948	3	2	21	0	0	1036.70	
1948	3	3	0	0	0	1036.70	
1948	3	3	3	0	0	1037.10	
1948	3	3	6	0	0	1037.10	
1948	3	3	9	0	0	1038.40	
1948	3	3	12	0	0	1038.20	
1948	3	3	15	0	0	1037.80	
1948	3	3	18	0	0	1038.40	
1948	3	3	21	0	0	1040.00	
1948	3	4	0	0	0	1040.40	
1948	3	4	3	0	0	1040.00	
1948	3	4	6	0	0	1040.60	
1948	3	4	9	0	0	1041.70	
1948	3	4	12	0	0	1041.90	
1948	3	4	15	0	0	1040.70	
1948	3	4	18	0	0	1039.90	
1948	3	4	21	0	0	1040.20	
1948	3	5	0	0	0	1039.80	
1948	3	5	3	0	0	1038.50	
1948	3	5	6	0	0	1037.70	
1948	3	5	9	0	0	1038.00	
1948	3	5	12	0	0	1037.40	
1948	3	5	15	0	0	1035.50	
1948	3	5	18	0	0	1034.30	
1948	3	5	21	0	0	1034.40	
1948	3	6	0	0	0	1034.20	
1948	3	6	3	0	0	1032.80	
1948	3	6	6	0	0	1032.20	
1948	3	6	9	0	0	1032.40	
1948	3	6	12	0	0	1031.40	
1948	3	6	15	0	0	1029.00	
1948	3	6	18	0	0	1028.60	
1948	3	6	21	0	0	1029.30	
1948	3	7	0	0	0	1028.30	
1948	3	7	3	0	0	1027.50	
1948	3	7	6	0	0	1027.10	
1948	3	7	9	0	0	1027.50	
1948	3	7	12	0	0	1027.70	
1948	3	7	15	0	0	1027.50	
1948	3	7	18	0	0	1026.50	
1948	3	7	21	0	0	1027.20	
1948	3	8	0	0	0	1027.20	
1948	3	8	3	0	0	1027.30	
1948	3	8	6	0	0	1028.30	
1948	3	8	9	0	0	1030.50	
1948	3	8	12	0	0	1031.10	
1948	3	8	15	0	0	1031.60	
1948	3	8	18	0	0	1032.20	
1948	3	8	21	0	0	1032.80	
1948	3	9	0	0	0	1032.60	
1948	3	9	3	0	0	1031.70	
1948	3	9	6	0	0	1031.70	
1948	3	9	9	0	0	1032.70	
1948	3	9	12	0	0	1031.90	
1948	3	9	15	0	0	1030.90	
1948	3	9	18	0	0	1029.30	
1948	3	9	21	0	0	1029.40	
1948	3	10	0	0	0	1030.00	
1948	3	10	3	0	0	1031.30	
1948	3	10	6	0	0	1031.50	
1948	3	10	9	0	0	1034.80	
1948	3	10	12	0	0	1035.20	
1948	3	10	15	0	0	1035.30	
1948	3	10	18	0	0	1035.90	
1948	3	10	21	0	0	1036.80	
1948	3	11	0	0	0	1037.00	
1948	3	11	3	0	0	1036.90	
1948	3	11	6	0	0	1037.90	
1948	3	11	9	0	0	1039.00	
1948	3	11	12	0	0	1038.40	
1948	3	11	15	0	0	1037.10	
1948	3	11	18	0	0	1036.90	
1948	3	11	21	0	0	1036.70	
1948	3	12	0	0	0	1036.10	
1948	3	12	3	0	0	1035.00	
1948	3	12	6	0	0	1034.40	
1948	3	12	9	0	0	1033.70	
1948	3	12	12	0	0	1033.30	
1948	3	12	15	0	0	1032.30	
1948	3	12	18	0	0	1032.90	
1948	3	12	21	0	0	1033.80	
1948	3	13	0	0	0	1034.00	
1948	3	13	3	0	0	1035.80	
1948	3	13	6	0	0	1037.20	
1948	3	13	9	0	0	1037.70	
1948	3	13	12	0	0	1037.70	
1948	3	13	15	0	0	1036.60	
1948	3	13	18	0	0	1036.80	
1948	3	13	21	0	0	1037.70	
1948	3	14	0	0	0	1037.10	
1948	3	14	3	0	0	1036.90	
1948	3	14	6	0	0	1035.90	
1948	3	14	9	0	0	1035.50	
1948	3	14	12	0	0	1032.50	
1948	3	14	15	0	0	1030.50	
1948	3	14	18	0	0	1028.50	
1948	3	14	21	0	0	1027.50	
1948	3	15	0	0	0	1025.90	
1948	3	15	3	0	0	1024.80	
1948	3	15	6	0	0	1023.80	
1948	3	15	9	0	0	1022.90	
1948	3	15	12	0	0	1019.90	
1948	3	15	15	0	0	1019.20	
1948	3	15	18	0	0	1019.20	
1948	3	15	21	0	0	1017.70	
1948	3	16	0	0	0	1015.50	
1948	3	16	3	0	0	1013.00	
1948	3	16	6	0	0	1015.60	
1948	3	16	9	0	0	1017.20	
1948	3	16	12	0	0	1018.80	
1948	3	16	15	0	0	1017.00	
1948	3	16	18	0	0	1016.20	
1948	3	16	21	0	0	1015.00	
1948	3	17	0	0	0	1014.40	
1948	3	17	3	0	0	1015.10	
1948	3	17	6	0	0	1016.50	
1948	3	17	9	0	0	1016.60	
1948	3	17	12	0	0	1015.00	
1948	3	17	15	0	0	1011.80	
1948	3	17	18	0	0	1007.40	
1948	3	17	21	0	0	1005.70	
1948	3	18	0	0	0	1007.90	
1948	3	18	3	0	0	1010.30	
1948	3	18	6	0	0	1013.50	
1948	3	18	9	0	0	1016.90	
1948	3	18	12	0	0	1017.50	
1948	3	18	15	0	0	1017.60	
1948	3	18	18	0	0	1017.60	
1948	3	18	21	0	0	1016.60	
1948	3	19	0	0	0	1014.40	
1948	3	19	3	0	0	1011.20	
1948	3	19	6	0	0	1009.60	
1948	3	19	9	0	0	1011.00	
1948	3	19	12	0	0	1012.40	
1948	3	19	15	0	0	1014.40	
1948	3	19	18	0	0	1015.80	
1948	3	19	21	0	0	1016.20	
1948	3	20	0	0	0	1017.00	
1948	3	20	3	0	0	1016.40	
1948	3	20	6	0	0	1016.00	
1948	3	20	9	0	0	1017.10	
1948	3	20	12	0	0	1018.90	
1948	3	20	15	0	0	1018.20	
1948	3	20	18	0	0	1017.20	
1948	3	20	21	0	0	1016.70	
1948	3	21	0	0	0	1016.10	
1948	3	21	3	0	0	1015.40	
1948	3	21	6	0	0	1014.40	
1948	3	21	9	0	0	1013.30	
1948	3	21	12	0	0	1013.50	
1948	3	21	15	0	0	1013.90	
1948	3	21	18	0	0	1014.90	
1948	3	21	21	0	0	1016.30	
1948	3	22	0	0	0	1016.90	
1948	3	22	3	0	0	1016.20	
1948	3	22	6	0	0	1016.80	
1948	3	22	9	0	0	1017.90	
1948	3	22	12	0	0	1018.70	
1948	3	22	15	0	0	1020.20	
1948	3	22	18	0	0	1021.60	
1948	3	22	21	0	0	1023.10	
1948	3	23	0	0	0	1024.50	
1948	3	23	3	0	0	1019.30	
1948	3	23	6	0	0	1020.70	
1948	3	23	9	0	0	1028.60	
1948	3	23	12	0	0	1028.00	
1948	3	23	15	0	0	1027.80	
1948	3	23	18	0	0	1028.00	
1948	3	23	21	0	0	1028.90	
1948	3	24	0	0	0	1029.30	
1948	3	24	3	0	0	1029.30	
1948	3	24	6	0	0	1029.50	
1948	3	24	9	0	0	1029.80	
1948	3	24	12	0	0	1028.40	
1948	3	24	15	0	0	1027.30	
1948	3	24	18	0	0	1027.90	
1948	3	24	21	0	0	1028.40	
1948	3	25	0	0	0	1028.60	
1948	3	25	3	0	0	1028.40	
1948	3	25	6	0	0	1028.60	
1948	3	25	9	0	0	1029.00	
1948	3	25	12	0	0	1028.00	
1948	3	25	15	0	0	1027.20	
1948	3	25	18	0	0	1027.60	
1948	3	25	21	0	0	1028.60	
1948	3	26	0	0	0	1029.00	
1948	3	26	3	0	0	1029.00	
1948	3	26	6	0	0	1030.20	
1948	3	26	9	0	0	1030.80	
1948	3	26	12	0	0	1030.00	
1948	3	26	15	0	0	1028.90	
1948	3	26	18	0	0	1029.10	
1948	3	26	21	0	0	1029.40	
1948	3	27	0	0	0	1029.60	
1948	3	27	3	0	0	1029.50	
1948	3	27	6	0	0	1030.10	
1948	3	27	9	0	0	1030.20	
1948	3	27	12	0	0	1029.00	
1948	3	27	15	0	0	1027.10	
1948	3	27	18	0	0	1027.30	
1948	3	27	21	0	0	1027.80	
1948	3	28	0	0	0	1026.60	
1948	3	28	3	0	0	1024.90	
1948	3	28	6	0	0	1024.10	
1948	3	28	9	0	0	1023.30	
1948	3	28	12	0	0	1021.90	
1948	3	28	15	0	0	1019.30	
1948	3	28	18	0	0	1018.70	
1948	3	28	21	0	0	1019.40	
1948	3	29	0	0	0	1018.20	
1948	3	29	3	0	0	1016.20	
1948	3	29	6	0	0	1015.20	
1948	3	29	9	0	0	1014.20	
1948	3	29	12	0	0	1011.60	
1948	3	29	15	0	0	1009.90	
1948	3	29	18	0	0	1008.90	
1948	3	29	21	0	0	1006.70	
1948	3	30	0	0	0	1003.30	
1948	3	30	3	0	0	997.10	
1948	3	30	6	0	0	995.10	
1948	3	30	9	0	0	995.70	
1948	3	30	12	0	0	997.10	
1948	3	30	15	0	0	1001.70	
1948	3	30	18	0	0	1002.90	
1948	3	30	21	0	0	1002.50	
1948	3	31	0	0	0	1002.70	
1948	3	31	3	0	0	1002.10	
1948	3	31	6	0	0	1000.30	
1948	3	31	9	0	0	996.80	
1948	3	31	12	0	0	990.40	
1948	3	31	15	0	0	980.50	
1948	3	31	18	0	0	975.10	
1948	3	31	21	0	0	974.50	
1948	4	1	0	0	0	973.70	
1948	4	1	3	0	0	972.90	
1948	4	1	6	0	0	973.30	
1948	4	1	9	0	0	974.30	
1948	4	1	12	0	0	977.10	
1948	4	1	15	0	0	981.10	
1948	4	1	18	0	0	984.10	
1948	4	1	21	0	0	987.10	
1948	4	2	0	0	0	989.10	
1948	4	2	3	0	0	989.60	
1948	4	2	6	0	0	990.60	
1948	4	2	9	0	0	991.50	
1948	4	2	12	0	0	991.70	
1948	4	2	15	0	0	988.80	
1948	4	2	18	0	0	984.60	
1948	4	2	21	0	0	981.60	
1948	4	3	0	0	0	980.40	
1948	4	3	3	0	0	982.80	
1948	4	3	6	0	0	984.80	
1948	4	3	9	0	0	987.90	
1948	4	3	12	0	0	990.50	
1948	4	3	15	0	0	992.60	
1948	4	3	18	0	0	994.80	
1948	4	3	21	0	0	995.60	
1948	4	4	0	0	0	996.40	
1948	4	4	3	0	0	996.00	
1948	4	4	6	0	0	995.00	
1948	4	4	9	0	0	994.20	
1948	4	4	12	0	0	992.20	
1948	4	4	15	0	0	990.80	
1948	4	4	18	0	0	991.80	
1948	4	4	21	0	0	992.90	
1948	4	5	0	0	0	993.50	
1948	4	5	3	0	0	994.10	
1948	4	5	6	0	0	995.70	
1948	4	5	9	0	0	996.70	
1948	4	5	12	0	0	998.30	
1948	4	5	15	0	0	999.70	
1948	4	5	18	0	0	1001.50	
1948	4	5	21	0	0	1004.60	
1948	4	6	0	0	0	1005.60	
1948	4	6	3	0	0	1004.60	
1948	4	6	6	0	0	1005.20	
1948	4	6	9	0	0	1005.00	
1948	4	6	12	0	0	1003.60	
1948	4	6	15	0	0	1003.70	
1948	4	6	18	0	0	1004.50	
1948	4	6	21	0	0	1004.60	
1948	4	7	0	0	0	1005.20	
1948	4	7	3	0	0	1004.90	
1948	4	7	6	0	0	1005.50	
1948	4	7	9	0	0	1005.80	
1948	4	7	12	0	0	1004.40	
1948	4	7	15	0	0	1011.00	
1948	4	7	18	0	0	1006.60	
1948	4	7	21	0	0	993.40	
1948	4	8	0	0	0	992.80	
1948	4	8	3	0	0	990.00	
1948	4	8	6	0	0	989.40	
1948	4	8	9	0	0	990.60	
1948	4	8	12	0	0	991.80	
1948	4	8	15	0	0	991.50	
1948	4	8	18	0	0	993.50	
1948	4	8	21	0	0	995.60	
1948	4	9	0	0	0	998.20	
1948	4	9	3	0	0	1002.70	
1948	4	9	6	0	0	1008.50	
1948	4	9	9	0	0	1010.80	
1948	4	9	12	0	0	1013.00	
1948	4	9	15	0	0	1014.10	
1948	4	9	18	0	0	1015.50	
1948	4	9	21	0	0	1017.20	
1948	4	10	0	0	0	1017.40	
1948	4	10	3	0	0	1017.00	
1948	4	10	6	0	0	1017.20	
1948	4	10	9	0	0	1017.20	
1948	4	10	12	0	0	1016.40	
1948	4	10	15	0	0	1016.20	
1948	4	10	18	0	0	1016.60	
1948	4	10	21	0	0	1018.60	
1948	4	11	0	0	0	1019.60	
1948	4	11	3	0	0	1020.40	
1948	4	11	6	0	0	1022.00	
1948	4	11	9	0	0	1023.50	
1948	4	11	12	0	0	1023.70	
1948	4	11	15	0	0	1024.10	
1948	4	11	18	0	0	1025.10	
1948	4	11	21	0	0	1027.10	
1948	4	12	0	0	0	1027.70	
1948	4	12	3	0	0	1027.70	
1948	4	12	6	0	0	1027.50	
1948	4	12	9	0	0	1028.30	
1948	4	12	12	0	0	1027.70	
1948	4	12	15	0	0	1026.70	
1948	4	12	18	0	0	1026.50	
1948	4	12	21	0	0	1028.70	
1948	4	13	0	0	0	1028.10	
1948	4	13	3	0	0	1027.60	
1948	4	13	6	0	0	1026.40	
1948	4	13	9	0	0	1025.70	
1948	4	13	12	0	0	1024.30	
1948	4	13	15	0	0	1023.40	
1948	4	13	18	0	0	1023.20	
1948	4	13	21	0	0	1023.40	
1948	4	14	0	0	0	1023.00	
1948	4	14	3	0	0	1022.80	
1948	4	14	6	0	0	1023.40	
1948	4	14	9	0	0	1023.90	
1948	4	14	12	0	0	1023.70	
1948	4	14	15	0	0	1023.30	
1948	4	14	18	0	0	1023.50	
1948	4	14	21	0	0	1025.00	
1948	4	15	0	0	0	1024.80	
1948	4	15	3	0	0	1024.80	
1948	4	15	6	0	0	1025.00	
1948	4	15	9	0	0	1025.10	
1948	4	15	12	0	0	1024.30	
1948	4	15	15	0	0	1022.90	
1948	4	15	18	0	0	1022.30	
1948	4	15	21	0	0	1023.40	
1948	4	16	0	0	0	1023.60	
1948	4	16	3	0	0	1022.90	
1948	4	16	6	0	0	1023.10	
1948	4	16	9	0	0	1022.60	
1948	4	16	12	0	0	1020.60	
1948	4	16	15	0	0	1019.10	
1948	4	16	18	0	0	1018.50	
1948	4	16	21	0	0	1018.90	
1948	4	17	0	0	0	1017.90	
1948	4	17	3	0	0	1015.50	
1948	4	17	6	0	0	1013.70	
1948	4	17	9	0	0	1012.00	
1948	4	17	12	0	0	1010.20	
1948	4	17	15	0	0	1008.80	
1948	4	17	18	0	0	1007.40	
1948	4	17	21	0	0	1007.60	
1948	4	18	0	0	0	1005.80	
1948	4	18	3	0	0	1005.60	
1948	4	18	6	0	0	1005.60	
1948	4	18	9	0	0	1006.90	
1948	4	18	12	0	0	1008.30	
1948	4	18	15	0	0	1009.30	
1948	4	18	18	0	0	1011.10	
1948	4	18	21	0	0	1012.70	
1948	4	19	0	0	0	1013.70	
1948	4	19	3	0	0	1013.60	
1948	4	19	6	0	0	1013.80	
1948	4	19	9	0	0	1010.40	
1948	4	19	12	0	0	1012.20	
1948	4	19	15	0	0	1011.60	
1948	4	19	18	0	0	1011.20	
1948	4	19	21	0	0	1012.80	
1948	4	20	0	0	0	1013.00	
1948	4	20	3	0	0	1012.60	
1948	4	20	6	0	0	1012.60	
1948	4	20	9	0	0	1013.00	
1948	4	20	12	0	0	1013.80	
1948	4	20	15	0	0	1013.50	
1948	4	20	18	0	0	1013.30	
1948	4	20	21	0	0	1014.60	
1948	4	21	0	0	0	1015.20	
1948	4	21	3	0	0	1015.00	
1948	4	21	6	0	0	1014.60	
1948	4	21	9	0	0	1014.80	
1948	4	21	12	0	0	1012.80	
1948	4	21	15	0	0	1011.10	
1948	4	21	18	0	0	1010.50	
1948	4	21	21	0	0	1010.20	
1948	4	22	0	0	0	1008.40	
1948	4	22	3	0	0	1006.90	
1948	4	22	6	0	0	1005.90	
1948	4	22	9	0	0	1005.70	
1948	4	22	12	0	0	1004.70	
1948	4	22	15	0	0	1005.00	
1948	4	22	18	0	0	1006.80	
1948	4	22	21	0	0	1010.20	
1948	4	23	0	0	0	1011.40	
1948	4	23	3	0	0	1012.90	
1948	4	23	6	0	0	1014.10	
1948	4	23	9	0	0	1015.00	
1948	4	23	12	0	0	1016.40	
1948	4	23	15	0	0	1016.30	
1948	4	23	18	0	0	1017.70	
1948	4	23	21	0	0	1020.30	
1948	4	24	0	0	0	1022.50	
1948	4	24	3	0	0	1023.90	
1948	4	24	6	0	0	1025.30	
1948	4	24	9	0	0	1026.10	
1948	4	24	12	0	0	1026.50	
1948	4	24	15	0	0	1028.00	
1948	4	24	18	0	0	1029.40	
1948	4	24	21	0	0	1031.90	
1948	4	25	0	0	0	1033.90	
1948	4	25	3	0	0	1035.40	
1948	4	25	6	0	0	1036.80	
1948	4	25	9	0	0	1038.50	
1948	4	25	12	0	0	1039.50	
1948	4	25	15	0	0	1040.60	
1948	4	25	18	0	0	1041.20	
1948	4	25	21	0	0	1041.80	
1948	4	26	0	0	0	1042.40	
1948	4	26	3	0	0	1041.90	
1948	4	26	6	0	0	1041.70	
1948	4	26	9	0	0	1039.80	
1948	4	26	12	0	0	1038.40	
1948	4	26	15	0	0	1037.20	
1948	4	26	18	0	0	1036.00	
1948	4	26	21	0	0	1035.60	
1948	4	27	0	0	0	1034.00	
1948	4	27	3	0	0	1032.60	
1948	4	27	6	0	0	1031.20	
1948	4	27	9	0	0	1029.80	
1948	4	27	12	0	0	1028.00	
1948	4	27	15	0	0	1025.30	
1948	4	27	18	0	0	1021.50	
1948	4	27	21	0	0	1017.70	
1948	4	28	0	0	0	1013.30	
1948	4	28	3	0	0	1008.20	
1948	4	28	6	0	0	1004.40	
1948	4	28	9	0	0	1000.00	
1948	4	28	12	0	0	998.00	
1948	4	28	15	0	0	998.10	
1948	4	28	18	0	0	1001.50	
1948	4	28	21	0	0	1002.70	
1948	4	29	0	0	0	1002.90	
1948	4	29	3	0	0	1001.80	
1948	4	29	6	0	0	1000.60	
1948	4	29	9	0	0	999.60	
1948	4	29	12	0	0	998.00	
1948	4	29	15	0	0	996.80	
1948	4	29	18	0	0	996.20	
1948	4	29	21	0	0	996.20	
1948	4	30	0	0	0	996.00	
1948	4	30	3	0	0	995.90	
1948	4	30	6	0	0	996.10	
1948	4	30	9	0	0	997.60	
1948	4	30	12	0	0	998.80	
1948	4	30	15	0	0	1000.00	
1948	4	30	18	0	0	1001.00	
1948	4	30	21	0	0	1002.00	
1948	5	1	0	0	0	1002.20	
1948	5	1	3	0	0	1002.10	
1948	5	1	6	0	0	1002.10	
1948	5	1	9	0	0	1001.80	
1948	5	1	12	0	0	1001.00	
1948	5	1	15	0	0	1001.00	
1948	5	1	18	0	0	1000.60	
1948	5	1	21	0	0	1001.00	
1948	5	2	0	0	0	1001.60	
1948	5	2	3	0	0	1001.60	
1948	5	2	6	0	0	1002.60	
1948	5	2	9	0	0	1003.90	
1948	5	2	12	0	0	1004.90	
1948	5	2	15	0	0	1007.20	
1948	5	2	18	0	0	1007.60	
1948	5	2	21	0	0	1010.50	
1948	5	3	0	0	0	1010.50	
1948	5	3	3	0	0	1011.10	
1948	5	3	6	0	0	1011.70	
1948	5	3	9	0	0	1012.00	
1948	5	3	12	0	0	1011.80	
1948	5	3	15	0	0	1011.10	
1948	5	3	18	0	0	1011.10	
1948	5	3	21	0	0	1010.70	
1948	5	4	0	0	0	1008.30	
1948	5	4	3	0	0	1006.30	
1948	5	4	6	0	0	1004.70	
1948	5	4	9	0	0	1003.20	
1948	5	4	12	0	0	1002.40	
1948	5	4	15	0	0	1001.00	
1948	5	4	18	0	0	1000.80	
1948	5	4	21	0	0	1000.40	
1948	5	5	0	0	0	1001.00	
1948	5	5	3	0	0	1001.10	
1948	5	5	6	0	0	1002.70	
1948	5	5	9	0	0	1005.20	
1948	5	5	12	0	0	1007.40	
1948	5	5	15	0	0	1009.40	
1948	5	5	18	0	0	1011.60	
1948	5	5	21	0	0	1013.80	
1948	5	6	0	0	0	1016.00	
1948	5	6	3	0	0	1017.70	
1948	5	6	6	0	0	1019.70	
1948	5	6	9	0	0	1021.90	
1948	5	6	12	0	0	1023.30	
1948	5	6	15	0	0	1025.00	
1948	5	6	18	0	0	1026.00	
1948	5	6	21	0	0	1027.50	
1948	5	7	0	0	0	1028.90	
1948	5	7	3	0	0	1029.30	
1948	5	7	6	0	0	1030.10	
1948	5	7	9	0	0	1030.70	
1948	5	7	12	0	0	1030.90	
1948	5	7	15	0	0	1030.30	
1948	5	7	18	0	0	1030.50	
1948	5	7	21	0	0	1032.10	
1948	5	8	0	0	0	1032.30	
1948	5	8	3	0	0	1032.00	
1948	5	8	6	0	0	1031.80	
1948	5	8	9	0	0	1031.00	
1948	5	8	12	0	0	1029.60	
1948	5	8	15	0	0	1028.00	
1948	5	8	18	0	0	1027.00	
1948	5	8	21	0	0	1026.80	
1948	5	9	0	0	0	1026.20	
1948	5	9	3	0	0	1025.00	
1948	5	9	6	0	0	1023.00	
1948	5	9	9	0	0	1020.90	
1948	5	9	12	0	0	1018.50	
1948	5	9	15	0	0	1016.10	
1948	5	9	18	0	0	1014.90	
1948	5	9	21	0	0	1015.00	
1948	5	10	0	0	0	1013.80	
1948	5	10	3	0	0	1011.80	
1948	5	10	6	0	0	1011.80	
1948	5	10	9	0	0	1011.40	
1948	5	10	12	0	0	1010.40	
1948	5	10	15	0	0	1009.20	
1948	5	10	18	0	0	1008.60	
1948	5	10	21	0	0	1009.40	
1948	5	11	0	0	0	1009.00	
1948	5	11	3	0	0	1007.90	
1948	5	11	6	0	0	1007.90	
1948	5	11	9	0	0	1009.20	
1948	5	11	12	0	0	1008.60	
1948	5	11	15	0	0	1009.20	
1948	5	11	18	0	0	1009.80	
1948	5	11	21	0	0	1011.80	
1948	5	12	0	0	0	1012.00	
1948	5	12	3	0	0	1012.00	
1948	5	12	6	0	0	1012.40	
1948	5	12	9	0	0	1013.40	
1948	5	12	12	0	0	1014.00	
1948	5	12	15	0	0	1014.00	
1948	5	12	18	0	0	1014.80	
1948	5	12	21	0	0	1016.50	
1948	5	13	0	0	0	1017.30	
1948	5	13	3	0	0	1017.60	
1948	5	13	6	0	0	1018.20	
1948	5	13	9	0	0	1018.70	
1948	5	13	12	0	0	1017.90	
1948	5	13	15	0	0	1017.30	
1948	5	13	18	0	0	1017.90	
1948	5	13	21	0	0	1019.20	
1948	5	14	0	0	0	1020.00	
1948	5	14	3	0	0	1021.10	
1948	5	14	6	0	0	1022.90	
1948	5	14	9	0	0	1024.60	
1948	5	14	12	0	0	1025.20	
1948	5	14	15	0	0	1024.70	
1948	5	14	18	0	0	1025.10	
1948	5	14	21	0	0	1027.90	
1948	5	15	0	0	0	1028.90	
1948	5	15	3	0	0	1029.50	
1948	5	15	6	0	0	1029.90	
1948	5	15	9	0	0	1030.20	
1948	5	15	12	0	0	1029.20	
1948	5	15	15	0	0	1028.30	
1948	5	15	18	0	0	1028.50	
1948	5	15	21	0	0	1029.80	
1948	5	16	0	0	0	1029.80	
1948	5	16	3	0	0	1029.50	
1948	5	16	6	0	0	1029.30	
1948	5	16	9	0	0	1018.40	
1948	5	16	12	0	0	1017.80	
1948	5	16	15	0	0	1027.90	
1948	5	16	18	0	0	1027.50	
1948	5	16	21	0	0	1029.90	
1948	5	17	0	0	0	1029.50	
1948	5	17	3	0	0	1029.60	
1948	5	17	6	0	0	1029.80	
1948	5	17	9	0	0	1029.60	
1948	5	17	12	0	0	1028.60	
1948	5	17	15	0	0	1028.50	
1948	5	17	18	0	0	1028.30	
1948	5	17	21	0	0	1029.80	
1948	5	18	0	0	0	1030.40	
1948	5	18	3	0	0	1030.60	
1948	5	18	6	0	0	1030.80	
1948	5	18	9	0	0	1030.20	
1948	5	18	12	0	0	1029.60	
1948	5	18	15	0	0	1028.10	
1948	5	18	18	0	0	1027.50	
1948	5	18	21	0	0	1027.80	
1948	5	19	0	0	0	1028.00	
1948	5	19	3	0	0	1027.60	
1948	5	19	6	0	0	1027.80	
1948	5	19	9	0	0	1027.50	
1948	5	19	12	0	0	1025.90	
1948	5	19	15	0	0	1025.30	
1948	5	19	18	0	0	1024.70	
1948	5	19	21	0	0	1024.60	
1948	5	20	0	0	0	1024.00	
1948	5	20	3	0	0	1023.10	
1948	5	20	6	0	0	1023.30	
1948	5	20	9	0	0	1023.30	
1948	5	20	12	0	0	1022.70	
1948	5	20	15	0	0	1023.50	
1948	5	20	18	0	0	1023.90	
1948	5	20	21	0	0	1024.80	
1948	5	21	0	0	0	1024.60	
1948	5	21	3	0	0	1024.80	
1948	5	21	6	0	0	1025.00	
1948	5	21	9	0	0	1024.70	
1948	5	21	12	0	0	1022.50	
1948	5	21	15	0	0	1020.80	
1948	5	21	18	0	0	1019.60	
1948	5	21	21	0	0	1019.40	
1948	5	22	0	0	0	1019.60	
1948	5	22	3	0	0	1019.40	
1948	5	22	6	0	0	1019.00	
1948	5	22	9	0	0	1018.70	
1948	5	22	12	0	0	1017.10	
1948	5	22	15	0	0	1015.90	
1948	5	22	18	0	0	1014.90	
1948	5	22	21	0	0	1015.40	
1948	5	23	0	0	0	1014.40	
1948	5	23	3	0	0	1012.70	
1948	5	23	6	0	0	1012.10	
1948	5	23	9	0	0	1011.00	
1948	5	23	12	0	0	1010.20	
1948	5	23	15	0	0	1009.00	
1948	5	23	18	0	0	1007.40	
1948	5	23	21	0	0	1007.00	
1948	5	24	0	0	0	1006.00	
1948	5	24	3	0	0	1005.20	
1948	5	24	6	0	0	1004.60	
1948	5	24	9	0	0	1004.80	
1948	5	24	12	0	0	1005.40	
1948	5	24	15	0	0	1007.40	
1948	5	24	18	0	0	1008.40	
1948	5	24	21	0	0	1010.30	
1948	5	25	0	0	0	1011.30	
1948	5	25	3	0	0	1011.80	
1948	5	25	6	0	0	1012.60	
1948	5	25	9	0	0	1012.50	
1948	5	25	12	0	0	1011.90	
1948	5	25	15	0	0	1012.60	
1948	5	25	18	0	0	1012.00	
1948	5	25	21	0	0	1012.40	
1948	5	26	0	0	0	1011.40	
1948	5	26	3	0	0	1009.30	
1948	5	26	6	0	0	1007.70	
1948	5	26	9	0	0	1007.30	
1948	5	26	12	0	0	1007.30	
1948	5	26	15	0	0	1007.90	
1948	5	26	18	0	0	1008.50	
1948	5	26	21	0	0	1010.50	
1948	5	27	0	0	0	1011.10	
1948	5	27	3	0	0	1011.30	
1948	5	27	6	0	0	1011.50	
1948	5	27	9	0	0	1012.10	
1948	5	27	12	0	0	1012.30	
1948	5	27	15	0	0	1012.40	
1948	5	27	18	0	0	1012.20	
1948	5	27	21	0	0	1013.00	
1948	5	28	0	0	0	1013.80	
1948	5	28	3	0	0	1013.30	
1948	5	28	6	0	0	1013.10	
1948	5	28	9	0	0	1013.40	
1948	5	28	12	0	0	1012.80	
1948	5	28	15	0	0	1012.60	
1948	5	28	18	0	0	1012.00	
1948	5	28	21	0	0	1013.30	
1948	5	29	0	0	0	1013.10	
1948	5	29	3	0	0	1012.70	
1948	5	29	6	0	0	1012.50	
1948	5	29	9	0	0	1012.80	
1948	5	29	12	0	0	1012.60	
1948	5	29	15	0	0	1012.60	
1948	5	29	18	0	0	1013.60	
1948	5	29	21	0	0	1013.90	
1948	5	30	0	0	0	1014.50	
1948	5	30	3	0	0	1014.60	
1948	5	30	6	0	0	1014.40	
1948	5	30	9	0	0	1014.70	
1948	5	30	12	0	0	1013.70	
1948	5	30	15	0	0	1013.00	
1948	5	30	18	0	0	1011.80	
1948	5	30	21	0	0	1011.20	
1948	5	31	0	0	0	1009.60	
1948	5	31	3	0	0	1007.10	
1948	5	31	6	0	0	1005.50	
1948	5	31	9	0	0	1004.30	
1948	5	31	12	0	0	1003.30	
1948	5	31	15	0	0	1001.40	
1948	5	31	18	0	0	1001.60	
1948	5	31	21	0	0	1001.90	
1948	6	1	0	0	0	1001.70	
1948	6	1	3	0	0	1001.30	
1948	6	1	6	0	0	1001.10	
1948	6	1	9	0	0	1001.40	
1948	6	1	12	0	0	1001.60	
1948	6	1	15	0	0	1001.10	
1948	6	1	18	0	0	1001.70	
1948	6	1	21	0	0	1001.60	
1948	6	2	0	0	0	1001.40	
1948	6	2	3	0	0	999.80	
1948	6	2	6	0	0	998.40	
1948	6	2	9	0	0	996.20	
1948	6	2	12	0	0	994.00	
1948	6	2	15	0	0	993.10	
1948	6	2	18	0	0	992.70	
1948	6	2	21	0	0	992.50	
1948	6	3	0	0	0	991.50	
1948	6	3	3	0	0	989.90	
1948	6	3	6	0	0	990.10	
1948	6	3	9	0	0	989.50	
1948	6	3	12	0	0	988.50	
1948	6	3	15	0	0	997.90	
1948	6	3	18	0	0	998.90	
1948	6	3	21	0	0	992.20	
1948	6	4	0	0	0	996.20	
1948	6	4	3	0	0	999.60	
1948	6	4	6	0	0	1002.40	
1948	6	4	9	0	0	1004.30	
1948	6	4	12	0	0	1005.30	
1948	6	4	15	0	0	1007.00	
1948	6	4	18	0	0	1006.40	
1948	6	4	21	0	0	1005.10	
1948	6	5	0	0	0	1003.50	
1948	6	5	3	0	0	1005.20	
1948	6	5	6	0	0	1006.60	
1948	6	5	9	0	0	1007.60	
1948	6	5	12	0	0	1008.00	
1948	6	5	15	0	0	1007.90	
1948	6	5	18	0	0	1008.30	
1948	6	5	21	0	0	1008.90	
1948	6	6	0	0	0	1008.50	
1948	6	6	3	0	0	1007.30	
1948	6	6	6	0	0	1007.10	
1948	6	6	9	0	0	1006.30	
1948	6	6	12	0	0	1004.10	
1948	6	6	15	0	0	999.90	
1948	6	6	18	0	0	995.30	
1948	6	6	21	0	0	993.80	
1948	6	7	0	0	0	998.20	
1948	6	7	3	0	0	1001.10	
1948	6	7	6	0	0	1004.70	
1948	6	7	9	0	0	1008.30	
1948	6	7	12	0	0	1010.50	
1948	6	7	15	0	0	1012.30	
1948	6	7	18	0	0	1013.90	
1948	6	7	21	0	0	1016.10	
1948	6	8	0	0	0	1016.30	
1948	6	8	3	0	0	1015.20	
1948	6	8	6	0	0	1015.00	
1948	6	8	9	0	0	1015.00	
1948	6	8	12	0	0	1013.80	
1948	6	8	15	0	0	1012.70	
1948	6	8	18	0	0	1014.10	
1948	6	8	21	0	0	1016.60	
1948	6	9	0	0	0	1018.40	
1948	6	9	3	0	0	1019.60	
1948	6	9	6	0	0	1020.60	
1948	6	9	9	0	0	1022.30	
1948	6	9	12	0	0	1022.50	
1948	6	9	15	0	0	1022.90	
1948	6	9	18	0	0	1024.10	
1948	6	9	21	0	0	1025.20	
1948	6	10	0	0	0	1024.40	
1948	6	10	3	0	0	1023.80	
1948	6	10	6	0	0	1023.60	
1948	6	10	9	0	0	1024.10	
1948	6	10	12	0	0	1023.50	
1948	6	10	15	0	0	1023.50	
1948	6	10	18	0	0	1022.90	
1948	6	10	21	0	0	1022.90	
1948	6	11	0	0	0	1023.10	
1948	6	11	3	0	0	1022.50	
1948	6	11	6	0	0	1022.30	
1948	6	11	9	0	0	1022.50	
1948	6	11	12	0	0	1021.50	
1948	6	11	15	0	0	1020.80	
1948	6	11	18	0	0	1020.80	
1948	6	11	21	0	0	1022.40	
1948	6	12	0	0	0	1021.40	
1948	6	12	3	0	0	1021.00	
1948	6	12	6	0	0	1020.80	
1948	6	12	9	0	0	1020.50	
1948	6	12	12	0	0	1019.10	
1948	6	12	15	0	0	1018.50	
1948	6	12	18	0	0	1018.50	
1948	6	12	21	0	0	1020.50	
1948	6	13	0	0	0	1020.30	
1948	6	13	3	0	0	1020.00	
1948	6	13	6	0	0	1020.40	
1948	6	13	9	0	0	1020.20	
1948	6	13	12	0	0	1019.20	
1948	6	13	15	0	0	1017.90	
1948	6	13	18	0	0	1017.50	
1948	6	13	21	0	0	1017.60	
1948	6	14	0	0	0	1017.40	
1948	6	14	3	0	0	1016.00	
1948	6	14	6	0	0	1015.60	
1948	6	14	9	0	0	1015.40	
1948	6	14	12	0	0	1014.60	
1948	6	14	15	0	0	1013.90	
1948	6	14	18	0	0	1012.90	
1948	6	14	21	0	0	1013.50	
1948	6	15	0	0	0	1013.30	
1948	6	15	3	0	0	1012.00	
1948	6	15	6	0	0	1011.80	
1948	6	15	9	0	0	1010.70	
1948	6	15	12	0	0	1009.70	
1948	6	15	15	0	0	1008.10	
1948	6	15	18	0	0	1007.50	
1948	6	15	21	0	0	1007.60	
1948	6	16	0	0	0	1007.00	
1948	6	16	3	0	0	1005.10	
1948	6	16	6	0	0	1005.50	
1948	6	16	9	0	0	1005.90	
1948	6	16	12	0	0	1006.70	
1948	6	16	15	0	0	1007.20	
1948	6	16	18	0	0	1007.80	
1948	6	16	21	0	0	1007.50	
1948	6	17	0	0	0	1006.50	
1948	6	17	3	0	0	1005.10	
1948	6	17	6	0	0	1004.30	
1948	6	17	9	0	0	1004.40	
1948	6	17	12	0	0	1004.00	
1948	6	17	15	0	0	1004.40	
1948	6	17	18	0	0	1005.80	
1948	6	17	21	0	0	1007.40	
1948	6	18	0	0	0	1007.60	
1948	6	18	3	0	0	1006.80	
1948	6	18	6	0	0	1006.20	
1948	6	18	9	0	0	1005.50	
1948	6	18	12	0	0	1004.90	
1948	6	18	15	0	0	1004.00	
1948	6	18	18	0	0	1004.40	
1948	6	18	21	0	0	1004.40	
1948	6	19	0	0	0	1004.20	
1948	6	19	3	0	0	1003.80	
1948	6	19	6	0	0	1004.00	
1948	6	19	9	0	0	1004.70	
1948	6	19	12	0	0	1006.10	
1948	6	19	15	0	0	1007.40	
1948	6	19	18	0	0	1008.60	
1948	6	19	21	0	0	1010.60	
1948	6	20	0	0	0	1012.20	
1948	6	20	3	0	0	1013.20	
1948	6	20	6	0	0	1015.20	
1948	6	20	9	0	0	1016.20	
1948	6	20	12	0	0	1017.00	
1948	6	20	15	0	0	1017.10	
1948	6	20	18	0	0	1016.50	
1948	6	20	21	0	0	1016.20	
1948	6	21	0	0	0	1015.20	
1948	6	21	3	0	0	1013.20	
1948	6	21	6	0	0	1011.80	
1948	6	21	9	0	0	1010.60	
1948	6	21	12	0	0	1009.00	
1948	6	21	15	0	0	1007.50	
1948	6	21	18	0	0	1008.10	
1948	6	21	21	0	0	1009.20	
1948	6	22	0	0	0	1009.20	
1948	6	22	3	0	0	1008.30	
1948	6	22	6	0	0	1007.90	
1948	6	22	9	0	0	1007.70	
1948	6	22	12	0	0	1007.70	
1948	6	22	15	0	0	1007.70	
1948	6	22	18	0	0	1009.10	
1948	6	22	21	0	0	1011.00	
1948	6	23	0	0	0	1012.40	
1948	6	23	3	0	0	1013.90	
1948	6	23	6	0	0	1016.10	
1948	6	23	9	0	0	1017.30	
1948	6	23	12	0	0	1018.70	
1948	6	23	15	0	0	1020.50	
1948	6	23	18	0	0	1021.90	
1948	6	23	21	0	0	1023.40	
1948	6	24	0	0	0	1025.00	
1948	6	24	3	0	0	1024.80	
1948	6	24	6	0	0	1025.40	
1948	6	24	9	0	0	1025.30	
1948	6	24	12	0	0	1024.30	
1948	6	24	15	0	0	1023.50	
1948	6	24	18	0	0	1023.30	
1948	6	24	21	0	0	1024.10	
1948	6	25	0	0	0	1024.50	
1948	6	25	3	0	0	1024.10	
1948	6	25	6	0	0	1024.10	
1948	6	25	9	0	0	1023.70	
1948	6	25	12	0	0	1023.90	
1948	6	25	15	0	0	1023.40	
1948	6	25	18	0	0	1023.20	
1948	6	25	21	0	0	1022.90	
1948	6	26	0	0	0	1022.50	
1948	6	26	3	0	0	1021.70	
1948	6	26	6	0	0	1020.70	
1948	6	26	9	0	0	1020.40	
1948	6	26	12	0	0	1019.20	
1948	6	26	15	0	0	1017.60	
1948	6	26	18	0	0	1015.20	
1948	6	26	21	0	0	1014.10	
1948	6	27	0	0	0	1013.90	
1948	6	27	3	0	0	1012.60	
1948	6	27	6	0	0	1012.20	
1948	6	27	9	0	0	1010.70	
1948	6	27	12	0	0	1009.90	
1948	6	27	15	0	0	1008.10	
1948	6	27	18	0	0	1006.70	
1948	6	27	21	0	0	1005.90	
1948	6	28	0	0	0	1004.10	
1948	6	28	3	0	0	1001.90	
1948	6	28	6	0	0	1002.50	
1948	6	28	9	0	0	1005.50	
1948	6	28	12	0	0	1008.10	
1948	6	28	15	0	0	1009.30	
1948	6	28	18	0	0	1011.50	
1948	6	28	21	0	0	1013.40	
1948	6	29	0	0	0	1014.60	
1948	6	29	3	0	0	1014.70	
1948	6	29	6	0	0	1014.90	
1948	6	29	9	0	0	1014.40	
1948	6	29	12	0	0	1014.20	
1948	6	29	15	0	0	1014.10	
1948	6	29	18	0	0	1012.90	
1948	6	29	21	0	0	1013.30	
1948	6	30	0	0	0	1014.30	
1948	6	30	3	0	0	1014.40	
1948	6	30	6	0	0	1015.20	
1948	6	30	9	0	0	1015.60	
1948	6	30	12	0	0	1016.20	
1948	6	30	15	0	0	1016.70	
1948	6	30	18	0	0	1017.30	
1948	6	30	21	0	0	1018.20	
1948	7	1	0	0	0	1018.80	
1948	7	1	3	0	0	1018.20	
1948	7	1	6	0	0	1019.00	
1948	7	1	9	0	0	1020.90	
1948	7	1	12	0	0	1021.50	
1948	7	1	15	0	0	1021.40	
1948	7	1	18	0	0	1023.40	
1948	7	1	21	0	0	1024.60	
1948	7	2	0	0	0	1024.80	
1948	7	2	3	0	0	1024.80	
1948	7	2	6	0	0	1025.60	
1948	7	2	9	0	0	1025.90	
1948	7	2	12	0	0	1026.10	
1948	7	2	15	0	0	1025.30	
1948	7	2	18	0	0	1025.50	
1948	7	2	21	0	0	1026.10	
1948	7	3	0	0	0	1025.50	
1948	7	3	3	0	0	1024.30	
1948	7	3	6	0	0	1023.50	
1948	7	3	9	0	0	1023.40	
1948	7	3	12	0	0	1022.80	
1948	7	3	15	0	0	1021.80	
1948	7	3	18	0	0	1020.60	
1948	7	3	21	0	0	1019.60	
1948	7	4	0	0	0	1017.20	
1948	7	4	3	0	0	1013.90	
1948	7	4	6	0	0	1011.10	
1948	7	4	9	0	0	1008.40	
1948	7	4	12	0	0	1006.20	
1948	7	4	15	0	0	1004.90	
1948	7	4	18	0	0	1006.90	
1948	7	4	21	0	0	1009.70	
1948	7	5	0	0	0	1011.10	
1948	7	5	3	0	0	1012.60	
1948	7	5	6	0	0	1013.60	
1948	7	5	9	0	0	1015.70	
1948	7	5	12	0	0	1016.70	
1948	7	5	15	0	0	1017.50	
1948	7	5	18	0	0	1017.70	
1948	7	5	21	0	0	1018.70	
1948	7	6	0	0	0	1019.10	
1948	7	6	3	0	0	1019.80	
1948	7	6	6	0	0	1020.80	
1948	7	6	9	0	0	1021.90	
1948	7	6	12	0	0	1021.50	
1948	7	6	15	0	0	1021.60	
1948	7	6	18	0	0	1021.40	
1948	7	6	21	0	0	1022.00	
1948	7	7	0	0	0	1022.00	
1948	7	7	3	0	0	1021.30	
1948	7	7	6	0	0	1020.70	
1948	7	7	9	0	0	1019.90	
1948	7	7	12	0	0	1018.50	
1948	7	7	15	0	0	1018.50	
1948	7	7	18	0	0	1016.90	
1948	7	7	21	0	0	1017.50	
1948	7	8	0	0	0	1018.90	
1948	7	8	3	0	0	1019.20	
1948	7	8	6	0	0	1018.60	
1948	7	8	9	0	0	1019.60	
1948	7	8	12	0	0	1020.20	
1948	7	8	15	0	0	1021.30	
1948	7	8	18	0	0	1021.90	
1948	7	8	21	0	0	1022.30	
1948	7	9	0	0	0	1022.50	
1948	7	9	3	0	0	1022.10	
1948	7	9	6	0	0	1021.90	
1948	7	9	9	0	0	1022.10	
1948	7	9	12	0	0	1022.10	
1948	7	9	15	0	0	1022.40	
1948	7	9	18	0	0	1022.20	
1948	7	9	21	0	0	1022.30	
1948	7	10	0	0	0	1021.90	
1948	7	10	3	0	0	1021.00	
1948	7	10	6	0	0	1021.40	
1948	7	10	9	0	0	1021.50	
1948	7	10	12	0	0	1021.70	
1948	7	10	15	0	0	1020.80	
1948	7	10	18	0	0	1019.00	
1948	7	10	21	0	0	1018.80	
1948	7	11	0	0	0	1017.40	
1948	7	11	3	0	0	1014.50	
1948	7	11	6	0	0	1012.10	
1948	7	11	9	0	0	1009.60	
1948	7	11	12	0	0	1007.80	
1948	7	11	15	0	0	1007.30	
1948	7	11	18	0	0	1006.30	
1948	7	11	21	0	0	1006.10	
1948	7	12	0	0	0	1004.90	
1948	7	12	3	0	0	1002.60	
1948	7	12	6	0	0	1000.60	
1948	7	12	9	0	0	999.50	
1948	7	12	12	0	0	998.50	
1948	7	12	15	0	0	997.50	
1948	7	12	18	0	0	997.30	
1948	7	12	21	0	0	998.60	
1948	7	13	0	0	0	999.20	
1948	7	13	3	0	0	999.60	
1948	7	13	6	0	0	1000.60	
1948	7	13	9	0	0	1001.60	
1948	7	13	12	0	0	1002.20	
1948	7	13	15	0	0	1002.60	
1948	7	13	18	0	0	1003.00	
1948	7	13	21	0	0	1005.10	
1948	7	14	0	0	0	1006.10	
1948	7	14	3	0	0	1006.50	
1948	7	14	6	0	0	1006.90	
1948	7	14	9	0	0	1008.20	
1948	7	14	12	0	0	1008.60	
1948	7	14	15	0	0	1008.10	
1948	7	14	18	0	0	1008.10	
1948	7	14	21	0	0	1008.70	
1948	7	15	0	0	0	1008.90	
1948	7	15	3	0	0	1008.60	
1948	7	15	6	0	0	1008.60	
1948	7	15	9	0	0	1009.10	
1948	7	15	12	0	0	1008.90	
1948	7	15	15	0	0	1008.50	
1948	7	15	18	0	0	1008.50	
1948	7	15	21	0	0	1009.90	
1948	7	16	0	0	0	1010.10	
1948	7	16	3	0	0	1009.70	
1948	7	16	6	0	0	1010.30	
1948	7	16	9	0	0	1010.90	
1948	7	16	12	0	0	1011.30	
1948	7	16	15	0	0	1011.40	
1948	7	16	18	0	0	1011.80	
1948	7	16	21	0	0	1013.50	
1948	7	17	0	0	0	1013.90	
1948	7	17	3	0	0	1013.20	
1948	7	17	6	0	0	1013.40	
1948	7	17	9	0	0	1012.80	
1948	7	17	12	0	0	1011.80	
1948	7	17	15	0	0	1009.60	
1948	7	17	18	0	0	1008.60	
1948	7	17	21	0	0	1007.70	
1948	7	18	0	0	0	1007.10	
1948	7	18	3	0	0	1006.80	
1948	7	18	6	0	0	1007.40	
1948	7	18	9	0	0	1008.50	
1948	7	18	12	0	0	1009.50	
1948	7	18	15	0	0	1009.90	
1948	7	18	18	0	0	1009.90	
1948	7	18	21	0	0	1009.80	
1948	7	19	0	0	0	1008.40	
1948	7	19	3	0	0	1005.80	
1948	7	19	6	0	0	1004.40	
1948	7	19	9	0	0	1005.80	
1948	7	19	12	0	0	1007.20	
1948	7	19	15	0	0	1007.40	
1948	7	19	18	0	0	1007.20	
1948	7	19	21	0	0	1007.60	
1948	7	20	0	0	0	1007.80	
1948	7	20	3	0	0	1007.50	
1948	7	20	6	0	0	1008.50	
1948	7	20	9	0	0	1009.50	
1948	7	20	12	0	0	1009.70	
1948	7	20	15	0	0	1009.40	
1948	7	20	18	0	0	1008.60	
1948	7	20	21	0	0	1007.90	
1948	7	21	0	0	0	1005.90	
1948	7	21	3	0	0	1002.30	
1948	7	21	6	0	0	1000.10	
1948	7	21	9	0	0	998.00	
1948	7	21	12	0	0	996.60	
1948	7	21	15	0	0	1001.20	
1948	7	21	18	0	0	1004.60	
1948	7	21	21	0	0	1007.30	
1948	7	22	0	0	0	1009.90	
1948	7	22	3	0	0	1010.90	
1948	7	22	6	0	0	1012.70	
1948	7	22	9	0	0	1014.10	
1948	7	22	12	0	0	1014.30	
1948	7	22	15	0	0	1015.10	
1948	7	22	18	0	0	1016.10	
1948	7	22	21	0	0	1018.10	
1948	7	23	0	0	0	1019.10	
1948	7	23	3	0	0	1019.40	
1948	7	23	6	0	0	1020.00	
1948	7	23	9	0	0	1020.00	
1948	7	23	12	0	0	1020.20	
1948	7	23	15	0	0	1019.70	
1948	7	23	18	0	0	1019.10	
1948	7	23	21	0	0	1019.50	
1948	7	24	0	0	0	1019.70	
1948	7	24	3	0	0	1018.80	
1948	7	24	6	0	0	1018.40	
1948	7	24	9	0	0	1018.50	
1948	7	24	12	0	0	1017.70	
1948	7	24	15	0	0	1017.40	
1948	7	24	18	0	0	1017.60	
1948	7	24	21	0	0	1018.00	
1948	7	25	0	0	0	1018.40	
1948	7	25	3	0	0	1018.10	
1948	7	25	6	0	0	1018.30	
1948	7	25	9	0	0	1018.40	
1948	7	25	12	0	0	1018.80	
1948	7	25	15	0	0	1018.60	
1948	7	25	18	0	0	1019.40	
1948	7	25	21	0	0	1020.60	
1948	7	26	0	0	0	1021.20	
1948	7	26	3	0	0	1021.00	
1948	7	26	6	0	0	1021.40	
1948	7	26	9	0	0	1022.10	
1948	7	26	12	0	0	1021.90	
1948	7	26	15	0	0	1022.40	
1948	7	26	18	0	0	1022.60	
1948	7	26	21	0	0	1023.60	
1948	7	27	0	0	0	1024.40	
1948	7	27	3	0	0	1024.20	
1948	7	27	6	0	0	1024.00	
1948	7	27	9	0	0	1024.10	
1948	7	27	12	0	0	1023.50	
1948	7	27	15	0	0	1022.10	
1948	7	27	18	0	0	1021.70	
1948	7	27	21	0	0	1022.80	
1948	7	28	0	0	0	1022.60	
1948	7	28	3	0	0	1021.70	
1948	7	28	6	0	0	1022.10	
1948	7	28	9	0	0	1021.30	
1948	7	28	12	0	0	1019.70	
1948	7	28	15	0	0	1018.60	
1948	7	28	18	0	0	1017.60	
1948	7	28	21	0	0	1018.70	
1948	7	29	0	0	0	1019.10	
1948	7	29	3	0	0	1018.80	
1948	7	29	6	0	0	1018.80	
1948	7	29	9	0	0	1018.80	
1948	7	29	12	0	0	1017.60	
1948	7	29	15	0	0	1016.80	
1948	7	29	18	0	0	1016.80	
1948	7	29	21	0	0	1018.00	
1948	7	30	0	0	0	1018.20	
1948	7	30	3	0	0	1017.90	
1948	7	30	6	0	0	1017.70	
1948	7	30	9	0	0	1017.80	
1948	7	30	12	0	0	1016.40	
1948	7	30	15	0	0	1015.60	
1948	7	30	18	0	0	1016.20	
1948	7	30	21	0	0	1017.40	
1948	7	31	0	0	0	1017.60	
1948	7	31	3	0	0	1017.00	
1948	7	31	6	0	0	1017.20	
1948	7	31	9	0	0	1017.30	
1948	7	31	12	0	0	1016.50	
1948	7	31	15	0	0	1015.00	
1948	7	31	18	0	0	1016.60	
1948	7	31	21	0	0	1016.30	
1948	8	1	0	0	0	1016.90	
1948	8	1	3	0	0	1016.50	
1948	8	1	6	0	0	1016.70	
1948	8	1	9	0	0	1016.70	
1948	8	1	12	0	0	1016.50	
1948	8	1	15	0	0	1015.10	
1948	8	1	18	0	0	1014.50	
1948	8	1	21	0	0	1014.50	
1948	8	2	0	0	0	1014.10	
1948	8	2	3	0	0	1012.80	
1948	8	2	6	0	0	1012.60	
1948	8	2	9	0	0	1011.80	
1948	8	2	12	0	0	1010.80	
1948	8	2	15	0	0	1010.50	
1948	8	2	18	0	0	1011.10	
1948	8	2	21	0	0	1012.10	
1948	8	3	0	0	0	1012.70	
1948	8	3	3	0	0	1012.70	
1948	8	3	6	0	0	1013.50	
1948	8	3	9	0	0	1014.90	
1948	8	3	12	0	0	1016.30	
1948	8	3	15	0	0	1017.00	
1948	8	3	18	0	0	1017.80	
1948	8	3	21	0	0	1019.00	
1948	8	4	0	0	0	1019.60	
1948	8	4	3	0	0	1020.00	
1948	8	4	6	0	0	1019.60	
1948	8	4	9	0	0	1019.50	
1948	8	4	12	0	0	1019.10	
1948	8	4	15	0	0	1018.00	
1948	8	4	18	0	0	1017.00	
1948	8	4	21	0	0	1016.80	
1948	8	5	0	0	0	1016.20	
1948	8	5	3	0	0	1015.00	
1948	8	5	6	0	0	1014.40	
1948	8	5	9	0	0	1014.40	
1948	8	5	12	0	0	1013.60	
1948	8	5	15	0	0	1012.50	
1948	8	5	18	0	0	1011.90	
1948	8	5	21	0	0	1011.60	
1948	8	6	0	0	0	1011.00	
1948	8	6	3	0	0	1009.50	
1948	8	6	6	0	0	1008.50	
1948	8	6	9	0	0	1008.00	
1948	8	6	12	0	0	1006.60	
1948	8	6	15	0	0	1005.20	
1948	8	6	18	0	0	1003.40	
1948	8	6	21	0	0	1001.80	
1948	8	7	0	0	0	1000.20	
1948	8	7	3	0	0	997.20	
1948	8	7	6	0	0	994.80	
1948	8	7	9	0	0	993.50	
1948	8	7	12	0	0	992.70	
1948	8	7	15	0	0	992.30	
1948	8	7	18	0	0	992.10	
1948	8	7	21	0	0	992.60	
1948	8	8	0	0	0	991.60	
1948	8	8	3	0	0	989.50	
1948	8	8	6	0	0	988.10	
1948	8	8	9	0	0	988.10	
1948	8	8	12	0	0	989.50	
1948	8	8	15	0	0	991.90	
1948	8	8	18	0	0	993.50	
1948	8	8	21	0	0	996.50	
1948	8	9	0	0	0	997.70	
1948	8	9	3	0	0	998.70	
1948	8	9	6	0	0	1000.70	
1948	8	9	9	0	0	1002.90	
1948	8	9	12	0	0	1004.70	
1948	8	9	15	0	0	1006.30	
1948	8	9	18	0	0	1006.70	
1948	8	9	21	0	0	1007.40	
1948	8	10	0	0	0	1008.20	
1948	8	10	3	0	0	1008.40	
1948	8	10	6	0	0	1009.40	
1948	8	10	9	0	0	1009.80	
1948	8	10	12	0	0	1009.80	
1948	8	10	15	0	0	1010.10	
1948	8	10	18	0	0	1010.30	
1948	8	10	21	0	0	1010.60	
1948	8	11	0	0	0	1010.60	
1948	8	11	3	0	0	1009.80	
1948	8	11	6	0	0	1009.60	
1948	8	11	9	0	0	1008.60	
1948	8	11	12	0	0	1007.20	
1948	8	11	15	0	0	1005.40	
1948	8	11	18	0	0	1004.40	
1948	8	11	21	0	0	1004.00	
1948	8	12	0	0	0	1002.80	
1948	8	12	3	0	0	1002.80	
1948	8	12	6	0	0	1002.20	
1948	8	12	9	0	0	1001.70	
1948	8	12	12	0	0	1002.30	
1948	8	12	15	0	0	1003.40	
1948	8	12	18	0	0	1003.60	
1948	8	12	21	0	0	1003.60	
1948	8	13	0	0	0	1003.40	
1948	8	13	3	0	0	1004.60	
1948	8	13	6	0	0	1007.60	
1948	8	13	9	0	0	1010.40	
1948	8	13	12	0	0	1011.80	
1948	8	13	15	0	0	1014.30	
1948	8	13	18	0	0	1015.30	
1948	8	13	21	0	0	1017.60	
1948	8	14	0	0	0	1018.40	
1948	8	14	3	0	0	1018.40	
1948	8	14	6	0	0	1019.00	
1948	8	14	9	0	0	1019.30	
1948	8	14	12	0	0	1017.90	
1948	8	14	15	0	0	1017.00	
1948	8	14	18	0	0	1015.60	
1948	8	14	21	0	0	1015.20	
1948	8	15	0	0	0	1012.80	
1948	8	15	3	0	0	1010.10	
1948	8	15	6	0	0	1008.70	
1948	8	15	9	0	0	1007.50	
1948	8	15	12	0	0	1007.10	
1948	8	15	15	0	0	1007.30	
1948	8	15	18	0	0	1007.50	
1948	8	15	21	0	0	1007.90	
1948	8	16	0	0	0	1008.10	
1948	8	16	3	0	0	1007.40	
1948	8	16	6	0	0	1006.80	
1948	8	16	9	0	0	1006.80	
1948	8	16	12	0	0	1007.00	
1948	8	16	15	0	0	1008.30	
1948	8	16	18	0	0	1008.90	
1948	8	16	21	0	0	1010.30	
1948	8	17	0	0	0	1010.90	
1948	8	17	3	0	0	1011.10	
1948	8	17	6	0	0	1010.70	
1948	8	17	9	0	0	1010.70	
1948	8	17	12	0	0	1010.10	
1948	8	17	15	0	0	1009.20	
1948	8	17	18	0	0	1007.80	
1948	8	17	21	0	0	1007.40	
1948	8	18	0	0	0	1007.40	
1948	8	18	3	0	0	1007.10	
1948	8	18	6	0	0	1007.10	
1948	8	18	9	0	0	1006.90	
1948	8	18	12	0	0	1007.50	
1948	8	18	15	0	0	1007.90	
1948	8	18	18	0	0	1007.70	
1948	8	18	21	0	0	1008.00	
1948	8	19	0	0	0	1008.00	
1948	8	19	3	0	0	1007.70	
1948	8	19	6	0	0	1008.10	
1948	8	19	9	0	0	1008.20	
1948	8	19	12	0	0	1008.20	
1948	8	19	15	0	0	1008.80	
1948	8	19	18	0	0	1009.20	
1948	8	19	21	0	0	1010.70	
1948	8	20	0	0	0	1010.90	
1948	8	20	3	0	0	1010.80	
1948	8	20	6	0	0	1011.40	
1948	8	20	9	0	0	1011.30	
1948	8	20	12	0	0	1011.70	
1948	8	20	15	0	0	1011.70	
1948	8	20	18	0	0	1012.00	
1948	8	20	21	0	0	1013.20	
1948	8	21	0	0	0	1013.40	
1948	8	21	3	0	0	1012.90	
1948	8	21	6	0	0	1011.90	
1948	8	21	9	0	0	1010.30	
1948	8	21	12	0	0	1007.10	
1948	8	21	15	0	0	1004.20	
1948	8	21	18	0	0	1000.40	
1948	8	21	21	0	0	999.30	
1948	8	22	0	0	0	1000.70	
1948	8	22	3	0	0	1003.40	
1948	8	22	6	0	0	1005.20	
1948	8	22	9	0	0	1006.20	
1948	8	22	12	0	0	1006.00	
1948	8	22	15	0	0	1006.00	
1948	8	22	18	0	0	1005.80	
1948	8	22	21	0	0	1006.00	
1948	8	23	0	0	0	1005.00	
1948	8	23	3	0	0	1004.70	
1948	8	23	6	0	0	1004.50	
1948	8	23	9	0	0	1005.00	
1948	8	23	12	0	0	1005.60	
1948	8	23	15	0	0	1005.80	
1948	8	23	18	0	0	1005.20	
1948	8	23	21	0	0	1005.00	
1948	8	24	0	0	0	1006.20	
1948	8	24	3	0	0	1007.20	
1948	8	24	6	0	0	1008.60	
1948	8	24	9	0	0	1011.10	
1948	8	24	12	0	0	1012.10	
1948	8	24	15	0	0	1012.20	
1948	8	24	18	0	0	1012.20	
1948	8	24	21	0	0	1010.60	
1948	8	25	0	0	0	1005.20	
1948	8	25	3	0	0	1002.40	
1948	8	25	6	0	0	1001.80	
1948	8	25	9	0	0	1001.60	
1948	8	25	12	0	0	1001.80	
1948	8	25	15	0	0	1001.30	
1948	8	25	18	0	0	1000.30	
1948	8	25	21	0	0	1002.10	
1948	8	26	0	0	0	1003.70	
1948	8	26	3	0	0	1005.40	
1948	8	26	6	0	0	1008.40	
1948	8	26	9	0	0	1011.40	
1948	8	26	12	0	0	1013.80	
1948	8	26	15	0	0	1015.20	
1948	8	26	18	0	0	1018.20	
1948	8	26	21	0	0	1020.50	
1948	8	27	0	0	0	1021.90	
1948	8	27	3	0	0	1023.00	
1948	8	27	6	0	0	1024.00	
1948	8	27	9	0	0	1025.00	
1948	8	27	12	0	0	1025.00	
1948	8	27	15	0	0	1023.90	
1948	8	27	18	0	0	1024.10	
1948	8	27	21	0	0	1025.50	
1948	8	28	0	0	0	1025.90	
1948	8	28	3	0	0	1025.40	
1948	8	28	6	0	0	1025.40	
1948	8	28	9	0	0	1026.30	
1948	8	28	12	0	0	1026.10	
1948	8	28	15	0	0	1024.00	
1948	8	28	18	0	0	1024.20	
1948	8	28	21	0	0	1024.70	
1948	8	29	0	0	0	1024.70	
1948	8	29	3	0	0	1023.70	
1948	8	29	6	0	0	1023.70	
1948	8	29	9	0	0	1023.90	
1948	8	29	12	0	0	1023.70	
1948	8	29	15	0	0	1023.40	
1948	8	29	18	0	0	1024.00	
1948	8	29	21	0	0	1024.50	
1948	8	30	0	0	0	1024.30	
1948	8	30	3	0	0	1023.30	
1948	8	30	6	0	0	1023.10	
1948	8	30	9	0	0	1023.20	
1948	8	30	12	0	0	1022.20	
1948	8	30	15	0	0	1021.50	
1948	8	30	18	0	0	1020.50	
1948	8	30	21	0	0	1020.60	
1948	8	31	0	0	0	1019.80	
1948	8	31	3	0	0	1018.20	
1948	8	31	6	0	0	1016.80	
1948	8	31	9	0	0	1014.70	
1948	8	31	12	0	0	1012.10	
1948	8	31	15	0	0	1010.30	
1948	8	31	18	0	0	1009.10	
1948	8	31	21	0	0	1008.40	
1948	9	1	0	0	0	1007.80	
1948	9	1	3	0	0	1007.00	
1948	9	1	6	0	0	1008.00	
1948	9	1	9	0	0	1009.70	
1948	9	1	12	0	0	1011.10	
1948	9	1	15	0	0	1012.40	
1948	9	1	18	0	0	1013.00	
1948	9	1	21	0	0	1013.40	
1948	9	2	0	0	0	1013.00	
1948	9	2	3	0	0	1011.20	
1948	9	2	6	0	0	1007.80	
1948	9	2	9	0	0	1004.30	
1948	9	2	12	0	0	1000.90	
1948	9	2	15	0	0	998.20	
1948	9	2	18	0	0	995.20	
1948	9	2	21	0	0	994.50	
1948	9	3	0	0	0	992.70	
1948	9	3	3	0	0	990.90	
1948	9	3	6	0	0	990.30	
1948	9	3	9	0	0	990.20	
1948	9	3	12	0	0	990.20	
1948	9	3	15	0	0	990.50	
1948	9	3	18	0	0	992.10	
1948	9	3	21	0	0	995.30	
1948	9	4	0	0	0	997.50	
1948	9	4	3	0	0	999.90	
1948	9	4	6	0	0	1002.50	
1948	9	4	9	0	0	1005.60	
1948	9	4	12	0	0	1008.20	
1948	9	4	15	0	0	1010.50	
1948	9	4	18	0	0	1013.10	
1948	9	4	21	0	0	1015.70	
1948	9	5	0	0	0	1015.90	
1948	9	5	3	0	0	1016.30	
1948	9	5	6	0	0	1015.90	
1948	9	5	9	0	0	1018.60	
1948	9	5	12	0	0	1016.40	
1948	9	5	15	0	0	1012.10	
1948	9	5	18	0	0	1011.70	
1948	9	5	21	0	0	1011.80	
1948	9	6	0	0	0	1011.60	
1948	9	6	3	0	0	1011.10	
1948	9	6	6	0	0	1010.90	
1948	9	6	9	0	0	1011.50	
1948	9	6	12	0	0	1011.70	
1948	9	6	15	0	0	1011.80	
1948	9	6	18	0	0	1013.00	
1948	9	6	21	0	0	1014.10	
1948	9	7	0	0	0	1014.10	
1948	9	7	3	0	0	1013.50	
1948	9	7	6	0	0	1012.70	
1948	9	7	9	0	0	1011.70	
1948	9	7	12	0	0	1010.70	
1948	9	7	15	0	0	1009.80	
1948	9	7	18	0	0	1010.20	
1948	9	7	21	0	0	1010.70	
1948	9	8	0	0	0	1010.90	
1948	9	8	3	0	0	1011.20	
1948	9	8	6	0	0	1013.00	
1948	9	8	9	0	0	1015.00	
1948	9	8	12	0	0	1015.40	
1948	9	8	15	0	0	1016.30	
1948	9	8	18	0	0	1016.90	
1948	9	8	21	0	0	1018.70	
1948	9	9	0	0	0	1019.30	
1948	9	9	3	0	0	1019.70	
1948	9	9	6	0	0	1020.30	
1948	9	9	9	0	0	1020.40	
1948	9	9	12	0	0	1019.80	
1948	9	9	15	0	0	1018.10	
1948	9	9	18	0	0	1017.10	
1948	9	9	21	0	0	1016.40	
1948	9	10	0	0	0	1014.20	
1948	9	10	3	0	0	1011.90	
1948	9	10	6	0	0	1009.70	
1948	9	10	9	0	0	1009.00	
1948	9	10	12	0	0	1008.40	
1948	9	10	15	0	0	1007.30	
1948	9	10	18	0	0	1007.10	
1948	9	10	21	0	0	1007.00	
1948	9	11	0	0	0	1006.40	
1948	9	11	3	0	0	1004.70	
1948	9	11	6	0	0	1004.50	
1948	9	11	9	0	0	1004.80	
1948	9	11	12	0	0	1004.60	
1948	9	11	15	0	0	1004.90	
1948	9	11	18	0	0	1006.10	
1948	9	11	21	0	0	1007.10	
1948	9	12	0	0	0	1007.30	
1948	9	12	3	0	0	1006.00	
1948	9	12	6	0	0	1006.20	
1948	9	12	9	0	0	1007.30	
1948	9	12	12	0	0	1006.30	
1948	9	12	15	0	0	1003.40	
1948	9	12	18	0	0	1002.80	
1948	9	12	21	0	0	1005.20	
1948	9	13	0	0	0	1007.00	
1948	9	13	3	0	0	1008.70	
1948	9	13	6	0	0	1010.10	
1948	9	13	9	0	0	1011.80	
1948	9	13	12	0	0	1011.60	
1948	9	13	15	0	0	1010.30	
1948	9	13	18	0	0	1008.50	
1948	9	13	21	0	0	1008.60	
1948	9	14	0	0	0	1009.20	
1948	9	14	3	0	0	1011.20	
1948	9	14	6	0	0	1013.00	
1948	9	14	9	0	0	1014.70	
1948	9	14	12	0	0	1017.30	
1948	9	14	15	0	0	1018.70	
1948	9	14	18	0	0	1019.30	
1948	9	14	21	0	0	1019.50	
1948	9	15	0	0	0	1017.50	
1948	9	15	3	0	0	1014.40	
1948	9	15	6	0	0	1011.80	
1948	9	15	9	0	0	1010.20	
1948	9	15	12	0	0	1011.20	
1948	9	15	15	0	0	1020.10	
1948	9	15	18	0	0	1023.50	
1948	9	15	21	0	0	1026.00	
1948	9	16	0	0	0	1026.00	
1948	9	16	3	0	0	1023.50	
1948	9	16	6	0	0	1024.50	
1948	9	16	9	0	0	1024.70	
1948	9	16	12	0	0	1024.30	
1948	9	16	15	0	0	1023.80	
1948	9	16	18	0	0	1022.80	
1948	9	16	21	0	0	1023.50	
1948	9	17	0	0	0	1022.90	
1948	9	17	3	0	0	1021.80	
1948	9	17	6	0	0	1020.80	
1948	9	17	9	0	0	1019.70	
1948	9	17	12	0	0	1018.70	
1948	9	17	15	0	0	1016.60	
1948	9	17	18	0	0	1016.60	
1948	9	17	21	0	0	1017.60	
1948	9	18	0	0	0	1019.00	
1948	9	18	3	0	0	1019.70	
1948	9	18	6	0	0	1021.10	
1948	9	18	9	0	0	1023.30	
1948	9	18	12	0	0	1023.10	
1948	9	18	15	0	0	1022.50	
1948	9	18	18	0	0	1022.70	
1948	9	18	21	0	0	1021.60	
1948	9	19	0	0	0	1020.20	
1948	9	19	3	0	0	1018.40	
1948	9	19	6	0	0	1017.80	
1948	9	19	9	0	0	1016.50	
1948	9	19	12	0	0	1017.50	
1948	9	19	15	0	0	1017.40	
1948	9	19	18	0	0	1017.80	
1948	9	19	21	0	0	1018.90	
1948	9	20	0	0	0	1020.10	
1948	9	20	3	0	0	1020.00	
1948	9	20	6	0	0	1020.00	
1948	9	20	9	0	0	1020.40	
1948	9	20	12	0	0	1020.60	
1948	9	20	15	0	0	1019.90	
1948	9	20	18	0	0	1019.70	
1948	9	20	21	0	0	1021.10	
1948	9	21	0	0	0	1022.30	
1948	9	21	3	0	0	1023.00	
1948	9	21	6	0	0	1024.00	
1948	9	21	9	0	0	1025.40	
1948	9	21	12	0	0	1025.40	
1948	9	21	15	0	0	1025.90	
1948	9	21	18	0	0	1025.30	
1948	9	21	21	0	0	1025.30	
1948	9	22	0	0	0	1023.50	
1948	9	22	3	0	0	1022.00	
1948	9	22	6	0	0	1021.00	
1948	9	22	9	0	0	1020.40	
1948	9	22	12	0	0	1020.60	
1948	9	22	15	0	0	1020.00	
1948	9	22	18	0	0	1020.20	
1948	9	22	21	0	0	1021.40	
1948	9	23	0	0	0	1021.40	
1948	9	23	3	0	0	1021.30	
1948	9	23	6	0	0	1020.70	
1948	9	23	9	0	0	1020.70	
1948	9	23	12	0	0	1019.70	
1948	9	23	15	0	0	1018.50	
1948	9	23	18	0	0	1017.10	
1948	9	23	21	0	0	1017.00	
1948	9	24	0	0	0	1016.20	
1948	9	24	3	0	0	1016.00	
1948	9	24	6	0	0	1015.60	
1948	9	24	9	0	0	1016.40	
1948	9	24	12	0	0	1016.20	
1948	9	24	15	0	0	1015.70	
1948	9	24	18	0	0	1015.70	
1948	9	24	21	0	0	1015.70	
1948	9	25	0	0	0	1015.30	
1948	9	25	3	0	0	1014.30	
1948	9	25	6	0	0	1013.30	
1948	9	25	9	0	0	1014.40	
1948	9	25	12	0	0	1014.40	
1948	9	25	15	0	0	1014.70	
1948	9	25	18	0	0	1014.70	
1948	9	25	21	0	0	1014.70	
1948	9	26	0	0	0	1013.90	
1948	9	26	3	0	0	1012.10	
1948	9	26	6	0	0	1012.10	
1948	9	26	9	0	0	1010.60	
1948	9	26	12	0	0	1007.80	
1948	9	26	15	0	0	1006.30	
1948	9	26	18	0	0	1004.90	
1948	9	26	21	0	0	1003.80	
1948	9	27	0	0	0	1002.40	
1948	9	27	3	0	0	1001.40	
1948	9	27	6	0	0	1000.40	
1948	9	27	9	0	0	1000.40	
1948	9	27	12	0	0	1001.00	
1948	9	27	15	0	0	1001.30	
1948	9	27	18	0	0	1001.10	
1948	9	27	21	0	0	1002.50	
1948	9	28	0	0	0	1003.50	
1948	9	28	3	0	0	1002.70	
1948	9	28	6	0	0	1002.70	
1948	9	28	9	0	0	1003.70	
1948	9	28	12	0	0	1003.50	
1948	9	28	15	0	0	1003.10	
1948	9	28	18	0	0	1003.30	
1948	9	28	21	0	0	1005.20	
1948	9	29	0	0	0	1007.80	
1948	9	29	3	0	0	1009.80	
1948	9	29	6	0	0	1012.40	
1948	9	29	9	0	0	1014.50	
1948	9	29	12	0	0	1016.30	
1948	9	29	15	0	0	1018.00	
1948	9	29	18	0	0	1019.80	
1948	9	29	21	0	0	1022.10	
1948	9	30	0	0	0	1023.50	
1948	9	30	3	0	0	1024.60	
1948	9	30	6	0	0	1025.60	
1948	9	30	9	0	0	1027.90	
1948	9	30	12	0	0	1029.30	
1948	9	30	15	0	0	1029.60	
1948	9	30	18	0	0	1030.20	
1948	9	30	21	0	0	1030.50	
1948	10	1	0	0	0	1031.10	
1948	10	1	3	0	0	1029.70	
1948	10	1	6	0	0	1028.70	
1948	10	1	9	0	0	1028.00	
1948	10	1	12	0	0	1027.40	
1948	10	1	15	0	0	1025.70	
1948	10	1	18	0	0	1024.70	
1948	10	1	21	0	0	1025.80	
1948	10	2	0	0	0	1025.60	
1948	10	2	3	0	0	1022.40	
1948	10	2	6	0	0	1022.20	
1948	10	2	9	0	0	1023.40	
1948	10	2	12	0	0	1022.80	
1948	10	2	15	0	0	1022.00	
1948	10	2	18	0	0	1022.20	
1948	10	2	21	0	0	1021.10	
1948	10	3	0	0	0	1020.10	
1948	10	3	3	0	0	1019.00	
1948	10	3	6	0	0	1019.20	
1948	10	3	9	0	0	1019.50	
1948	10	3	12	0	0	1018.70	
1948	10	3	15	0	0	1017.20	
1948	10	3	18	0	0	1018.20	
1948	10	3	21	0	0	1019.00	
1948	10	4	0	0	0	1018.40	
1948	10	4	3	0	0	1017.20	
1948	10	4	6	0	0	1017.60	
1948	10	4	9	0	0	1018.60	
1948	10	4	12	0	0	1019.80	
1948	10	4	15	0	0	1020.90	
1948	10	4	18	0	0	1023.70	
1948	10	4	21	0	0	1025.50	
1948	10	5	0	0	0	1026.50	
1948	10	5	3	0	0	1027.20	
1948	10	5	6	0	0	1027.60	
1948	10	5	9	0	0	1028.00	
1948	10	5	12	0	0	1027.80	
1948	10	5	15	0	0	1027.10	
1948	10	5	18	0	0	1026.90	
1948	10	5	21	0	0	1027.30	
1948	10	6	0	0	0	1027.50	
1948	10	6	3	0	0	1026.80	
1948	10	6	6	0	0	1027.00	
1948	10	6	9	0	0	1027.70	
1948	10	6	12	0	0	1027.10	
1948	10	6	15	0	0	1026.00	
1948	10	6	18	0	0	1025.80	
1948	10	6	21	0	0	1026.50	
1948	10	7	0	0	0	1026.70	
1948	10	7	3	0	0	1026.30	
1948	10	7	6	0	0	1026.30	
1948	10	7	9	0	0	1027.20	
1948	10	7	12	0	0	1027.60	
1948	10	7	15	0	0	1027.00	
1948	10	7	18	0	0	1027.60	
1948	10	7	21	0	0	1028.70	
1948	10	8	0	0	0	1029.90	
1948	10	8	3	0	0	1030.50	
1948	10	8	6	0	0	1029.90	
1948	10	8	9	0	0	1030.60	
1948	10	8	12	0	0	1030.40	
1948	10	8	15	0	0	1029.30	
1948	10	8	18	0	0	1029.50	
1948	10	8	21	0	0	1029.40	
1948	10	9	0	0	0	1029.00	
1948	10	9	3	0	0	1028.00	
1948	10	9	6	0	0	1027.00	
1948	10	9	9	0	0	1027.80	
1948	10	9	12	0	0	1026.60	
1948	10	9	15	0	0	1024.70	
1948	10	9	18	0	0	1024.70	
1948	10	9	21	0	0	1025.10	
1948	10	10	0	0	0	1024.50	
1948	10	10	3	0	0	1023.50	
1948	10	10	6	0	0	1023.50	
1948	10	10	9	0	0	1023.80	
1948	10	10	12	0	0	1022.40	
1948	10	10	15	0	0	1020.70	
1948	10	10	18	0	0	1019.90	
1948	10	10	21	0	0	1019.50	
1948	10	11	0	0	0	1019.50	
1948	10	11	3	0	0	1019.30	
1948	10	11	6	0	0	1018.70	
1948	10	11	9	0	0	1018.50	
1948	10	11	12	0	0	1015.90	
1948	10	11	15	0	0	1013.10	
1948	10	11	18	0	0	1010.90	
1948	10	11	21	0	0	1009.20	
1948	10	12	0	0	0	1008.40	
1948	10	12	3	0	0	1008.80	
1948	10	12	6	0	0	1009.00	
1948	10	12	9	0	0	1010.00	
1948	10	12	12	0	0	1010.00	
1948	10	12	15	0	0	1009.30	
1948	10	12	18	0	0	1010.70	
1948	10	12	21	0	0	1011.20	
1948	10	13	0	0	0	1010.60	
1948	10	13	3	0	0	1009.70	
1948	10	13	6	0	0	1008.70	
1948	10	13	9	0	0	1018.30	
1948	10	13	12	0	0	1016.70	
1948	10	13	15	0	0	1004.80	
1948	10	13	18	0	0	1003.40	
1948	10	13	21	0	0	1001.40	
1948	10	14	0	0	0	1000.00	
1948	10	14	3	0	0	998.00	
1948	10	14	6	0	0	996.40	
1948	10	14	9	0	0	996.60	
1948	10	14	12	0	0	998.60	
1948	10	14	15	0	0	999.10	
1948	10	14	18	0	0	1001.30	
1948	10	14	21	0	0	1003.10	
1948	10	15	0	0	0	1002.50	
1948	10	15	3	0	0	1001.90	
1948	10	15	6	0	0	1000.90	
1948	10	15	9	0	0	1000.60	
1948	10	15	12	0	0	999.60	
1948	10	15	15	0	0	998.90	
1948	10	15	18	0	0	999.90	
1948	10	15	21	0	0	1001.90	
1948	10	16	0	0	0	1003.30	
1948	10	16	3	0	0	1004.50	
1948	10	16	6	0	0	1005.50	
1948	10	16	9	0	0	1006.70	
1948	10	16	12	0	0	1006.10	
1948	10	16	15	0	0	1005.10	
1948	10	16	18	0	0	1004.90	
1948	10	16	21	0	0	1003.30	
1948	10	17	0	0	0	1001.10	
1948	10	17	3	0	0	998.10	
1948	10	17	6	0	0	994.70	
1948	10	17	9	0	0	992.70	
1948	10	17	12	0	0	992.10	
1948	10	17	15	0	0	991.80	
1948	10	17	18	0	0	991.00	
1948	10	17	21	0	0	987.80	
1948	10	18	0	0	0	983.80	
1948	10	18	3	0	0	981.40	
1948	10	18	6	0	0	981.60	
1948	10	18	9	0	0	983.10	
1948	10	18	12	0	0	984.90	
1948	10	18	15	0	0	986.50	
1948	10	18	18	0	0	989.30	
1948	10	18	21	0	0	991.70	
1948	10	19	0	0	0	993.70	
1948	10	19	3	0	0	996.90	
1948	10	19	6	0	0	1000.70	
1948	10	19	9	0	0	1004.70	
1948	10	19	12	0	0	1006.90	
1948	10	19	15	0	0	1008.60	
1948	10	19	18	0	0	1010.60	
1948	10	19	21	0	0	1019.50	
1948	10	20	0	0	0	1019.90	
1948	10	20	3	0	0	1011.20	
1948	10	20	6	0	0	1011.60	
1948	10	20	9	0	0	1012.80	
1948	10	20	12	0	0	1014.20	
1948	10	20	15	0	0	1014.30	
1948	10	20	18	0	0	1014.90	
1948	10	20	21	0	0	1015.00	
1948	10	21	0	0	0	1014.00	
1948	10	21	3	0	0	1013.60	
1948	10	21	6	0	0	1013.60	
1948	10	21	9	0	0	1014.60	
1948	10	21	12	0	0	1015.60	
1948	10	21	15	0	0	1015.50	
1948	10	21	18	0	0	1017.30	
1948	10	21	21	0	0	1018.20	
1948	10	22	0	0	0	1017.60	
1948	10	22	3	0	0	1015.00	
1948	10	22	6	0	0	1012.60	
1948	10	22	9	0	0	1010.20	
1948	10	22	12	0	0	1008.60	
1948	10	22	15	0	0	1011.60	
1948	10	22	18	0	0	1015.40	
1948	10	22	21	0	0	1017.30	
1948	10	23	0	0	0	1018.30	
1948	10	23	3	0	0	1019.00	
1948	10	23	6	0	0	1019.20	
1948	10	23	9	0	0	1021.30	
1948	10	23	12	0	0	1020.70	
1948	10	23	15	0	0	1019.30	
1948	10	23	18	0	0	1017.70	
1948	10	23	21	0	0	1014.10	
1948	10	24	0	0	0	1011.90	
1948	10	24	3	0	0	1009.90	
1948	10	24	6	0	0	1009.70	
1948	10	24	9	0	0	1009.80	
1948	10	24	12	0	0	1008.80	
1948	10	24	15	0	0	1006.30	
1948	10	24	18	0	0	1004.50	
1948	10	24	21	0	0	1001.20	
1948	10	25	0	0	0	998.80	
1948	10	25	3	0	0	998.20	
1948	10	25	6	0	0	999.60	
1948	10	25	9	0	0	1000.50	
1948	10	25	12	0	0	1001.30	
1948	10	25	15	0	0	1001.10	
1948	10	25	18	0	0	1002.90	
1948	10	25	21	0	0	1005.00	
1948	10	26	0	0	0	1006.80	
1948	10	26	3	0	0	1008.80	
1948	10	26	6	0	0	1011.40	
1948	10	26	9	0	0	1013.70	
1948	10	26	12	0	0	1015.70	
1948	10	26	15	0	0	1016.90	
1948	10	26	18	0	0	1018.50	
1948	10	26	21	0	0	1020.40	
1948	10	27	0	0	0	1020.80	
1948	10	27	3	0	0	1020.90	
1948	10	27	6	0	0	1021.10	
1948	10	27	9	0	0	1022.00	
1948	10	27	12	0	0	1021.80	
1948	10	27	15	0	0	1020.80	
1948	10	27	18	0	0	1022.00	
1948	10	27	21	0	0	1023.00	
1948	10	28	0	0	0	1023.20	
1948	10	28	3	0	0	1022.90	
1948	10	28	6	0	0	1022.90	
1948	10	28	9	0	0	1024.10	
1948	10	28	12	0	0	1024.70	
1948	10	28	15	0	0	1024.10	
1948	10	28	18	0	0	1025.30	
1948	10	28	21	0	0	1025.90	
1948	10	29	0	0	0	1026.10	
1948	10	29	3	0	0	1025.70	
1948	10	29	6	0	0	1025.10	
1948	10	29	9	0	0	1024.60	
1948	10	29	12	0	0	1023.60	
1948	10	29	15	0	0	1022.30	
1948	10	29	18	0	0	1021.70	
1948	10	29	21	0	0	1020.50	
1948	10	30	0	0	0	1019.90	
1948	10	30	3	0	0	1018.90	
1948	10	30	6	0	0	1018.90	
1948	10	30	9	0	0	1019.50	
1948	10	30	12	0	0	1020.10	
1948	10	30	15	0	0	1020.10	
1948	10	30	18	0	0	1021.10	
1948	10	30	21	0	0	1021.70	
1948	10	31	0	0	0	1022.70	
1948	10	31	3	0	0	1022.40	
1948	10	31	6	0	0	1023.00	
1948	10	31	9	0	0	1022.90	
1948	10	31	12	0	0	1021.50	
1948	10	31	15	0	0	1019.60	
1948	10	31	18	0	0	1019.40	
1948	10	31	21	0	0	1018.70	
1948	11	1	0	0	0	1017.30	
1948	11	1	3	0	0	1014.90	
1948	11	1	6	0	0	1013.90	
1948	11	1	9	0	0	1013.10	
1948	11	1	12	0	0	1012.10	
1948	11	1	15	0	0	1011.10	
1948	11	1	18	0	0	1010.50	
1948	11	1	21	0	0	1010.00	
1948	11	2	0	0	0	1009.40	
1948	11	2	3	0	0	1008.70	
1948	11	2	6	0	0	1008.10	
1948	11	2	9	0	0	1008.00	
1948	11	2	12	0	0	1007.00	
1948	11	2	15	0	0	1005.70	
1948	11	2	18	0	0	1005.50	
1948	11	2	21	0	0	1004.20	
1948	11	3	0	0	0	1002.40	
1948	11	3	3	0	0	1000.10	
1948	11	3	6	0	0	998.70	
1948	11	3	9	0	0	998.60	
1948	11	3	12	0	0	999.60	
1948	11	3	15	0	0	1000.30	
1948	11	3	18	0	0	1001.70	
1948	11	3	21	0	0	1000.50	
1948	11	4	0	0	0	997.90	
1948	11	4	3	0	0	994.40	
1948	11	4	6	0	0	994.20	
1948	11	4	9	0	0	994.70	
1948	11	4	12	0	0	994.70	
1948	11	4	15	0	0	995.40	
1948	11	4	18	0	0	993.20	
1948	11	4	21	0	0	990.90	
1948	11	5	0	0	0	989.90	
1948	11	5	3	0	0	990.10	
1948	11	5	6	0	0	991.90	
1948	11	5	9	0	0	993.60	
1948	11	5	12	0	0	996.80	
1948	11	5	15	0	0	999.80	
1948	11	5	18	0	0	1003.00	
1948	11	5	21	0	0	1004.80	
1948	11	6	0	0	0	1007.40	
1948	11	6	3	0	0	1009.40	
1948	11	6	6	0	0	1010.00	
1948	11	6	9	0	0	1012.20	
1948	11	6	12	0	0	1013.60	
1948	11	6	15	0	0	1014.20	
1948	11	6	18	0	0	1015.00	
1948	11	6	21	0	0	1014.80	
1948	11	7	0	0	0	1013.80	
1948	11	7	3	0	0	1012.00	
1948	11	7	6	0	0	1011.40	
1948	11	7	9	0	0	1012.00	
1948	11	7	12	0	0	1013.00	
1948	11	7	15	0	0	1014.30	
1948	11	7	18	0	0	1016.70	
1948	11	7	21	0	0	1018.90	
1948	11	8	0	0	0	1021.10	
1948	11	8	3	0	0	1023.40	
1948	11	8	6	0	0	1025.60	
1948	11	8	9	0	0	1029.50	
1948	11	8	12	0	0	1030.70	
1948	11	8	15	0	0	1031.90	
1948	11	8	18	0	0	1033.30	
1948	11	8	21	0	0	1034.70	
1948	11	9	0	0	0	1034.70	
1948	11	9	3	0	0	1032.60	
1948	11	9	6	0	0	1031.00	
1948	11	9	9	0	0	1030.40	
1948	11	9	12	0	0	1027.40	
1948	11	9	15	0	0	1025.20	
1948	11	9	18	0	0	1024.20	
1948	11	9	21	0	0	1022.40	
1948	11	10	0	0	0	1020.40	
1948	11	10	3	0	0	1021.90	
1948	11	10	6	0	0	1021.70	
1948	11	10	9	0	0	1023.10	
1948	11	10	12	0	0	1024.50	
1948	11	10	15	0	0	1023.70	
1948	11	10	18	0	0	1024.70	
1948	11	10	21	0	0	1024.00	
1948	11	11	0	0	0	1023.40	
1948	11	11	3	0	0	1023.20	
1948	11	11	6	0	0	1023.40	
1948	11	11	9	0	0	1024.50	
1948	11	11	12	0	0	1025.10	
1948	11	11	15	0	0	1025.30	
1948	11	11	18	0	0	1026.30	
1948	11	11	21	0	0	1026.80	
1948	11	12	0	0	0	1027.40	
1948	11	12	3	0	0	1027.30	
1948	11	12	6	0	0	1027.70	
1948	11	12	9	0	0	1027.80	
1948	11	12	12	0	0	1026.80	
1948	11	12	15	0	0	1025.30	
1948	11	12	18	0	0	1024.30	
1948	11	12	21	0	0	1023.60	
1948	11	13	0	0	0	1022.80	
1948	11	13	3	0	0	1022.50	
1948	11	13	6	0	0	1022.10	
1948	11	13	9	0	0	1022.70	
1948	11	13	12	0	0	1022.30	
1948	11	13	15	0	0	1021.70	
1948	11	13	18	0	0	1021.90	
1948	11	13	21	0	0	1021.90	
1948	11	14	0	0	0	1020.50	
1948	11	14	3	0	0	1019.70	
1948	11	14	6	0	0	1018.90	
1948	11	14	9	0	0	1018.50	
1948	11	14	12	0	0	1018.10	
1948	11	14	15	0	0	1017.70	
1948	11	14	18	0	0	1017.10	
1948	11	14	21	0	0	1016.30	
1948	11	15	0	0	0	1015.50	
1948	11	15	3	0	0	1013.60	
1948	11	15	6	0	0	1011.60	
1948	11	15	9	0	0	1010.00	
1948	11	15	12	0	0	1008.40	
1948	11	15	15	0	0	1007.20	
1948	11	15	18	0	0	1008.40	
1948	11	15	21	0	0	1010.70	
1948	11	16	0	0	0	1013.10	
1948	11	16	3	0	0	1014.90	
1948	11	16	6	0	0	1015.70	
1948	11	16	9	0	0	1016.20	
1948	11	16	12	0	0	1015.40	
1948	11	16	15	0	0	1014.80	
1948	11	16	18	0	0	1014.20	
1948	11	16	21	0	0	1014.10	
1948	11	17	0	0	0	1015.70	
1948	11	17	3	0	0	1017.10	
1948	11	17	6	0	0	1018.10	
1948	11	17	9	0	0	1020.60	
1948	11	17	12	0	0	1020.80	
1948	11	17	15	0	0	1020.10	
1948	11	17	18	0	0	1018.70	
1948	11	17	21	0	0	1015.30	
1948	11	18	0	0	0	1009.10	
1948	11	18	3	0	0	1006.20	
1948	11	18	6	0	0	1011.00	
1948	11	18	9	0	0	1016.10	
1948	11	18	12	0	0	1018.30	
1948	11	18	15	0	0	1019.00	
1948	11	18	18	0	0	1019.20	
1948	11	18	21	0	0	1019.40	
1948	11	19	0	0	0	1018.40	
1948	11	19	3	0	0	1016.90	
1948	11	19	6	0	0	1015.10	
1948	11	19	9	0	0	1014.80	
1948	11	19	12	0	0	1012.80	
1948	11	19	15	0	0	1010.40	
1948	11	19	18	0	0	1011.80	
1948	11	19	21	0	0	1013.10	
1948	11	20	0	0	0	1014.50	
1948	11	20	3	0	0	1014.80	
1948	11	20	6	0	0	1015.60	
1948	11	20	9	0	0	1016.00	
1948	11	20	12	0	0	1017.40	
1948	11	20	15	0	0	1018.40	
1948	11	20	18	0	0	1019.80	
1948	11	20	21	0	0	1020.00	
1948	11	21	0	0	0	1019.80	
1948	11	21	3	0	0	1020.40	
1948	11	21	6	0	0	1021.20	
1948	11	21	9	0	0	1022.70	
1948	11	21	12	0	0	1023.30	
1948	11	21	15	0	0	1023.50	
1948	11	21	18	0	0	1025.50	
1948	11	21	21	0	0	1027.20	
1948	11	22	0	0	0	1028.60	
1948	11	22	3	0	0	1030.80	
1948	11	22	6	0	0	1032.20	
1948	11	22	9	0	0	1032.50	
1948	11	22	12	0	0	1033.10	
1948	11	22	15	0	0	1032.60	
1948	11	22	18	0	0	1033.20	
1948	11	22	21	0	0	1034.00	
1948	11	23	0	0	0	1034.20	
1948	11	23	3	0	0	1033.30	
1948	11	23	6	0	0	1032.90	
1948	11	23	9	0	0	1033.70	
1948	11	23	12	0	0	1033.50	
1948	11	23	15	0	0	1032.60	
1948	11	23	18	0	0	1033.20	
1948	11	23	21	0	0	1033.60	
1948	11	24	0	0	0	1033.80	
1948	11	24	3	0	0	1033.50	
1948	11	24	6	0	0	1032.90	
1948	11	24	9	0	0	1034.00	
1948	11	24	12	0	0	1034.40	
1948	11	24	15	0	0	1033.80	
1948	11	24	18	0	0	1033.80	
1948	11	24	21	0	0	1033.70	
1948	11	25	0	0	0	1033.50	
1948	11	25	3	0	0	1033.00	
1948	11	25	6	0	0	1032.00	
1948	11	25	9	0	0	1031.50	
1948	11	25	12	0	0	1030.90	
1948	11	25	15	0	0	1029.20	
1948	11	25	18	0	0	1029.00	
1948	11	25	21	0	0	1021.30	
1948	11	26	0	0	0	1020.30	
1948	11	26	3	0	0	1027.70	
1948	11	26	6	0	0	1027.50	
1948	11	26	9	0	0	1027.80	
1948	11	26	12	0	0	1027.60	
1948	11	26	15	0	0	1026.20	
1948	11	26	18	0	0	1025.60	
1948	11	26	21	0	0	1025.50	
1948	11	27	0	0	0	1025.70	
1948	11	27	3	0	0	1025.60	
1948	11	27	6	0	0	1024.60	
1948	11	27	9	0	0	1024.70	
1948	11	27	12	0	0	1023.90	
1948	11	27	15	0	0	1023.30	
1948	11	27	18	0	0	1023.30	
1948	11	27	21	0	0	1024.00	
1948	11	28	0	0	0	1024.40	
1948	11	28	3	0	0	1024.60	
1948	11	28	6	0	0	1025.00	
1948	11	28	9	0	0	1026.30	
1948	11	28	12	0	0	1027.30	
1948	11	28	15	0	0	1028.00	
1948	11	28	18	0	0	1029.40	
1948	11	28	21	0	0	1030.20	
1948	11	29	0	0	0	1030.60	
1948	11	29	3	0	0	1030.80	
1948	11	29	6	0	0	1030.60	
1948	11	29	9	0	0	1031.40	
1948	11	29	12	0	0	1030.40	
1948	11	29	15	0	0	1029.60	
1948	11	29	18	0	0	1029.60	
1948	11	29	21	0	0	1029.60	
1948	11	30	0	0	0	1030.20	
1948	11	30	3	0	0	1029.20	
1948	11	30	6	0	0	1029.40	
1948	11	30	9	0	0	1030.00	
1948	11	30	12	0	0	1029.20	
1948	11	30	15	0	0	1028.40	
1948	11	30	18	0	0	1028.20	
1948	11	30	21	0	0	1027.80	
1948	12	1	0	0	0	1027.60	
1948	12	1	3	0	0	1026.60	
1948	12	1	6	0	0	1025.80	
1948	12	1	9	0	0	1025.60	
1948	12	1	12	0	0	1024.20	
1948	12	1	15	0	0	1021.70	
1948	12	1	18	0	0	1020.70	
1948	12	1	21	0	0	1018.90	
1948	12	2	0	0	0	1017.10	
1948	12	2	3	0	0	1012.40	
1948	12	2	6	0	0	1011.00	
1948	12	2	9	0	0	1008.90	
1948	12	2	12	0	0	1006.90	
1948	12	2	15	0	0	1004.50	
1948	12	2	18	0	0	1003.30	
1948	12	2	21	0	0	1003.90	
1948	12	3	0	0	0	1003.70	
1948	12	3	3	0	0	1002.90	
1948	12	3	6	0	0	1001.50	
1948	12	3	9	0	0	1002.20	
1948	12	3	12	0	0	1003.60	
1948	12	3	15	0	0	1003.30	
1948	12	3	18	0	0	1004.50	
1948	12	3	21	0	0	1005.10	
1948	12	4	0	0	0	1006.10	
1948	12	4	3	0	0	1007.20	
1948	12	4	6	0	0	1010.80	
1948	12	4	9	0	0	1015.60	
1948	12	4	12	0	0	1020.20	
1948	12	4	15	0	0	1022.20	
1948	12	4	18	0	0	1024.00	
1948	12	4	21	0	0	1025.40	
1948	12	5	0	0	0	1025.20	
1948	12	5	3	0	0	1023.90	
1948	12	5	6	0	0	1022.10	
1948	12	5	9	0	0	1020.70	
1948	12	5	12	0	0	1019.30	
1948	12	5	15	0	0	1016.40	
1948	12	5	18	0	0	1014.20	
1948	12	5	21	0	0	1009.30	
1948	12	6	0	0	0	1008.10	
1948	12	6	3	0	0	1006.00	
1948	12	6	6	0	0	1004.60	
1948	12	6	9	0	0	1004.80	
1948	12	6	12	0	0	1005.40	
1948	12	6	15	0	0	1006.10	
1948	12	6	18	0	0	1006.30	
1948	12	6	21	0	0	1003.60	
1948	12	7	0	0	0	1001.40	
1948	12	7	3	0	0	995.70	
1948	12	7	6	0	0	995.90	
1948	12	7	9	0	0	998.30	
1948	12	7	12	0	0	1002.70	
1948	12	7	15	0	0	1003.80	
1948	12	7	18	0	0	1003.20	
1948	12	7	21	0	0	1001.70	
1948	12	8	0	0	0	998.50	
1948	12	8	3	0	0	1000.00	
1948	12	8	6	0	0	1002.20	
1948	12	8	9	0	0	1005.70	
1948	12	8	12	0	0	1008.30	
1948	12	8	15	0	0	1008.50	
1948	12	8	18	0	0	1008.90	
1948	12	8	21	0	0	1008.70	
1948	12	9	0	0	0	1007.30	
1948	12	9	3	0	0	1003.50	
1948	12	9	6	0	0	998.10	
1948	12	9	9	0	0	995.50	
1948	12	9	12	0	0	992.70	
1948	12	9	15	0	0	995.70	
1948	12	9	18	0	0	1001.10	
1948	12	9	21	0	0	1003.40	
1948	12	10	0	0	0	1004.40	
1948	12	10	3	0	0	1004.80	
1948	12	10	6	0	0	1005.00	
1948	12	10	9	0	0	1005.00	
1948	12	10	12	0	0	1004.00	
1948	12	10	15	0	0	1001.80	
1948	12	10	18	0	0	1000.80	
1948	12	10	21	0	0	1000.60	
1948	12	11	0	0	0	1000.60	
1948	12	11	3	0	0	999.90	
1948	12	11	6	0	0	998.90	
1948	12	11	9	0	0	998.20	
1948	12	11	12	0	0	996.20	
1948	12	11	15	0	0	992.00	
1948	12	11	18	0	0	990.20	
1948	12	11	21	0	0	989.60	
1948	12	12	0	0	0	987.00	
1948	12	12	3	0	0	985.50	
1948	12	12	6	0	0	986.90	
1948	12	12	9	0	0	990.80	
1948	12	12	12	0	0	992.40	
1948	12	12	15	0	0	994.40	
1948	12	12	18	0	0	994.60	
1948	12	12	21	0	0	995.60	
1948	12	13	0	0	0	996.00	
1948	12	13	3	0	0	996.60	
1948	12	13	6	0	0	996.20	
1948	12	13	9	0	0	996.30	
1948	12	13	12	0	0	995.30	
1948	12	13	15	0	0	992.80	
1948	12	13	18	0	0	993.80	
1948	12	13	21	0	0	994.90	
1948	12	14	0	0	0	995.30	
1948	12	14	3	0	0	996.40	
1948	12	14	6	0	0	996.60	
1948	12	14	9	0	0	997.00	
1948	12	14	12	0	0	996.00	
1948	12	14	15	0	0	993.90	
1948	12	14	18	0	0	992.50	
1948	12	14	21	0	0	993.30	
1948	12	15	0	0	0	998.70	
1948	12	15	3	0	0	1002.90	
1948	12	15	6	0	0	1004.70	
1948	12	15	9	0	0	1007.20	
1948	12	15	12	0	0	1010.00	
1948	12	15	15	0	0	1011.20	
1948	12	15	18	0	0	1013.20	
1948	12	15	21	0	0	1016.70	
1948	12	16	0	0	0	1019.30	
1948	12	16	3	0	0	1022.40	
1948	12	16	6	0	0	1023.80	
1948	12	16	9	0	0	1025.90	
1948	12	16	12	0	0	1027.70	
1948	12	16	15	0	0	1027.80	
1948	12	16	18	0	0	1029.00	
1948	12	16	21	0	0	1029.00	
1948	12	17	0	0	0	1029.40	
1948	12	17	3	0	0	1029.30	
1948	12	17	6	0	0	1029.50	
1948	12	17	9	0	0	1031.00	
1948	12	17	12	0	0	1031.80	
1948	12	17	15	0	0	1032.70	
1948	12	17	18	0	0	1033.30	
1948	12	17	21	0	0	1034.90	
1948	12	18	0	0	0	1035.90	
1948	12	18	3	0	0	1036.70	
1948	12	18	6	0	0	1036.90	
1948	12	18	9	0	0	1038.20	
1948	12	18	12	0	0	1038.80	
1948	12	18	15	0	0	1039.10	
1948	12	18	18	0	0	1039.70	
1948	12	18	21	0	0	1040.30	
1948	12	19	0	0	0	1040.90	
1948	12	19	3	0	0	1041.40	
1948	12	19	6	0	0	1041.80	
1948	12	19	9	0	0	1043.10	
1948	12	19	12	0	0	1043.30	
1948	12	19	15	0	0	1042.10	
1948	12	19	18	0	0	1042.50	
1948	12	19	21	0	0	1042.30	
1948	12	20	0	0	0	1041.70	
1948	12	20	3	0	0	1041.00	
1948	12	20	6	0	0	1039.60	
1948	12	20	9	0	0	1039.90	
1948	12	20	12	0	0	1038.90	
1948	12	20	15	0	0	1037.60	
1948	12	20	18	0	0	1037.80	
1948	12	20	21	0	0	1037.90	
1948	12	21	0	0	0	1036.90	
1948	12	21	3	0	0	1037.00	
1948	12	21	6	0	0	1037.20	
1948	12	21	9	0	0	1037.80	
1948	12	21	12	0	0	1038.40	
1948	12	21	15	0	0	1037.10	
1948	12	21	18	0	0	1036.70	
1948	12	21	21	0	0	1036.40	
1948	12	22	0	0	0	1035.00	
1948	12	22	3	0	0	1033.30	
1948	12	22	6	0	0	1033.90	
1948	12	22	9	0	0	1034.40	
1948	12	22	12	0	0	1033.60	
1948	12	22	15	0	0	1031.70	
1948	12	22	18	0	0	1032.10	
1948	12	22	21	0	0	1030.80	
1948	12	23	0	0	0	1031.40	
1948	12	23	3	0	0	1030.30	
1948	12	23	6	0	0	1029.70	
1948	12	23	9	0	0	1030.30	
1948	12	23	12	0	0	1029.90	
1948	12	23	15	0	0	1028.50	
1948	12	23	18	0	0	1028.50	
1948	12	23	21	0	0	1027.90	
1948	12	24	0	0	0	1027.70	
1948	12	24	3	0	0	1027.00	
1948	12	24	6	0	0	1026.80	
1948	12	24	9	0	0	1027.10	
1948	12	24	12	0	0	1027.70	
1948	12	24	15	0	0	1027.00	
1948	12	24	18	0	0	1027.60	
1948	12	24	21	0	0	1028.10	
1948	12	25	0	0	0	1028.70	
1948	12	25	3	0	0	1029.50	
1948	12	25	6	0	0	1030.10	
1948	12	25	9	0	0	1031.10	
1948	12	25	12	0	0	1032.50	
1948	12	25	15	0	0	1032.00	
1948	12	25	18	0	0	1033.00	
1948	12	25	21	0	0	1034.00	
1948	12	26	0	0	0	1034.40	
1948	12	26	3	0	0	1034.10	
1948	12	26	6	0	0	1033.90	
1948	12	26	9	0	0	1033.90	
1948	12	26	12	0	0	1034.30	
1948	12	26	15	0	0	1032.70	
1948	12	26	18	0	0	1031.30	
1948	12	26	21	0	0	1029.40	
1948	12	27	0	0	0	1026.60	
1948	12	27	3	0	0	1024.90	
1948	12	27	6	0	0	1022.70	
1948	12	27	9	0	0	1022.20	
1948	12	27	12	0	0	1021.60	
1948	12	27	15	0	0	1020.10	
1948	12	27	18	0	0	1020.70	
1948	12	27	21	0	0	1020.70	
1948	12	28	0	0	0	1020.10	
1948	12	28	3	0	0	1020.00	
1948	12	28	6	0	0	1019.00	
1948	12	28	9	0	0	1017.20	
1948	12	28	12	0	0	1012.60	
1948	12	28	15	0	0	1006.90	
1948	12	28	18	0	0	1001.10	
1948	12	28	21	0	0	1002.80	
1948	12	29	0	0	0	1003.40	
1948	12	29	3	0	0	1004.40	
1948	12	29	6	0	0	1006.40	
1948	12	29	9	0	0	1009.20	
1948	12	29	12	0	0	1010.20	
1948	12	29	15	0	0	1009.40	
1948	12	29	18	0	0	1009.20	
1948	12	29	21	0	0	1009.50	
1948	12	30	0	0	0	1009.30	
1948	12	30	3	0	0	1006.60	
1948	12	30	6	0	0	999.40	
1948	12	30	9	0	0	996.00	
1948	12	30	12	0	0	993.40	
1948	12	30	15	0	0	990.00	
1948	12	30	18	0	0	988.20	
1948	12	30	21	0	0	987.50	
1948	12	31	0	0	0	986.90	
1948	12	31	3	0	0	986.50	
1948	12	31	6	0	0	986.30	
1948	12	31	9	0	0	987.00	
1948	12	31	12	0	0	986.80	
1948	12	31	15	0	0	985.30	
1948	12	31	18	0	0	982.70	
1948	12	31	21	0	0	977.90	
1949	1	1	0	0	0	972.90	
1949	1	1	9	0	0	958.80	
1949	1	1	12	0	0	958.40	
1949	1	1	15	0	0	954.40	
1949	1	1	18	0	0	953.70	
1949	1	1	21	0	0	957.00	
1949	1	2	0	0	0	960.80	
1949	1	2	3	0	0	963.70	
1949	1	2	6	0	0	968.50	
1949	1	2	9	0	0	974.00	
1949	1	2	12	0	0	980.00	
1949	1	2	15	0	0	984.90	
1949	1	2	18	0	0	988.40	
1949	1	2	21	0	0	991.90	
1949	1	3	0	0	0	994.90	
1949	1	3	3	0	0	997.60	
1949	1	3	6	0	0	997.60	
1949	1	3	9	0	0	998.70	
1949	1	3	12	0	0	999.30	
1949	1	3	15	0	0	1000.20	
1949	1	3	18	0	0	1001.40	
1949	1	3	21	0	0	1002.40	
1949	1	4	0	0	0	1003.00	
1949	1	4	3	0	0	1001.30	
1949	1	4	6	0	0	1002.30	
1949	1	4	9	0	0	1002.00	
1949	1	4	12	0	0	1001.20	
1949	1	4	15	0	0	1000.80	
1949	1	4	18	0	0	1003.40	
1949	1	4	21	0	0	1007.70	
1949	1	5	0	0	0	1012.20	
1949	1	5	3	0	0	1016.30	
1949	1	5	6	0	0	1019.10	
1949	1	5	9	0	0	1022.30	
1949	1	5	12	0	0	1023.20	
1949	1	5	15	0	0	1023.20	
1949	1	5	18	0	0	1023.50	
1949	1	5	21	0	0	1024.20	
1949	1	6	0	0	0	1024.20	
1949	1	6	3	0	0	1024.60	
1949	1	6	6	0	0	1025.10	
1949	1	6	9	0	0	1027.50	
1949	1	6	12	0	0	1027.60	
1949	1	6	15	0	0	1027.90	
1949	1	6	18	0	0	1029.10	
1949	1	6	21	0	0	1028.50	
1949	1	7	0	0	0	1028.10	
1949	1	7	3	0	0	1026.30	
1949	1	7	6	0	0	1023.80	
1949	1	7	9	0	0	1020.80	
1949	1	7	12	0	0	1019.50	
1949	1	7	15	0	0	1015.70	
1949	1	7	18	0	0	1012.40	
1949	1	7	21	0	0	1012.70	
1949	1	8	0	0	0	1011.80	
1949	1	8	3	0	0	1011.80	
1949	1	8	6	0	0	1010.90	
1949	1	8	9	0	0	1015.30	
1949	1	8	12	0	0	1021.20	
1949	1	8	15	0	0	1025.30	
1949	1	8	18	0	0	1027.60	
1949	1	8	21	0	0	1028.30	
1949	1	9	0	0	0	1027.30	
1949	1	9	3	0	0	1026.80	
1949	1	9	6	0	0	1028.00	
1949	1	9	9	0	0	1029.30	
1949	1	9	12	0	0	1030.20	
1949	1	9	15	0	0	1029.30	
1949	1	9	18	0	0	1028.50	
1949	1	9	21	0	0	1027.80	
1949	1	10	0	0	0	1026.00	
1949	1	10	3	0	0	1024.10	
1949	1	10	6	0	0	1022.30	
1949	1	10	9	0	0	1020.10	
1949	1	10	12	0	0	1017.50	
1949	1	10	15	0	0	1014.50	
1949	1	10	18	0	0	1012.20	
1949	1	10	21	0	0	1009.40	
1949	1	11	0	0	0	1007.20	
1949	1	11	3	0	0	1004.90	
1949	1	11	6	0	0	1003.60	
1949	1	11	9	0	0	1003.80	
1949	1	11	12	0	0	999.70	
1949	1	11	15	0	0	1001.80	
1949	1	11	18	0	0	1003.00	
1949	1	11	21	0	0	1005.30	
1949	1	12	0	0	0	1008.20	
1949	1	12	3	0	0	1010.30	
1949	1	12	6	0	0	1014.50	
1949	1	12	9	0	0	1018.50	
1949	1	12	12	0	0	1021.40	
1949	1	12	15	0	0	1023.00	
1949	1	12	18	0	0	1026.00	
1949	1	12	21	0	0	1027.80	
1949	1	13	0	0	0	1027.60	
1949	1	13	3	0	0	1026.90	
1949	1	13	6	0	0	1026.40	
1949	1	13	9	0	0	1026.10	
1949	1	13	12	0	0	1025.40	
1949	1	13	15	0	0	1024.70	
1949	1	13	18	0	0	1024.90	
1949	1	13	21	0	0	1022.90	
1949	1	14	0	0	0	1022.50	
1949	1	14	3	0	0	1021.60	
1949	1	14	6	0	0	1021.30	
1949	1	15	9	0	0	1026.60	
1949	1	15	12	0	0	1024.10	
1949	1	15	15	0	0	1021.00	
1949	1	15	18	0	0	1020.30	
1949	1	15	21	0	0	1019.60	
1949	1	16	0	0	0	1018.00	
1949	1	16	3	0	0	1017.40	
1949	1	16	6	0	0	1017.40	
1949	1	16	9	0	0	1018.80	
1949	1	16	12	0	0	1018.20	
1949	1	16	15	0	0	1018.30	
1949	1	16	18	0	0	1019.50	
1949	1	16	21	0	0	1018.80	
1949	1	17	0	0	0	1017.70	
1949	1	17	3	0	0	1015.90	
1949	1	17	6	0	0	1013.10	
1949	1	17	9	0	0	1011.00	
1949	1	17	12	0	0	1007.00	
1949	1	17	15	0	0	1003.60	
1949	1	17	18	0	0	1009.50	
1949	1	17	21	0	0	1012.00	
1949	1	18	0	0	0	1013.30	
1949	1	18	3	0	0	1014.60	
1949	1	18	6	0	0	1015.00	
1949	1	18	9	0	0	1015.30	
1949	1	18	12	0	0	1012.50	
1949	1	18	15	0	0	1011.10	
1949	1	18	18	0	0	1011.40	
1949	1	18	21	0	0	1011.80	
1949	1	19	0	0	0	1011.10	
1949	1	19	3	0	0	1010.70	
1949	1	19	6	0	0	1009.50	
1949	1	19	9	0	0	1008.20	
1949	1	19	12	0	0	1006.30	
1949	1	19	15	0	0	1003.30	
1949	1	19	18	0	0	1000.50	
1949	1	19	21	0	0	1007.10	
1949	1	20	0	0	0	1009.20	
1949	1	20	3	0	0	1011.10	
1949	1	20	6	0	0	1009.40	
1949	1	20	9	0	0	1010.30	
1949	1	20	12	0	0	1009.40	
1949	1	20	15	0	0	1007.00	
1949	1	20	18	0	0	1006.50	
1949	1	20	21	0	0	1008.40	
1949	1	21	0	0	0	1008.70	
1949	1	21	3	0	0	1011.00	
1949	1	21	6	0	0	1012.60	
1949	1	21	9	0	0	1015.00	
1949	1	21	12	0	0	1016.70	
1949	1	21	15	0	0	1017.30	
1949	1	21	18	0	0	1018.70	
1949	1	21	21	0	0	1020.50	
1949	1	22	0	0	0	1023.30	
1949	1	22	3	0	0	1025.10	
1949	1	22	6	0	0	1026.10	
1949	1	22	9	0	0	1026.60	
1949	1	22	12	0	0	1026.40	
1949	1	22	15	0	0	1024.10	
1949	1	22	18	0	0	1022.70	
1949	1	22	21	0	0	1022.20	
1949	1	23	0	0	0	1021.50	
1949	1	23	3	0	0	1020.30	
1949	1	23	6	0	0	1019.10	
1949	1	23	9	0	0	1019.00	
1949	1	23	12	0	0	1019.00	
1949	1	23	15	0	0	1017.60	
1949	1	23	18	0	0	1017.00	
1949	1	23	21	0	0	1017.20	
1949	1	24	0	0	0	1017.50	
1949	1	24	3	0	0	1020.40	
1949	1	24	6	0	0	1023.20	
1949	1	24	9	0	0	1026.80	
1949	1	24	12	0	0	1029.40	
1949	1	24	15	0	0	1029.90	
1949	1	24	18	0	0	1032.30	
1949	1	24	21	0	0	1034.30	
1949	1	25	0	0	0	1034.70	
1949	1	25	3	0	0	1034.70	
1949	1	25	6	0	0	1032.70	
1949	1	25	9	0	0	1032.50	
1949	1	25	12	0	0	1030.90	
1949	1	25	15	0	0	1028.60	
1949	1	25	18	0	0	1027.90	
1949	1	25	21	0	0	1027.30	
1949	1	26	0	0	0	1026.20	
1949	1	26	3	0	0	1026.50	
1949	1	26	6	0	0	1025.80	
1949	1	26	9	0	0	1027.10	
1949	1	26	12	0	0	1027.10	
1949	1	26	15	0	0	1026.10	
1949	1	26	18	0	0	1026.60	
1949	1	26	21	0	0	1027.00	
1949	1	27	0	0	0	1027.00	
1949	1	27	3	0	0	1026.60	
1949	1	27	6	0	0	1026.90	
1949	1	27	9	0	0	1027.80	
1949	1	27	12	0	0	1028.30	
1949	1	27	15	0	0	1027.10	
1949	1	27	18	0	0	1027.70	
1949	1	27	21	0	0	1028.80	
1949	1	28	0	0	0	1028.90	
1949	1	28	3	0	0	1029.60	
1949	1	28	6	0	0	1030.40	
1949	1	28	9	0	0	1031.80	
1949	1	28	12	0	0	1033.00	
1949	1	28	15	0	0	1032.50	
1949	1	28	18	0	0	1033.80	
1949	1	28	21	0	0	1034.70	
1949	1	29	0	0	0	1035.30	
1949	1	29	3	0	0	1035.00	
1949	1	29	6	0	0	1035.40	
1949	1	29	9	0	0	1035.70	
1949	1	29	12	0	0	1035.50	
1949	1	29	15	0	0	1034.50	
1949	1	29	18	0	0	1035.90	
1949	1	29	21	0	0	1039.50	
1949	1	30	0	0	0	1042.80	
1949	1	30	3	0	0	1043.20	
1949	1	30	6	0	0	1043.70	
1949	1	30	9	0	0	1044.00	
1949	1	30	12	0	0	1044.40	
1949	1	30	15	0	0	1044.10	
1949	1	30	18	0	0	1042.00	
1949	1	30	21	0	0	1041.40	
1949	1	31	0	0	0	1040.50	
1949	1	31	3	0	0	1038.00	
1949	1	31	6	0	0	1034.80	
1949	1	31	9	0	0	1034.60	
1949	1	31	12	0	0	1033.90	
1949	1	31	15	0	0	1035.40	
1949	1	31	18	0	0	1036.30	
1949	1	31	21	0	0	1037.40	
1949	2	1	0	0	0	1037.90	
1949	2	1	3	0	0	1037.80	
1949	2	1	6	0	0	1038.50	
1949	2	1	9	0	0	1039.70	
1949	2	1	12	0	0	1040.00	
1949	2	1	15	0	0	1039.90	
1949	2	1	18	0	0	1040.70	
1949	2	1	21	0	0	1042.00	
1949	2	2	0	0	0	1042.80	
1949	2	2	3	0	0	1042.60	
1949	2	2	6	0	0	1043.10	
1949	2	2	9	0	0	1043.10	
1949	2	2	12	0	0	1043.10	
1949	2	2	15	0	0	1041.80	
1949	2	2	18	0	0	1041.90	
1949	2	2	21	0	0	1042.00	
1949	2	3	0	0	0	1041.60	
1949	2	3	3	0	0	1040.70	
1949	2	3	6	0	0	1040.50	
1949	2	3	9	0	0	1040.20	
1949	2	3	12	0	0	1040.20	
1949	2	3	15	0	0	1039.10	
1949	2	3	18	0	0	1038.80	
1949	2	3	21	0	0	1039.00	
1949	2	4	0	0	0	1038.90	
1949	2	4	3	0	0	1038.30	
1949	2	4	6	0	0	1037.90	
1949	2	4	9	0	0	1038.80	
1949	2	4	12	0	0	1038.40	
1949	2	4	15	0	0	1035.70	
1949	2	4	18	0	0	1036.00	
1949	2	4	21	0	0	1035.40	
1949	2	5	0	0	0	1034.70	
1949	2	5	3	0	0	1033.70	
1949	2	5	6	0	0	1033.20	
1949	2	5	9	0	0	1033.70	
1949	2	5	12	0	0	1033.40	
1949	2	5	15	0	0	1031.50	
1949	2	5	18	0	0	1031.60	
1949	2	5	21	0	0	1032.20	
1949	2	6	0	0	0	1031.50	
1949	2	6	3	0	0	1031.00	
1949	2	6	6	0	0	1030.30	
1949	2	6	9	0	0	1030.00	
1949	2	6	12	0	0	1029.50	
1949	2	6	15	0	0	1027.00	
1949	2	6	18	0	0	1026.30	
1949	2	6	21	0	0	1025.70	
1949	2	7	0	0	0	1024.40	
1949	2	7	3	0	0	1023.10	
1949	2	7	6	0	0	1021.70	
1949	2	7	9	0	0	1021.20	
1949	2	7	12	0	0	1018.80	
1949	2	7	15	0	0	1014.30	
1949	2	7	18	0	0	1011.40	
1949	2	7	21	0	0	1010.10	
1949	2	8	0	0	0	1010.50	
1949	2	8	3	0	0	1010.40	
1949	2	8	6	0	0	1009.80	
1949	2	8	9	0	0	1010.80	
1949	2	8	12	0	0	1012.80	
1949	2	8	15	0	0	1013.30	
1949	2	8	18	0	0	1015.00	
1949	2	8	21	0	0	1016.40	
1949	2	9	0	0	0	1015.40	
1949	2	9	3	0	0	1010.80	
1949	2	9	6	0	0	1004.30	
1949	2	9	9	0	0	995.10	
1949	2	9	12	0	0	992.50	
1949	2	9	15	0	0	998.60	
1949	2	9	18	0	0	1002.60	
1949	2	9	21	0	0	1005.10	
1949	2	10	0	0	0	1007.90	
1949	2	10	3	0	0	1012.10	
1949	2	10	6	0	0	1015.70	
1949	2	10	9	0	0	1018.20	
1949	2	10	12	0	0	1021.20	
1949	2	10	15	0	0	1021.50	
1949	2	10	18	0	0	1021.80	
1949	2	10	21	0	0	1023.30	
1949	2	11	0	0	0	1023.30	
1949	2	11	3	0	0	1021.40	
1949	2	11	6	0	0	1020.70	
1949	2	11	9	0	0	1021.40	
1949	2	11	12	0	0	1022.10	
1949	2	11	15	0	0	1022.00	
1949	2	11	18	0	0	1022.20	
1949	2	11	21	0	0	1021.80	
1949	2	12	0	0	0	1019.80	
1949	2	12	3	0	0	1015.70	
1949	2	12	6	0	0	1011.30	
1949	2	12	9	0	0	1007.80	
1949	2	12	12	0	0	1009.00	
1949	2	12	15	0	0	1010.60	
1949	2	12	18	0	0	1014.50	
1949	2	12	21	0	0	1017.30	
1949	2	13	0	0	0	1019.50	
1949	2	13	3	0	0	1020.90	
1949	2	13	6	0	0	1021.30	
1949	2	13	9	0	0	1020.90	
1949	2	13	12	0	0	1020.20	
1949	2	13	15	0	0	1019.40	
1949	2	13	18	0	0	1020.00	
1949	2	13	21	0	0	1019.50	
1949	2	14	0	0	0	1020.30	
1949	2	14	3	0	0	1020.00	
1949	2	14	6	0	0	1019.40	
1949	2	14	9	0	0	1019.80	
1949	2	14	12	0	0	1019.10	
1949	2	14	15	0	0	1019.50	
1949	2	14	18	0	0	1018.90	
1949	2	14	21	0	0	1019.00	
1949	2	15	0	0	0	1020.30	
1949	2	15	3	0	0	1020.80	
1949	2	15	6	0	0	1021.50	
1949	2	15	9	0	0	1022.40	
1949	2	15	12	0	0	1022.90	
1949	2	15	15	0	0	1022.20	
1949	2	15	18	0	0	1022.40	
1949	2	15	21	0	0	1023.60	
1949	2	16	0	0	0	1024.80	
1949	2	16	3	0	0	1024.70	
1949	2	16	6	0	0	1024.60	
1949	2	16	9	0	0	1024.40	
1949	2	16	12	0	0	1023.90	
1949	2	16	15	0	0	1022.40	
1949	2	16	18	0	0	1021.20	
1949	2	16	21	0	0	1021.20	
1949	2	17	0	0	0	1021.00	
1949	2	17	3	0	0	1020.60	
1949	2	17	6	0	0	1020.20	
1949	2	17	9	0	0	1021.40	
1949	2	17	12	0	0	1022.70	
1949	2	17	15	0	0	1021.90	
1949	2	17	18	0	0	1021.90	
1949	2	17	21	0	0	1021.80	
1949	2	18	0	0	0	1021.20	
1949	2	18	3	0	0	1019.50	
1949	2	18	6	0	0	1018.40	
1949	2	18	9	0	0	1017.20	
1949	2	18	12	0	0	1014.10	
1949	2	18	15	0	0	1011.50	
1949	2	18	18	0	0	1009.20	
1949	2	18	21	0	0	1011.90	
1949	2	19	0	0	0	1013.10	
1949	2	19	3	0	0	1016.80	
1949	2	19	6	0	0	1020.00	
1949	2	19	9	0	0	1022.50	
1949	2	19	12	0	0	1023.00	
1949	2	19	15	0	0	1022.20	
1949	2	19	18	0	0	1022.30	
1949	2	19	21	0	0	1020.40	
1949	2	20	0	0	0	1021.20	
1949	2	20	3	0	0	1019.80	
1949	2	20	6	0	0	1019.10	
1949	2	20	9	0	0	1018.70	
1949	2	20	12	0	0	1018.10	
1949	2	20	15	0	0	1017.60	
1949	2	20	18	0	0	1018.60	
1949	2	20	21	0	0	1019.80	
1949	2	21	0	0	0	1019.80	
1949	2	21	3	0	0	1020.00	
1949	2	21	6	0	0	1019.50	
1949	2	21	9	0	0	1018.80	
1949	2	21	12	0	0	1017.80	
1949	2	21	15	0	0	1015.40	
1949	2	21	18	0	0	1013.60	
1949	2	21	21	0	0	1016.40	
1949	2	22	0	0	0	1019.20	
1949	2	22	3	0	0	1021.10	
1949	2	22	6	0	0	1022.10	
1949	2	22	9	0	0	1023.40	
1949	2	22	12	0	0	1021.00	
1949	2	22	15	0	0	1018.30	
1949	2	22	18	0	0	1016.70	
1949	2	22	21	0	0	1013.30	
1949	2	23	0	0	0	1013.40	
1949	2	23	3	0	0	1015.00	
1949	2	23	6	0	0	1016.20	
1949	2	23	9	0	0	1020.30	
1949	2	23	12	0	0	1022.90	
1949	2	23	15	0	0	1024.20	
1949	2	23	18	0	0	1026.00	
1949	2	23	21	0	0	1026.60	
1949	2	24	0	0	0	1026.70	
1949	2	24	3	0	0	1025.90	
1949	2	24	6	0	0	1026.00	
1949	2	24	9	0	0	1028.50	
1949	2	24	12	0	0	1028.50	
1949	2	24	15	0	0	1029.00	
1949	2	24	18	0	0	1029.90	
1949	2	24	21	0	0	1031.40	
1949	2	25	0	0	0	1031.70	
1949	2	25	3	0	0	1032.10	
1949	2	25	6	0	0	1032.40	
1949	2	25	9	0	0	1033.70	
1949	2	25	12	0	0	1033.80	
1949	2	25	15	0	0	1032.50	
1949	2	25	18	0	0	1031.00	
1949	2	25	21	0	0	1028.80	
1949	2	26	0	0	0	1025.50	
1949	2	26	3	0	0	1022.10	
1949	2	26	6	0	0	1019.90	
1949	2	26	9	0	0	1016.80	
1949	2	26	12	0	0	1014.90	
1949	2	26	15	0	0	1014.50	
1949	2	26	18	0	0	1014.70	
1949	2	26	21	0	0	1012.90	
1949	2	27	0	0	0	1010.50	
1949	2	27	3	0	0	1010.00	
1949	2	27	6	0	0	1010.00	
1949	2	27	9	0	0	1009.90	
1949	2	27	12	0	0	1011.40	
1949	2	27	15	0	0	1015.50	
1949	2	27	18	0	0	1019.30	
1949	2	27	21	0	0	1022.70	
1949	2	28	0	0	0	1025.80	
1949	2	28	3	0	0	1026.70	
1949	2	28	6	0	0	1027.50	
1949	2	28	9	0	0	1027.50	
1949	2	28	12	0	0	1023.80	
1949	2	28	15	0	0	1018.00	
1949	2	28	18	0	0	1013.80	
1949	2	28	21	0	0	1008.70	
1949	3	1	0	0	0	1003.80	
1949	3	1	3	0	0	1006.10	
1949	3	1	6	0	0	1014.60	
1949	3	1	9	0	0	1020.20	
1949	3	1	12	0	0	1023.70	
1949	3	1	15	0	0	1025.50	
1949	3	1	18	0	0	1028.50	
1949	3	1	21	0	0	1030.90	
1949	3	2	0	0	0	1032.40	
1949	3	2	3	0	0	1033.20	
1949	3	2	6	0	0	1034.80	
1949	3	2	9	0	0	1036.80	
1949	3	2	12	0	0	1037.70	
1949	3	2	15	0	0	1037.80	
1949	3	2	18	0	0	1038.50	
1949	3	2	21	0	0	1038.40	
1949	3	3	0	0	0	1037.70	
1949	3	3	3	0	0	1036.00	
1949	3	3	6	0	0	1034.70	
1949	3	3	9	0	0	1033.60	
1949	3	3	12	0	0	1033.70	
1949	3	3	15	0	0	1032.00	
1949	3	3	18	0	0	1031.40	
1949	3	3	21	0	0	1030.70	
1949	3	4	0	0	0	1028.70	
1949	3	4	3	0	0	1025.50	
1949	3	4	6	0	0	1022.70	
1949	3	4	9	0	0	1020.10	
1949	3	4	12	0	0	1020.20	
1949	3	4	15	0	0	1022.60	
1949	3	4	18	0	0	1023.90	
1949	3	4	21	0	0	1025.20	
1949	3	5	0	0	0	1026.10	
1949	3	5	3	0	0	1026.20	
1949	3	5	6	0	0	1025.60	
1949	3	5	9	0	0	1024.80	
1949	3	5	12	0	0	1023.10	
1949	3	5	15	0	0	1021.50	
1949	3	5	18	0	0	1019.50	
1949	3	5	21	0	0	1018.40	
1949	3	6	0	0	0	1017.80	
1949	3	6	3	0	0	1017.50	
1949	3	6	6	0	0	1017.80	
1949	3	6	9	0	0	1018.60	
1949	3	6	12	0	0	1018.80	
1949	3	6	15	0	0	1017.20	
1949	3	6	18	0	0	1017.10	
1949	3	6	21	0	0	1016.40	
1949	3	7	0	0	0	1015.10	
1949	3	7	3	0	0	1014.00	
1949	3	7	6	0	0	1012.80	
1949	3	7	9	0	0	1012.20	
1949	3	7	12	0	0	1011.50	
1949	3	7	15	0	0	1010.20	
1949	3	7	18	0	0	1010.50	
1949	3	7	21	0	0	1011.70	
1949	3	8	0	0	0	1012.70	
1949	3	8	3	0	0	1013.40	
1949	3	8	6	0	0	1014.50	
1949	3	8	9	0	0	1016.80	
1949	3	8	12	0	0	1018.10	
1949	3	8	15	0	0	1017.70	
1949	3	8	18	0	0	1019.00	
1949	3	8	21	0	0	1019.90	
1949	3	9	0	0	0	1019.70	
1949	3	9	3	0	0	1019.20	
1949	3	9	6	0	0	1018.90	
1949	3	9	9	0	0	1018.40	
1949	3	9	12	0	0	1018.80	
1949	3	9	15	0	0	1018.50	
1949	3	9	18	0	0	1019.60	
1949	3	9	21	0	0	1020.80	
1949	3	10	0	0	0	1021.00	
1949	3	10	3	0	0	1021.00	
1949	3	10	6	0	0	1021.20	
1949	3	10	9	0	0	1021.10	
1949	3	10	12	0	0	1020.60	
1949	3	10	15	0	0	1020.50	
1949	3	10	18	0	0	1020.70	
1949	3	10	21	0	0	1020.50	
1949	3	11	0	0	0	1020.20	
1949	3	11	3	0	0	1019.90	
1949	3	11	6	0	0	1019.20	
1949	3	11	9	0	0	1019.60	
1949	3	11	12	0	0	1018.90	
1949	3	11	15	0	0	1016.00	
1949	3	11	18	0	0	1014.10	
1949	3	11	21	0	0	1012.50	
1949	3	12	0	0	0	1009.80	
1949	3	12	3	0	0	1007.00	
1949	3	12	6	0	0	1005.00	
1949	3	12	9	0	0	1004.40	
1949	3	12	12	0	0	1004.00	
1949	3	12	15	0	0	1003.90	
1949	3	12	18	0	0	1004.40	
1949	3	12	21	0	0	1004.30	
1949	3	13	0	0	0	1003.30	
1949	3	13	3	0	0	1001.00	
1949	3	13	6	0	0	1000.10	
1949	3	13	9	0	0	999.40	
1949	3	13	12	0	0	998.20	
1949	3	13	15	0	0	996.10	
1949	3	13	18	0	0	998.50	
1949	3	13	21	0	0	1002.20	
1949	3	14	0	0	0	1006.00	
1949	3	14	3	0	0	1008.20	
1949	3	14	6	0	0	1009.90	
1949	3	14	9	0	0	1010.40	
1949	3	14	12	0	0	1010.90	
1949	3	14	15	0	0	1010.50	
1949	3	14	18	0	0	1013.30	
1949	3	14	21	0	0	1016.20	
1949	3	15	0	0	0	1019.60	
1949	3	15	3	0	0	1022.00	
1949	3	15	6	0	0	1025.40	
1949	3	15	9	0	0	1028.30	
1949	3	15	12	0	0	1028.00	
1949	3	15	15	0	0	1026.00	
1949	3	15	18	0	0	1025.30	
1949	3	15	21	0	0	1020.70	
1949	3	16	0	0	0	1016.40	
1949	3	16	3	0	0	1015.00	
1949	3	16	6	0	0	1012.60	
1949	3	16	9	0	0	1012.10	
1949	3	16	12	0	0	1012.00	
1949	3	16	15	0	0	1013.10	
1949	3	16	18	0	0	1016.10	
1949	3	16	21	0	0	1018.90	
1949	3	17	0	0	0	1019.40	
1949	3	17	3	0	0	1018.40	
1949	3	17	6	0	0	1016.00	
1949	3	17	9	0	0	1013.90	
1949	3	17	12	0	0	1009.60	
1949	3	17	15	0	0	1006.10	
1949	3	17	18	0	0	1006.70	
1949	3	17	21	0	0	1006.00	
1949	3	18	0	0	0	1010.00	
1949	3	18	3	0	0	1012.60	
1949	3	18	6	0	0	1014.30	
1949	3	18	9	0	0	1015.90	
1949	3	18	12	0	0	1017.70	
1949	3	18	15	0	0	1019.20	
1949	3	18	18	0	0	1021.90	
1949	3	18	21	0	0	1024.30	
1949	3	19	0	0	0	1025.30	
1949	3	19	3	0	0	1026.70	
1949	3	19	6	0	0	1027.70	
1949	3	19	9	0	0	1028.70	
1949	3	19	12	0	0	1029.40	
1949	3	19	15	0	0	1029.60	
1949	3	19	18	0	0	1029.30	
1949	3	19	21	0	0	1029.80	
1949	3	20	0	0	0	1029.00	
1949	3	20	3	0	0	1027.50	
1949	3	20	6	0	0	1025.90	
1949	3	20	9	0	0	1025.00	
1949	3	20	12	0	0	1022.80	
1949	3	20	15	0	0	1021.10	
1949	3	20	18	0	0	1018.70	
1949	3	20	21	0	0	1018.00	
1949	3	21	0	0	0	1018.30	
1949	3	21	3	0	0	1019.10	
1949	3	21	6	0	0	1020.20	
1949	3	21	9	0	0	1021.30	
1949	3	21	12	0	0	1022.10	
1949	3	21	15	0	0	1021.70	
1949	3	21	18	0	0	1022.00	
1949	3	21	21	0	0	1023.40	
1949	3	22	0	0	0	1023.50	
1949	3	22	3	0	0	1024.50	
1949	3	22	6	0	0	1026.40	
1949	3	22	9	0	0	1028.00	
1949	3	22	12	0	0	1030.10	
1949	3	22	15	0	0	1030.30	
1949	3	22	18	0	0	1031.60	
1949	3	22	21	0	0	1033.50	
1949	3	23	0	0	0	1034.20	
1949	3	23	3	0	0	1034.20	
1949	3	23	6	0	0	1034.30	
1949	3	23	9	0	0	1035.20	
1949	3	23	12	0	0	1034.50	
1949	3	23	15	0	0	1034.40	
1949	3	23	18	0	0	1033.60	
1949	3	23	21	0	0	1033.90	
1949	3	24	0	0	0	1033.90	
1949	3	24	3	0	0	1033.00	
1949	3	24	6	0	0	1033.00	
1949	3	24	9	0	0	1032.80	
1949	3	24	12	0	0	1031.70	
1949	3	24	15	0	0	1028.60	
1949	3	24	18	0	0	1028.20	
1949	3	24	21	0	0	1028.70	
1949	3	25	0	0	0	1027.30	
1949	3	25	3	0	0	1024.90	
1949	3	25	6	0	0	1024.00	
1949	3	25	9	0	0	1023.20	
1949	3	25	12	0	0	1021.30	
1949	3	25	15	0	0	1020.30	
1949	3	25	18	0	0	1019.20	
1949	3	25	21	0	0	1020.70	
1949	3	26	0	0	0	1021.20	
1949	3	26	3	0	0	1021.80	
1949	3	26	6	0	0	1022.50	
1949	3	26	9	0	0	1024.20	
1949	3	26	12	0	0	1025.20	
1949	3	26	15	0	0	1026.60	
1949	3	26	18	0	0	1026.70	
1949	3	26	21	0	0	1028.30	
1949	3	27	0	0	0	1028.90	
1949	3	27	3	0	0	1027.90	
1949	3	27	6	0	0	1029.30	
1949	3	27	9	0	0	1030.10	
1949	3	27	12	0	0	1030.40	
1949	3	27	15	0	0	1029.80	
1949	3	27	18	0	0	1029.60	
1949	3	27	21	0	0	1030.80	
1949	3	28	0	0	0	1030.20	
1949	3	28	3	0	0	1028.80	
1949	3	28	6	0	0	1028.20	
1949	3	28	9	0	0	1028.50	
1949	3	28	12	0	0	1027.90	
1949	3	28	15	0	0	1026.90	
1949	3	28	18	0	0	1026.90	
1949	3	28	21	0	0	1027.30	
1949	3	29	0	0	0	1027.20	
1949	3	29	3	0	0	1026.90	
1949	3	29	6	0	0	1026.40	
1949	3	29	9	0	0	1027.00	
1949	3	29	12	0	0	1027.20	
1949	3	29	15	0	0	1026.40	
1949	3	29	18	0	0	1026.10	
1949	3	29	21	0	0	1026.60	
1949	3	30	0	0	0	1026.40	
1949	3	30	3	0	0	1025.50	
1949	3	30	6	0	0	1025.30	
1949	3	30	9	0	0	1025.10	
1949	3	30	12	0	0	1024.20	
1949	3	30	15	0	0	1023.30	
1949	3	30	18	0	0	1022.60	
1949	3	30	21	0	0	1025.70	
1949	3	31	0	0	0	1024.80	
1949	3	31	3	0	0	1021.10	
1949	3	31	6	0	0	1020.50	
1949	3	31	9	0	0	1020.50	
1949	3	31	12	0	0	1019.70	
1949	3	31	15	0	0	1018.20	
1949	3	31	18	0	0	1017.60	
1949	3	31	21	0	0	1018.20	
1949	4	1	0	0	0	1019.00	
1949	4	1	3	0	0	1018.40	
1949	4	1	6	0	0	1018.40	
1949	4	1	9	0	0	1018.20	
1949	4	1	12	0	0	1017.60	
1949	4	1	15	0	0	1016.70	
1949	4	1	18	0	0	1016.70	
1949	4	1	21	0	0	1016.60	
1949	4	2	0	0	0	1016.40	
1949	4	2	3	0	0	1015.10	
1949	4	2	6	0	0	1013.40	
1949	4	2	9	0	0	1012.90	
1949	4	2	12	0	0	1011.30	
1949	4	2	15	0	0	1008.90	
1949	4	2	18	0	0	1007.50	
1949	4	2	21	0	0	1007.20	
1949	4	3	0	0	0	1007.60	
1949	4	3	3	0	0	1007.70	
1949	4	3	6	0	0	1006.10	
1949	4	3	9	0	0	1004.30	
1949	4	3	12	0	0	1003.40	
1949	4	3	15	0	0	1011.10	
1949	4	3	18	0	0	1009.80	
1949	4	3	21	0	0	996.50	
1949	4	4	0	0	0	992.90	
1949	4	4	3	0	0	990.50	
1949	4	4	6	0	0	985.80	
1949	4	4	9	0	0	989.60	
1949	4	4	12	0	0	993.70	
1949	4	4	15	0	0	996.40	
1949	4	4	18	0	0	996.90	
1949	4	4	21	0	0	999.80	
1949	4	5	0	0	0	1003.70	
1949	4	5	3	0	0	1006.50	
1949	4	5	6	0	0	1009.20	
1949	4	5	9	0	0	1011.00	
1949	4	5	12	0	0	1010.00	
1949	4	5	15	0	0	1007.50	
1949	4	5	18	0	0	1004.20	
1949	4	5	21	0	0	1000.40	
1949	4	6	0	0	0	996.80	
1949	4	6	9	0	0	997.30	
1949	4	6	12	0	0	997.50	
1949	4	6	15	0	0	996.40	
1949	4	6	18	0	0	994.90	
1949	4	6	21	0	0	993.30	
1949	4	7	0	0	0	991.60	
1949	4	7	3	0	0	991.00	
1949	4	7	6	0	0	991.90	
1949	4	7	9	0	0	993.70	
1949	4	7	12	0	0	995.00	
1949	4	7	15	0	0	997.60	
1949	4	7	18	0	0	1000.30	
1949	4	7	21	0	0	1004.10	
1949	4	8	0	0	0	1007.80	
1949	4	8	3	0	0	1011.50	
1949	4	8	6	0	0	1015.30	
1949	4	8	9	0	0	1017.90	
1949	4	8	12	0	0	1019.30	
1949	4	8	15	0	0	1020.50	
1949	4	8	18	0	0	1021.60	
1949	4	8	21	0	0	1023.30	
1949	4	9	0	0	0	1023.70	
1949	4	9	3	0	0	1024.30	
1949	4	9	6	0	0	1025.10	
1949	4	9	9	0	0	1026.30	
1949	4	9	12	0	0	1026.80	
1949	4	9	15	0	0	1027.10	
1949	4	9	18	0	0	1026.80	
1949	4	9	21	0	0	1027.10	
1949	4	10	0	0	0	1026.40	
1949	4	10	3	0	0	1024.90	
1949	4	10	6	0	0	1023.20	
1949	4	10	9	0	0	1020.60	
1949	4	10	12	0	0	1018.90	
1949	4	10	15	0	0	1016.90	
1949	4	10	18	0	0	1015.10	
1949	4	10	21	0	0	1014.30	
1949	4	11	0	0	0	1012.40	
1949	4	11	3	0	0	1010.40	
1949	4	11	6	0	0	1007.90	
1949	4	11	9	0	0	1006.60	
1949	4	11	12	0	0	1005.30	
1949	4	11	15	0	0	1004.70	
1949	4	11	18	0	0	1003.20	
1949	4	11	21	0	0	1002.50	
1949	4	12	0	0	0	1002.70	
1949	4	12	3	0	0	1002.50	
1949	4	12	6	0	0	1002.70	
1949	4	12	9	0	0	1002.10	
1949	4	12	12	0	0	1002.80	
1949	4	12	15	0	0	1003.70	
1949	4	12	18	0	0	1005.80	
1949	4	12	21	0	0	1007.00	
1949	4	13	0	0	0	1008.20	
1949	4	13	3	0	0	1008.80	
1949	4	13	6	0	0	1009.80	
1949	4	13	9	0	0	1010.30	
1949	4	13	12	0	0	1011.00	
1949	4	13	15	0	0	1011.70	
1949	4	13	18	0	0	1012.90	
1949	4	13	21	0	0	1014.70	
1949	4	14	0	0	0	1015.30	
1949	4	14	3	0	0	1016.50	
1949	4	14	6	0	0	1019.00	
1949	4	14	9	0	0	1021.20	
1949	4	14	12	0	0	1020.40	
1949	4	14	15	0	0	1018.80	
1949	4	14	18	0	0	1019.10	
1949	4	14	21	0	0	1020.10	
1949	4	15	0	0	0	1020.00	
1949	4	15	3	0	0	1018.50	
1949	4	15	6	0	0	1019.70	
1949	4	15	9	0	0	1019.90	
1949	4	15	12	0	0	1018.10	
1949	4	15	15	0	0	1016.90	
1949	4	15	18	0	0	1016.90	
1949	4	15	21	0	0	1017.20	
1949	4	16	0	0	0	1017.70	
1949	4	16	3	0	0	1015.90	
1949	4	16	6	0	0	1015.00	
1949	4	16	9	0	0	1014.70	
1949	4	16	12	0	0	1014.10	
1949	4	16	15	0	0	1013.70	
1949	4	16	18	0	0	1015.30	
1949	4	16	21	0	0	1016.90	
1949	4	17	0	0	0	1018.20	
1949	4	17	3	0	0	1018.60	
1949	4	17	6	0	0	1020.30	
1949	4	17	9	0	0	1020.60	
1949	4	17	12	0	0	1020.40	
1949	4	17	15	0	0	1019.40	
1949	4	17	18	0	0	1019.00	
1949	4	17	21	0	0	1019.40	
1949	4	18	0	0	0	1019.50	
1949	4	18	3	0	0	1018.60	
1949	4	18	6	0	0	1018.40	
1949	4	18	9	0	0	1019.10	
1949	4	18	12	0	0	1020.00	
1949	4	18	15	0	0	1021.40	
1949	4	18	18	0	0	1023.00	
1949	4	18	21	0	0	1024.30	
1949	4	19	0	0	0	1024.10	
1949	4	19	3	0	0	1022.10	
1949	4	19	6	0	0	1020.60	
1949	4	19	9	0	0	1019.30	
1949	4	19	12	0	0	1018.40	
1949	4	19	15	0	0	1017.00	
1949	4	19	18	0	0	1016.40	
1949	4	19	21	0	0	1018.20	
1949	4	20	0	0	0	1020.00	
1949	4	20	3	0	0	1022.10	
1949	4	20	6	0	0	1023.30	
1949	4	20	9	0	0	1023.40	
1949	4	20	12	0	0	1022.30	
1949	4	20	15	0	0	1018.90	
1949	4	20	18	0	0	1016.90	
1949	4	20	21	0	0	1015.00	
1949	4	21	0	0	0	1011.50	
1949	4	21	3	0	0	1008.70	
1949	4	21	6	0	0	1006.20	
1949	4	21	9	0	0	1003.90	
1949	4	21	12	0	0	1001.20	
1949	4	21	15	0	0	1002.10	
1949	4	21	18	0	0	1005.80	
1949	4	21	21	0	0	1010.10	
1949	4	22	0	0	0	1011.00	
1949	4	22	3	0	0	1011.80	
1949	4	22	6	0	0	1014.10	
1949	4	22	9	0	0	1016.60	
1949	4	22	12	0	0	1018.70	
1949	4	22	15	0	0	1019.50	
1949	4	22	18	0	0	1019.70	
1949	4	22	21	0	0	1019.80	
1949	4	23	0	0	0	1019.20	
1949	4	23	3	0	0	1018.60	
1949	4	23	6	0	0	1018.50	
1949	4	23	9	0	0	1019.00	
1949	4	23	12	0	0	1018.70	
1949	4	23	15	0	0	1017.20	
1949	4	23	18	0	0	1017.40	
1949	4	23	21	0	0	1015.80	
1949	4	24	0	0	0	1016.10	
1949	4	24	3	0	0	1014.90	
1949	4	24	6	0	0	1013.70	
1949	4	24	9	0	0	1011.90	
1949	4	24	12	0	0	1009.30	
1949	4	24	15	0	0	1007.30	
1949	4	24	18	0	0	1006.70	
1949	4	24	21	0	0	1005.30	
1949	4	25	0	0	0	1004.30	
1949	4	25	3	0	0	1002.50	
1949	4	25	6	0	0	1002.20	
1949	4	25	9	0	0	1003.60	
1949	4	25	12	0	0	1003.90	
1949	4	25	15	0	0	1005.10	
1949	4	25	18	0	0	1006.80	
1949	4	25	21	0	0	1009.60	
1949	4	26	0	0	0	1012.30	
1949	4	26	3	0	0	1015.60	
1949	4	26	6	0	0	1018.50	
1949	4	26	9	0	0	1021.00	
1949	4	26	12	0	0	1020.40	
1949	4	26	15	0	0	1020.30	
1949	4	26	18	0	0	1021.20	
1949	4	26	21	0	0	1021.90	
1949	4	27	0	0	0	1020.90	
1949	4	27	3	0	0	1019.50	
1949	4	27	6	0	0	1019.60	
1949	4	27	9	0	0	1019.70	
1949	4	27	12	0	0	1018.60	
1949	4	27	15	0	0	1018.00	
1949	4	27	18	0	0	1017.80	
1949	4	27	21	0	0	1017.70	
1949	4	28	0	0	0	1017.80	
1949	4	28	3	0	0	1017.50	
1949	4	28	6	0	0	1017.70	
1949	4	28	9	0	0	1018.50	
1949	4	28	12	0	0	1018.30	
1949	4	28	15	0	0	1018.60	
1949	4	28	18	0	0	1018.10	
1949	4	28	21	0	0	1018.90	
1949	4	29	0	0	0	1019.40	
1949	4	29	3	0	0	1019.30	
1949	4	29	6	0	0	1019.40	
1949	4	29	9	0	0	1020.00	
1949	4	29	12	0	0	1021.10	
1949	4	29	15	0	0	1022.30	
1949	4	29	18	0	0	1022.80	
1949	4	29	21	0	0	1022.70	
1949	4	30	0	0	0	1024.10	
1949	4	30	3	0	0	1024.70	
1949	4	30	6	0	0	1026.30	
1949	4	30	9	0	0	1027.90	
1949	4	30	12	0	0	1028.70	
1949	4	30	15	0	0	1028.50	
1949	4	30	18	0	0	1029.60	
1949	4	30	21	0	0	1031.90	
1949	5	1	0	0	0	1033.00	
1949	5	1	3	0	0	1033.00	
1949	5	1	6	0	0	1033.90	
1949	5	1	9	0	0	1034.70	
1949	5	1	12	0	0	1034.40	
1949	5	1	21	0	0	1034.40	
1949	5	2	0	0	0	1035.60	
1949	5	2	3	0	0	1035.60	
1949	5	2	6	0	0	1036.90	
1949	5	2	9	0	0	1037.60	
1949	5	2	12	0	0	1036.80	
1949	5	2	15	0	0	1036.60	
1949	5	2	18	0	0	1036.30	
1949	5	2	21	0	0	1036.50	
1949	5	3	0	0	0	1035.90	
1949	5	3	3	0	0	1034.60	
1949	5	3	6	0	0	1033.50	
1949	5	3	9	0	0	1032.80	
1949	5	3	12	0	0	1030.60	
1949	5	3	15	0	0	1028.00	
1949	5	3	18	0	0	1025.60	
1949	5	3	21	0	0	1023.70	
1949	5	4	0	0	0	1022.30	
1949	5	4	3	0	0	1019.00	
1949	5	4	6	0	0	1016.40	
1949	5	4	9	0	0	1014.20	
1949	5	4	12	0	0	1009.40	
1949	5	4	15	0	0	1005.40	
1949	5	4	18	0	0	1000.60	
1949	5	4	21	0	0	998.80	
1949	5	5	0	0	0	995.70	
1949	5	5	3	0	0	995.60	
1949	5	5	6	0	0	995.90	
1949	5	5	9	0	0	995.80	
1949	5	5	12	0	0	996.30	
1949	5	5	15	0	0	996.80	
1949	5	5	18	0	0	998.60	
1949	5	5	21	0	0	1001.00	
1949	5	6	0	0	0	1003.40	
1949	5	6	3	0	0	1005.00	
1949	5	6	6	0	0	1006.80	
1949	5	6	9	0	0	1008.00	
1949	5	6	12	0	0	1008.20	
1949	5	6	15	0	0	1008.70	
1949	5	6	18	0	0	1008.80	
1949	5	6	21	0	0	1007.30	
1949	5	7	0	0	0	1007.70	
1949	5	7	3	0	0	1012.30	
1949	5	7	6	0	0	1016.30	
1949	5	7	9	0	0	1020.00	
1949	5	7	12	0	0	1022.60	
1949	5	7	15	0	0	1024.20	
1949	5	7	18	0	0	1025.80	
1949	5	7	21	0	0	1027.30	
1949	5	8	0	0	0	1028.30	
1949	5	8	3	0	0	1027.50	
1949	5	8	6	0	0	1027.10	
1949	5	8	9	0	0	1026.30	
1949	5	8	12	0	0	1025.00	
1949	5	8	15	0	0	1024.70	
1949	5	8	18	0	0	1027.00	
1949	5	8	21	0	0	1030.10	
1949	5	9	0	0	0	1031.50	
1949	5	9	3	0	0	1032.30	
1949	5	9	6	0	0	1033.30	
1949	5	9	9	0	0	1033.90	
1949	5	9	12	0	0	1034.10	
1949	5	9	15	0	0	1033.80	
1949	5	9	18	0	0	1034.10	
1949	5	9	21	0	0	1034.70	
1949	5	10	0	0	0	1035.10	
1949	5	10	3	0	0	1034.80	
1949	5	10	6	0	0	1034.90	
1949	5	10	9	0	0	1035.00	
1949	5	10	12	0	0	1033.60	
1949	5	10	15	0	0	1033.10	
1949	5	10	18	0	0	1032.80	
1949	5	10	21	0	0	1033.00	
1949	5	11	0	0	0	1033.50	
1949	5	11	3	0	0	1033.10	
1949	5	11	6	0	0	1033.40	
1949	5	11	9	0	0	1033.70	
1949	5	11	12	0	0	1032.80	
1949	5	11	15	0	0	1032.20	
1949	5	11	18	0	0	1032.60	
1949	5	11	21	0	0	1033.40	
1949	5	12	0	0	0	1033.40	
1949	5	12	3	0	0	1032.40	
1949	5	12	6	0	0	1032.80	
1949	5	12	9	0	0	1032.20	
1949	5	12	12	0	0	1030.90	
1949	5	12	15	0	0	1029.70	
1949	5	12	18	0	0	1028.80	
1949	5	12	21	0	0	1029.50	
1949	5	13	0	0	0	1029.00	
1949	5	13	3	0	0	1027.30	
1949	5	13	6	0	0	1026.70	
1949	5	13	9	0	0	1025.60	
1949	5	13	12	0	0	1023.20	
1949	5	13	15	0	0	1021.10	
1949	5	13	18	0	0	1019.60	
1949	5	13	21	0	0	1018.60	
1949	5	14	0	0	0	1017.80	
1949	5	14	3	0	0	1016.20	
1949	5	14	6	0	0	1015.00	
1949	5	14	9	0	0	1014.00	
1949	5	14	12	0	0	1011.80	
1949	5	14	15	0	0	1010.70	
1949	5	14	18	0	0	1011.10	
1949	5	14	21	0	0	1011.70	
1949	5	15	0	0	0	1011.00	
1949	5	15	3	0	0	1010.00	
1949	5	15	6	0	0	1009.40	
1949	5	15	9	0	0	1009.30	
1949	5	15	12	0	0	1008.40	
1949	5	15	15	0	0	1007.50	
1949	5	15	18	0	0	1006.70	
1949	5	15	21	0	0	1006.80	
1949	5	16	0	0	0	1006.60	
1949	5	16	3	0	0	1005.90	
1949	5	16	6	0	0	1005.40	
1949	5	16	9	0	0	1004.90	
1949	5	16	12	0	0	1004.10	
1949	5	16	15	0	0	1003.40	
1949	5	16	18	0	0	1002.40	
1949	5	16	21	0	0	1002.10	
1949	5	17	0	0	0	1001.60	
1949	5	17	3	0	0	1001.40	
1949	5	17	6	0	0	1000.80	
1949	5	17	9	0	0	1000.60	
1949	5	17	12	0	0	1000.30	
1949	5	17	15	0	0	999.70	
1949	5	17	18	0	0	1000.20	
1949	5	17	21	0	0	1000.00	
1949	5	18	0	0	0	1000.00	
1949	5	18	3	0	0	999.90	
1949	5	18	6	0	0	1000.20	
1949	5	18	9	0	0	1001.20	
1949	5	18	12	0	0	1002.30	
1949	5	18	15	0	0	1003.60	
1949	5	18	18	0	0	1005.80	
1949	5	18	21	0	0	1008.00	
1949	5	19	0	0	0	1009.90	
1949	5	19	3	0	0	1014.60	
1949	5	19	6	0	0	1012.80	
1949	5	19	9	0	0	1014.20	
1949	5	19	12	0	0	1015.00	
1949	5	19	15	0	0	1015.30	
1949	5	19	18	0	0	1016.30	
1949	5	19	21	0	0	1017.80	
1949	5	20	0	0	0	1018.90	
1949	5	20	3	0	0	1019.30	
1949	5	20	6	0	0	1020.10	
1949	5	20	9	0	0	1021.20	
1949	5	20	12	0	0	1021.30	
1949	5	20	15	0	0	1020.70	
1949	5	20	18	0	0	1020.80	
1949	5	20	21	0	0	1022.40	
1949	5	21	0	0	0	1022.70	
1949	5	21	3	0	0	1022.30	
1949	5	21	6	0	0	1022.90	
1949	5	21	9	0	0	1022.80	
1949	5	21	12	0	0	1021.40	
1949	5	21	15	0	0	1019.70	
1949	5	21	18	0	0	1018.50	
1949	5	21	21	0	0	1019.90	
1949	5	22	0	0	0	1018.80	
1949	5	22	3	0	0	1017.60	
1949	5	22	6	0	0	1016.80	
1949	5	22	9	0	0	1015.70	
1949	5	22	12	0	0	1013.30	
1949	5	22	15	0	0	1011.00	
1949	5	22	18	0	0	1009.30	
1949	5	22	21	0	0	1010.30	
1949	5	23	0	0	0	1009.60	
1949	5	23	3	0	0	1008.20	
1949	5	23	6	0	0	1007.40	
1949	5	23	9	0	0	1007.00	
1949	5	23	12	0	0	1005.60	
1949	5	23	15	0	0	1004.20	
1949	5	23	18	0	0	1002.10	
1949	5	23	21	0	0	1001.20	
1949	5	24	0	0	0	999.60	
1949	5	24	3	0	0	998.00	
1949	5	24	6	0	0	997.10	
1949	5	24	9	0	0	997.20	
1949	5	24	12	0	0	997.80	
1949	5	24	15	0	0	998.60	
1949	5	24	18	0	0	1000.60	
1949	5	24	21	0	0	1002.10	
1949	5	25	0	0	0	1002.70	
1949	5	25	3	0	0	1002.30	
1949	5	25	6	0	0	1002.80	
1949	5	25	9	0	0	1003.00	
1949	5	25	12	0	0	1003.70	
1949	5	25	15	0	0	1004.40	
1949	5	25	18	0	0	1004.60	
1949	5	25	21	0	0	1004.50	
1949	5	26	0	0	0	1002.40	
1949	5	26	3	0	0	1000.50	
1949	5	26	6	0	0	999.90	
1949	5	26	9	0	0	1001.70	
1949	5	26	12	0	0	1003.40	
1949	5	26	15	0	0	1005.50	
1949	5	26	18	0	0	1007.70	
1949	5	26	21	0	0	1009.80	
1949	5	27	0	0	0	1010.10	
1949	5	27	3	0	0	1008.70	
1949	5	27	6	0	0	1006.40	
1949	5	27	9	0	0	1003.30	
1949	5	27	12	0	0	1001.20	
1949	5	27	15	0	0	1000.80	
1949	5	27	18	0	0	999.70	
1949	5	27	21	0	0	999.30	
1949	5	28	0	0	0	999.20	
1949	5	28	3	0	0	998.90	
1949	5	28	6	0	0	999.70	
1949	5	28	9	0	0	1001.40	
1949	5	28	12	0	0	1002.80	
1949	5	28	15	0	0	1003.80	
1949	5	28	18	0	0	1005.00	
1949	5	28	21	0	0	1005.50	
1949	5	29	0	0	0	1005.70	
1949	5	29	3	0	0	1005.50	
1949	5	29	6	0	0	1005.20	
1949	5	29	9	0	0	1004.80	
1949	5	29	12	0	0	1003.90	
1949	5	29	15	0	0	1003.60	
1949	5	29	18	0	0	1003.40	
1949	5	29	21	0	0	1003.70	
1949	5	30	0	0	0	1003.30	
1949	5	30	3	0	0	1002.90	
1949	5	30	6	0	0	1002.90	
1949	5	30	9	0	0	1002.80	
1949	5	30	12	0	0	1003.50	
1949	5	30	15	0	0	1003.60	
1949	5	30	18	0	0	1004.20	
1949	5	30	21	0	0	1005.20	
1949	5	31	0	0	0	1005.90	
1949	5	31	3	0	0	1005.90	
1949	5	31	6	0	0	1005.90	
1949	5	31	9	0	0	1005.90	
1949	5	31	12	0	0	1005.20	
1949	5	31	15	0	0	1004.10	
1949	5	31	18	0	0	1003.70	
1949	5	31	21	0	0	1004.50	
1949	6	1	0	0	0	1004.90	
1949	6	1	3	0	0	1005.10	
1949	6	1	6	0	0	1005.70	
1949	6	1	9	0	0	1005.50	
1949	6	1	12	0	0	1005.70	
1949	6	1	15	0	0	1006.40	
1949	6	1	18	0	0	1006.90	
1949	6	1	21	0	0	1007.80	
1949	6	2	0	0	0	1008.80	
1949	6	2	3	0	0	1008.90	
1949	6	2	6	0	0	1010.30	
1949	6	2	9	0	0	1010.70	
1949	6	2	12	0	0	1010.40	
1949	6	2	15	0	0	1010.10	
1949	6	2	18	0	0	1010.50	
1949	6	2	21	0	0	1010.30	
1949	6	3	0	0	0	1010.30	
1949	6	3	3	0	0	1008.80	
1949	6	3	6	0	0	1007.10	
1949	6	3	9	0	0	1005.30	
1949	6	3	12	0	0	1003.10	
1949	6	3	15	0	0	1001.10	
1949	6	3	18	0	0	1000.40	
1949	6	3	21	0	0	999.80	
1949	6	4	0	0	0	999.50	
1949	6	4	3	0	0	999.20	
1949	6	4	6	0	0	999.80	
1949	6	4	9	0	0	1000.80	
1949	6	4	12	0	0	1001.80	
1949	6	4	15	0	0	1003.20	
1949	6	4	18	0	0	1004.40	
1949	6	4	21	0	0	1006.20	
1949	6	5	0	0	0	1007.90	
1949	6	5	3	0	0	1008.90	
1949	6	5	6	0	0	1010.60	
1949	6	5	9	0	0	1012.50	
1949	6	5	12	0	0	1013.50	
1949	6	5	15	0	0	1014.90	
1949	6	5	18	0	0	1016.10	
1949	6	5	21	0	0	1017.30	
1949	6	6	0	0	0	1016.30	
1949	6	6	3	0	0	1013.90	
1949	6	6	6	0	0	1011.60	
1949	6	6	9	0	0	1011.20	
1949	6	6	12	0	0	1011.80	
1949	6	6	15	0	0	1012.00	
1949	6	6	18	0	0	1012.60	
1949	6	6	21	0	0	1013.10	
1949	6	7	0	0	0	1012.60	
1949	6	7	3	0	0	1012.00	
1949	6	7	6	0	0	1008.90	
1949	6	7	9	0	0	1008.20	
1949	6	7	12	0	0	1006.00	
1949	6	7	15	0	0	1005.30	
1949	6	7	18	0	0	1006.00	
1949	6	7	21	0	0	1006.80	
1949	6	8	0	0	0	1008.50	
1949	6	8	3	0	0	1010.20	
1949	6	8	6	0	0	1012.30	
1949	6	8	9	0	0	1013.80	
1949	6	8	12	0	0	1014.50	
1949	6	8	15	0	0	1015.40	
1949	6	8	18	0	0	1016.30	
1949	6	9	3	0	0	1019.00	
1949	6	9	6	0	0	1019.80	
1949	6	9	9	0	0	1020.30	
1949	6	9	12	0	0	1020.20	
1949	6	9	15	0	0	1019.90	
1949	6	9	18	0	0	1020.20	
1949	6	9	21	0	0	1021.50	
1949	6	10	0	0	0	1022.00	
1949	6	10	3	0	0	1021.30	
1949	6	10	6	0	0	1021.30	
1949	6	10	9	0	0	1020.70	
1949	6	10	12	0	0	1019.20	
1949	6	10	15	0	0	1018.90	
1949	6	10	18	0	0	1018.90	
1949	6	10	21	0	0	1017.70	
1949	6	11	0	0	0	1016.50	
1949	6	11	3	0	0	1015.70	
1949	6	11	6	0	0	1016.20	
1949	6	11	9	0	0	1016.20	
1949	6	11	12	0	0	1017.00	
1949	6	11	15	0	0	1018.60	
1949	6	11	18	0	0	1019.90	
1949	6	11	21	0	0	1022.10	
1949	6	12	0	0	0	1023.60	
1949	6	12	3	0	0	1024.00	
1949	6	12	6	0	0	1024.80	
1949	6	12	9	0	0	1024.50	
1949	6	12	12	0	0	1023.30	
1949	6	12	15	0	0	1023.40	
1949	6	12	18	0	0	1023.60	
1949	6	12	21	0	0	1024.30	
1949	6	13	0	0	0	1024.30	
1949	6	13	3	0	0	1024.80	
1949	6	13	6	0	0	1026.10	
1949	6	13	9	0	0	1026.60	
1949	6	13	12	0	0	1025.90	
1949	6	13	15	0	0	1024.90	
1949	6	13	18	0	0	1025.00	
1949	6	13	21	0	0	1027.90	
1949	6	14	0	0	0	1026.80	
1949	6	14	3	0	0	1026.30	
1949	6	14	6	0	0	1026.10	
1949	6	14	9	0	0	1026.10	
1949	6	14	12	0	0	1025.70	
1949	6	14	15	0	0	1025.20	
1949	6	14	18	0	0	1026.00	
1949	6	14	21	0	0	1027.40	
1949	6	15	0	0	0	1027.60	
1949	6	15	3	0	0	1027.60	
1949	6	15	6	0	0	1027.30	
1949	6	15	9	0	0	1027.20	
1949	6	15	12	0	0	1025.70	
1949	6	15	15	0	0	1024.40	
1949	6	15	18	0	0	1024.10	
1949	6	15	21	0	0	1025.60	
1949	6	16	0	0	0	1025.60	
1949	6	16	3	0	0	1025.30	
1949	6	16	6	0	0	1025.50	
1949	6	16	9	0	0	1026.00	
1949	6	16	12	0	0	1025.60	
1949	6	16	15	0	0	1025.90	
1949	6	16	18	0	0	1025.60	
1949	6	16	21	0	0	1026.90	
1949	6	17	0	0	0	1027.10	
1949	6	17	3	0	0	1027.10	
1949	6	17	6	0	0	1027.50	
1949	6	17	9	0	0	1027.60	
1949	6	17	12	0	0	1026.70	
1949	6	17	15	0	0	1026.80	
1949	6	17	18	0	0	1026.80	
1949	6	17	21	0	0	1027.70	
1949	6	18	0	0	0	1027.70	
1949	6	18	3	0	0	1027.20	
1949	6	18	6	0	0	1027.20	
1949	6	18	9	0	0	1026.90	
1949	6	18	12	0	0	1026.30	
1949	6	18	15	0	0	1026.00	
1949	6	18	18	0	0	1025.80	
1949	6	18	21	0	0	1026.50	
1949	6	19	0	0	0	1025.90	
1949	6	19	3	0	0	1025.40	
1949	6	19	6	0	0	1025.20	
1949	6	19	9	0	0	1026.40	
1949	6	19	12	0	0	1026.70	
1949	6	19	15	0	0	1026.60	
1949	6	19	18	0	0	1026.80	
1949	6	19	21	0	0	1028.00	
1949	6	20	0	0	0	1028.00	
1949	6	20	3	0	0	1028.30	
1949	6	20	6	0	0	1028.00	
1949	6	20	9	0	0	1028.60	
1949	6	20	12	0	0	1027.30	
1949	6	20	15	0	0	1026.40	
1949	6	20	18	0	0	1026.10	
1949	6	20	21	0	0	1026.90	
1949	6	21	0	0	0	1027.20	
1949	6	21	3	0	0	1026.10	
1949	6	21	6	0	0	1026.10	
1949	6	21	9	0	0	1025.20	
1949	6	21	12	0	0	1024.60	
1949	6	21	15	0	0	1024.20	
1949	6	21	18	0	0	1023.70	
1949	6	21	21	0	0	1024.40	
1949	6	22	0	0	0	1025.00	
1949	6	22	3	0	0	1024.80	
1949	6	22	6	0	0	1024.80	
1949	6	22	9	0	0	1024.70	
1949	6	22	12	0	0	1024.00	
1949	6	22	15	0	0	1022.70	
1949	6	22	18	0	0	1021.90	
1949	6	22	21	0	0	1022.40	
1949	6	23	0	0	0	1023.20	
1949	6	23	3	0	0	1022.10	
1949	6	23	6	0	0	1022.10	
1949	6	23	9	0	0	1022.20	
1949	6	23	12	0	0	1022.50	
1949	6	23	15	0	0	1021.90	
1949	6	23	18	0	0	1021.80	
1949	6	23	21	0	0	1023.00	
1949	6	24	0	0	0	1023.30	
1949	6	24	3	0	0	1023.30	
1949	6	24	6	0	0	1023.60	
1949	6	24	9	0	0	1023.80	
1949	6	24	12	0	0	1022.50	
1949	6	24	15	0	0	1021.10	
1949	6	24	18	0	0	1020.60	
1949	6	24	21	0	0	1021.60	
1949	6	25	0	0	0	1021.80	
1949	6	25	3	0	0	1020.70	
1949	6	25	6	0	0	1020.30	
1949	6	25	9	0	0	1019.60	
1949	6	25	12	0	0	1018.70	
1949	6	25	15	0	0	1017.90	
1949	6	25	18	0	0	1018.30	
1949	6	25	21	0	0	1019.30	
1949	6	26	0	0	0	1020.10	
1949	6	26	3	0	0	1019.70	
1949	6	26	6	0	0	1019.60	
1949	6	26	9	0	0	1019.60	
1949	6	26	12	0	0	1019.20	
1949	6	26	15	0	0	1018.80	
1949	6	26	18	0	0	1019.10	
1949	6	26	21	0	0	1020.60	
1949	6	27	0	0	0	1021.20	
1949	6	27	3	0	0	1021.50	
1949	6	27	6	0	0	1021.30	
1949	6	27	9	0	0	1021.60	
1949	6	27	12	0	0	1021.70	
1949	6	27	15	0	0	1021.70	
1949	6	27	18	0	0	1021.90	
1949	6	27	21	0	0	1022.20	
1949	6	28	0	0	0	1022.70	
1949	6	28	3	0	0	1022.80	
1949	6	28	6	0	0	1022.90	
1949	6	28	9	0	0	1023.20	
1949	6	28	12	0	0	1022.70	
1949	6	28	15	0	0	1022.10	
1949	6	28	18	0	0	1023.70	
1949	6	28	21	0	0	1025.50	
1949	6	29	0	0	0	1026.70	
1949	6	29	3	0	0	1026.60	
1949	6	29	6	0	0	1027.60	
1949	6	29	9	0	0	1027.70	
1949	6	29	12	0	0	1027.90	
1949	6	29	15	0	0	1027.00	
1949	6	29	18	0	0	1026.00	
1949	6	29	21	0	0	1026.00	
1949	6	30	0	0	0	1025.20	
1949	6	30	3	0	0	1024.30	
1949	6	30	6	0	0	1024.20	
1949	6	30	9	0	0	1023.40	
1949	6	30	12	0	0	1023.50	
1949	6	30	15	0	0	1024.00	
1949	6	30	18	0	0	1024.50	
1949	6	30	21	0	0	1026.80	
1949	7	1	0	0	0	1028.60	
1949	7	1	3	0	0	1029.40	
1949	7	1	6	0	0	1030.90	
1949	7	1	9	0	0	1031.30	
1949	7	1	12	0	0	1031.40	
1949	7	1	15	0	0	1031.20	
1949	7	1	18	0	0	1030.30	
1949	7	1	21	0	0	1031.20	
1949	7	2	0	0	0	1031.30	
1949	7	2	3	0	0	1030.50	
1949	7	2	6	0	0	1030.00	
1949	7	2	9	0	0	1026.60	
1949	7	2	12	0	0	1026.40	
1949	7	2	15	0	0	1024.30	
1949	7	2	18	0	0	1023.80	
1949	7	2	21	0	0	1024.00	
1949	7	3	0	0	0	1024.80	
1949	7	3	3	0	0	1024.30	
1949	7	3	6	0	0	1024.40	
1949	7	3	9	0	0	1023.60	
1949	7	3	12	0	0	1022.70	
1949	7	3	15	0	0	1021.70	
1949	7	3	18	0	0	1020.70	
1949	7	3	21	0	0	1020.50	
1949	7	4	0	0	0	1020.70	
1949	7	4	3	0	0	1019.70	
1949	7	4	6	0	0	1018.50	
1949	7	4	9	0	0	1018.20	
1949	7	4	12	0	0	1017.00	
1949	7	4	15	0	0	1016.10	
1949	7	4	18	0	0	1014.90	
1949	7	4	21	0	0	1015.40	
1949	7	5	0	0	0	1015.30	
1949	7	5	3	0	0	1015.80	
1949	7	5	6	0	0	1018.10	
1949	7	5	9	0	0	1019.50	
1949	7	5	12	0	0	1020.50	
1949	7	5	15	0	0	1020.80	
1949	7	5	18	0	0	1021.70	
1949	7	5	21	0	0	1023.00	
1949	7	6	0	0	0	1023.60	
1949	7	6	3	0	0	1023.30	
1949	7	6	6	0	0	1024.10	
1949	7	6	9	0	0	1024.60	
1949	7	6	12	0	0	1023.90	
1949	7	6	15	0	0	1024.00	
1949	7	6	18	0	0	1024.40	
1949	7	6	21	0	0	1024.50	
1949	7	7	0	0	0	1024.40	
1949	7	7	3	0	0	1025.20	
1949	7	7	6	0	0	1026.00	
1949	7	7	9	0	0	1026.90	
1949	7	7	12	0	0	1027.70	
1949	7	7	15	0	0	1027.30	
1949	7	7	18	0	0	1027.40	
1949	7	7	21	0	0	1028.50	
1949	7	8	0	0	0	1028.40	
1949	7	8	3	0	0	1027.70	
1949	7	8	6	0	0	1027.60	
1949	7	8	9	0	0	1028.20	
1949	7	8	12	0	0	1027.60	
1949	7	8	15	0	0	1026.90	
1949	7	8	18	0	0	1026.90	
1949	7	8	21	0	0	1027.80	
1949	7	9	0	0	0	1028.10	
1949	7	9	3	0	0	1027.40	
1949	7	9	6	0	0	1027.60	
1949	7	9	9	0	0	1027.40	
1949	7	9	12	0	0	1026.40	
1949	7	9	15	0	0	1025.50	
1949	7	9	18	0	0	1025.60	
1949	7	9	21	0	0	1026.20	
1949	7	10	0	0	0	1026.90	
1949	7	10	3	0	0	1026.80	
1949	7	10	6	0	0	1027.30	
1949	7	10	9	0	0	1026.90	
1949	7	10	12	0	0	1026.30	
1949	7	10	15	0	0	1025.10	
1949	7	10	18	0	0	1025.10	
1949	7	10	21	0	0	1026.30	
1949	7	11	0	0	0	1026.90	
1949	7	11	3	0	0	1028.50	
1949	7	11	6	0	0	1026.50	
1949	7	11	9	0	0	1025.90	
1949	7	11	12	0	0	1024.10	
1949	7	11	15	0	0	1023.10	
1949	7	11	18	0	0	1022.30	
1949	7	11	21	0	0	1022.20	
1949	7	12	0	0	0	1022.00	
1949	7	12	3	0	0	1021.20	
1949	7	12	6	0	0	1020.10	
1949	7	12	9	0	0	1019.30	
1949	7	12	12	0	0	1017.70	
1949	7	12	15	0	0	1024.40	
1949	7	12	18	0	0	1015.50	
1949	7	12	21	0	0	1016.30	
1949	7	13	0	0	0	1015.70	
1949	7	13	3	0	0	1015.00	
1949	7	13	6	0	0	1015.50	
1949	7	13	9	0	0	1014.20	
1949	7	13	12	0	0	1013.10	
1949	7	13	15	0	0	1012.70	
1949	7	13	18	0	0	1012.70	
1949	7	13	21	0	0	1012.70	
1949	7	14	0	0	0	1012.00	
1949	7	14	3	0	0	1011.10	
1949	7	14	6	0	0	1012.00	
1949	7	14	9	0	0	1013.20	
1949	7	14	12	0	0	1014.70	
1949	7	14	15	0	0	1014.60	
1949	7	14	18	0	0	1015.80	
1949	7	14	21	0	0	1016.60	
1949	7	15	0	0	0	1016.70	
1949	7	15	3	0	0	1015.30	
1949	7	15	6	0	0	1015.30	
1949	7	15	9	0	0	1015.20	
1949	7	15	12	0	0	1015.00	
1949	7	15	15	0	0	1014.20	
1949	7	15	18	0	0	1013.60	
1949	7	15	21	0	0	1014.10	
1949	7	16	0	0	0	1013.70	
1949	7	16	3	0	0	1012.70	
1949	7	16	6	0	0	1012.90	
1949	7	16	9	0	0	1013.40	
1949	7	16	12	0	0	1013.50	
1949	7	16	15	0	0	1013.30	
1949	7	16	18	0	0	1013.20	
1949	7	16	21	0	0	1013.60	
1949	7	17	0	0	0	1013.80	
1949	7	17	3	0	0	1013.30	
1949	7	17	6	0	0	1013.50	
1949	7	17	9	0	0	1013.80	
1949	7	17	12	0	0	1013.90	
1949	7	17	15	0	0	1013.50	
1949	7	17	18	0	0	1013.80	
1949	7	17	21	0	0	1014.60	
1949	7	18	0	0	0	1014.80	
1949	7	18	3	0	0	1014.90	
1949	7	18	6	0	0	1015.60	
1949	7	18	9	0	0	1016.90	
1949	7	18	12	0	0	1017.60	
1949	7	18	15	0	0	1017.90	
1949	7	18	18	0	0	1018.90	
1949	7	18	21	0	0	1019.40	
1949	7	19	0	0	0	1019.50	
1949	7	19	3	0	0	1020.00	
1949	7	19	6	0	0	1020.40	
1949	7	19	9	0	0	1020.70	
1949	7	19	12	0	0	1021.30	
1949	7	19	15	0	0	1021.70	
1949	7	19	18	0	0	1021.80	
1949	7	19	21	0	0	1022.70	
1949	7	20	0	0	0	1022.90	
1949	7	20	3	0	0	1022.60	
1949	7	20	6	0	0	1021.90	
1949	7	20	9	0	0	1019.60	
1949	7	20	12	0	0	1020.50	
1949	7	20	15	0	0	1020.30	
1949	7	20	18	0	0	1018.50	
1949	7	20	21	0	0	1017.90	
1949	7	21	0	0	0	1017.00	
1949	7	21	3	0	0	1016.50	
1949	7	21	6	0	0	1016.20	
1949	7	21	9	0	0	1016.40	
1949	7	21	12	0	0	1017.00	
1949	7	21	15	0	0	1017.60	
1949	7	21	18	0	0	1018.20	
1949	7	21	21	0	0	1018.80	
1949	7	22	0	0	0	1018.70	
1949	7	22	3	0	0	1019.00	
1949	7	22	6	0	0	1019.60	
1949	7	22	9	0	0	1019.40	
1949	7	22	12	0	0	1019.00	
1949	7	22	15	0	0	1018.30	
1949	7	22	18	0	0	1017.70	
1949	7	22	21	0	0	1018.90	
1949	7	23	0	0	0	1018.70	
1949	7	23	3	0	0	1018.60	
1949	7	23	6	0	0	1018.90	
1949	7	23	9	0	0	1019.20	
1949	7	23	12	0	0	1019.40	
1949	7	23	15	0	0	1018.90	
1949	7	23	18	0	0	1019.60	
1949	7	23	21	0	0	1020.40	
1949	7	24	0	0	0	1020.80	
1949	7	24	3	0	0	1020.70	
1949	7	24	6	0	0	1021.20	
1949	7	24	9	0	0	1021.40	
1949	7	24	12	0	0	1020.50	
1949	7	24	15	0	0	1020.00	
1949	7	24	18	0	0	1019.50	
1949	7	24	21	0	0	1020.20	
1949	7	25	0	0	0	1020.60	
1949	7	25	3	0	0	1020.10	
1949	7	25	6	0	0	1020.00	
1949	7	25	9	0	0	1019.10	
1949	7	25	12	0	0	1017.90	
1949	7	25	15	0	0	1016.80	
1949	7	25	18	0	0	1015.80	
1949	7	25	21	0	0	1016.00	
1949	7	26	0	0	0	1016.50	
1949	7	26	3	0	0	1016.40	
1949	7	26	6	0	0	1016.50	
1949	7	26	9	0	0	1016.90	
1949	7	26	12	0	0	1016.90	
1949	7	26	15	0	0	1017.20	
1949	7	26	18	0	0	1017.10	
1949	7	26	21	0	0	1017.20	
1949	7	27	0	0	0	1017.50	
1949	7	27	3	0	0	1026.20	
1949	7	27	6	0	0	1025.40	
1949	7	27	9	0	0	1014.60	
1949	7	27	12	0	0	1013.50	
1949	7	27	15	0	0	1013.20	
1949	7	27	18	0	0	1012.80	
1949	7	27	21	0	0	1012.80	
1949	7	28	0	0	0	1013.70	
1949	7	28	3	0	0	1014.20	
1949	7	28	6	0	0	1014.10	
1949	7	28	9	0	0	1014.60	
1949	7	28	12	0	0	1015.20	
1949	7	28	15	0	0	1015.60	
1949	7	28	18	0	0	1015.40	
1949	7	28	21	0	0	1015.10	
1949	7	29	0	0	0	1014.70	
1949	7	29	3	0	0	1014.10	
1949	7	29	6	0	0	1014.10	
1949	7	29	9	0	0	1014.20	
1949	7	29	12	0	0	1014.60	
1949	7	29	15	0	0	1014.80	
1949	7	29	18	0	0	1015.00	
1949	7	29	21	0	0	1015.90	
1949	7	30	0	0	0	1017.20	
1949	7	30	3	0	0	1017.70	
1949	7	30	6	0	0	1018.10	
1949	7	30	9	0	0	1018.20	
1949	7	30	12	0	0	1018.00	
1949	7	30	15	0	0	1015.40	
1949	7	30	18	0	0	1015.30	
1949	7	30	21	0	0	1013.00	
1949	7	31	0	0	0	1011.20	
1949	7	31	3	0	0	1008.10	
1949	7	31	6	0	0	1006.30	
1949	7	31	9	0	0	1006.00	
1949	7	31	12	0	0	1005.80	
1949	7	31	15	0	0	1006.40	
1949	7	31	18	0	0	1005.70	
1949	7	31	21	0	0	1005.90	
1949	8	1	0	0	0	1006.10	
1949	8	1	3	0	0	1005.40	
1949	8	1	6	0	0	1005.40	
1949	8	1	9	0	0	1005.60	
1949	8	1	12	0	0	1005.40	
1949	8	1	15	0	0	1005.00	
1949	8	1	18	0	0	1001.20	
1949	8	1	21	0	0	997.00	
1949	8	2	0	0	0	993.50	
1949	8	2	3	0	0	991.70	
1949	8	2	6	0	0	990.40	
1949	8	2	9	0	0	988.30	
1949	8	2	12	0	0	986.70	
1949	8	2	15	0	0	986.20	
1949	8	2	18	0	0	986.40	
1949	8	2	21	0	0	988.20	
1949	8	3	0	0	0	991.20	
1949	8	3	3	0	0	993.00	
1949	8	3	6	0	0	996.10	
1949	8	3	9	0	0	999.20	
1949	8	3	12	0	0	1002.20	
1949	8	3	15	0	0	1004.50	
1949	8	3	18	0	0	1005.80	
1949	8	3	21	0	0	1007.70	
1949	8	4	0	0	0	1009.80	
1949	8	4	3	0	0	1011.50	
1949	8	4	6	0	0	1012.90	
1949	8	4	9	0	0	1014.10	
1949	8	4	12	0	0	1015.30	
1949	8	4	15	0	0	1015.90	
1949	8	4	18	0	0	1016.10	
1949	8	4	21	0	0	1016.10	
1949	8	5	0	0	0	1015.30	
1949	8	5	3	0	0	1014.00	
1949	8	5	6	0	0	1013.00	
1949	8	5	9	0	0	1011.80	
1949	8	5	12	0	0	1010.10	
1949	8	5	15	0	0	1008.90	
1949	8	5	18	0	0	1006.90	
1949	8	5	21	0	0	1007.40	
1949	8	6	0	0	0	1008.70	
1949	8	6	3	0	0	1009.00	
1949	8	6	6	0	0	1009.30	
1949	8	6	9	0	0	1010.20	
1949	8	6	12	0	0	1011.00	
1949	8	6	15	0	0	1011.20	
1949	8	6	18	0	0	1012.10	
1949	8	6	21	0	0	1013.40	
1949	8	7	0	0	0	1013.90	
1949	8	7	3	0	0	1013.30	
1949	8	7	6	0	0	1013.80	
1949	8	7	9	0	0	1012.90	
1949	8	7	12	0	0	1011.30	
1949	8	7	15	0	0	1008.70	
1949	8	7	18	0	0	1003.90	
1949	8	7	21	0	0	999.00	
1949	8	8	0	0	0	993.00	
1949	8	8	3	0	0	994.00	
1949	8	8	6	0	0	998.00	
1949	8	8	9	0	0	1002.40	
1949	8	8	12	0	0	1006.40	
1949	8	8	15	0	0	1008.90	
1949	8	8	18	0	0	1010.60	
1949	8	8	21	0	0	1012.50	
1949	8	9	0	0	0	1013.10	
1949	8	9	3	0	0	1013.20	
1949	8	9	6	0	0	1014.50	
1949	8	9	9	0	0	1015.10	
1949	8	9	12	0	0	1015.50	
1949	8	9	15	0	0	1016.50	
1949	8	9	18	0	0	1017.00	
1949	8	9	21	0	0	1018.30	
1949	8	10	0	0	0	1020.00	
1949	8	10	3	0	0	1021.70	
1949	8	10	6	0	0	1023.70	
1949	8	10	9	0	0	1024.70	
1949	8	10	12	0	0	1025.00	
1949	8	10	15	0	0	1024.60	
1949	8	10	18	0	0	1024.00	
1949	8	10	21	0	0	1022.10	
1949	8	11	0	0	0	1020.30	
1949	8	11	3	0	0	1020.20	
1949	8	11	6	0	0	1022.60	
1949	8	11	9	0	0	1025.80	
1949	8	11	12	0	0	1028.10	
1949	8	11	15	0	0	1030.30	
1949	8	11	18	0	0	1031.80	
1949	8	11	21	0	0	1032.20	
1949	8	12	0	0	0	1034.50	
1949	8	12	3	0	0	1034.50	
1949	8	12	6	0	0	1034.60	
1949	8	12	9	0	0	1034.10	
1949	8	12	12	0	0	1033.00	
1949	8	12	15	0	0	1032.10	
1949	8	12	18	0	0	1031.20	
1949	8	12	21	0	0	1031.50	
1949	8	13	0	0	0	1031.10	
1949	8	13	3	0	0	1030.40	
1949	8	13	6	0	0	1029.50	
1949	8	13	9	0	0	1029.20	
1949	8	13	12	0	0	1028.80	
1949	8	13	15	0	0	1028.70	
1949	8	13	18	0	0	1028.00	
1949	8	13	21	0	0	1028.30	
1949	8	14	0	0	0	1027.70	
1949	8	14	3	0	0	1026.60	
1949	8	14	6	0	0	1027.00	
1949	8	14	9	0	0	1027.20	
1949	8	14	12	0	0	1027.60	
1949	8	14	15	0	0	1027.10	
1949	8	14	18	0	0	1026.30	
1949	8	14	21	0	0	1026.30	
1949	8	15	0	0	0	1025.40	
1949	8	15	3	0	0	1024.20	
1949	8	15	6	0	0	1023.50	
1949	8	15	9	0	0	1022.40	
1949	8	15	12	0	0	1021.10	
1949	8	15	15	0	0	1019.80	
1949	8	15	18	0	0	1018.40	
1949	8	15	21	0	0	1017.50	
1949	8	16	0	0	0	1017.00	
1949	8	16	3	0	0	1016.90	
1949	8	16	6	0	0	1018.30	
1949	8	16	9	0	0	1020.10	
1949	8	16	12	0	0	1021.50	
1949	8	16	15	0	0	1022.60	
1949	8	16	18	0	0	1023.30	
1949	8	16	21	0	0	1025.90	
1949	8	17	0	0	0	1026.00	
1949	8	17	3	0	0	1025.50	
1949	8	17	6	0	0	1026.20	
1949	8	17	9	0	0	1026.60	
1949	8	17	12	0	0	1025.90	
1949	8	17	15	0	0	1025.70	
1949	8	17	18	0	0	1025.00	
1949	8	17	21	0	0	1025.60	
1949	8	18	0	0	0	1025.20	
1949	8	18	3	0	0	1024.50	
1949	8	18	6	0	0	1024.30	
1949	8	18	9	0	0	1024.90	
1949	8	18	12	0	0	1024.00	
1949	8	18	15	0	0	1024.10	
1949	8	18	18	0	0	1023.40	
1949	8	18	21	0	0	1024.40	
1949	8	19	0	0	0	1023.80	
1949	8	19	3	0	0	1023.20	
1949	8	19	6	0	0	1022.50	
1949	8	19	9	0	0	1023.00	
1949	8	19	12	0	0	1023.00	
1949	8	19	15	0	0	1022.80	
1949	8	19	18	0	0	1022.40	
1949	8	19	21	0	0	1023.40	
1949	8	20	0	0	0	1023.90	
1949	8	20	3	0	0	1023.60	
1949	8	20	6	0	0	1024.10	
1949	8	20	9	0	0	1024.10	
1949	8	20	12	0	0	1023.50	
1949	8	20	15	0	0	1022.50	
1949	8	20	18	0	0	1021.90	
1949	8	20	21	0	0	1022.80	
1949	8	21	0	0	0	1022.80	
1949	8	21	3	0	0	1022.20	
1949	8	21	6	0	0	1022.10	
1949	8	21	9	0	0	1022.20	
1949	8	21	12	0	0	1020.40	
1949	8	21	15	0	0	1018.80	
1949	8	21	18	0	0	1018.60	
1949	8	21	21	0	0	1019.60	
1949	8	22	0	0	0	1019.60	
1949	8	22	3	0	0	1019.10	
1949	8	22	6	0	0	1019.70	
1949	8	22	9	0	0	1020.00	
1949	8	22	12	0	0	1019.60	
1949	8	22	15	0	0	1018.70	
1949	8	22	18	0	0	1019.50	
1949	8	22	21	0	0	1020.80	
1949	8	23	0	0	0	1020.30	
1949	8	23	3	0	0	1020.10	
1949	8	23	6	0	0	1020.30	
1949	8	23	9	0	0	1020.60	
1949	8	23	12	0	0	1019.50	
1949	8	23	15	0	0	1019.20	
1949	8	23	18	0	0	1019.30	
1949	8	23	21	0	0	1021.00	
1949	8	24	0	0	0	1021.90	
1949	8	24	3	0	0	1021.80	
1949	8	24	6	0	0	1022.50	
1949	8	24	9	0	0	1022.90	
1949	8	24	12	0	0	1023.00	
1949	8	24	15	0	0	1022.60	
1949	8	24	18	0	0	1022.20	
1949	8	24	21	0	0	1023.20	
1949	8	25	0	0	0	1023.50	
1949	8	25	3	0	0	1023.10	
1949	8	25	6	0	0	1022.80	
1949	8	25	9	0	0	1022.20	
1949	8	25	12	0	0	1021.30	
1949	8	25	15	0	0	1020.40	
1949	8	25	18	0	0	1019.80	
1949	8	25	21	0	0	1020.30	
1949	8	26	0	0	0	1020.30	
1949	8	26	3	0	0	1019.10	
1949	8	26	6	0	0	1019.10	
1949	8	26	9	0	0	1018.50	
1949	8	26	12	0	0	1017.90	
1949	8	26	15	0	0	1017.00	
1949	8	26	18	0	0	1016.40	
1949	8	26	21	0	0	1017.70	
1949	8	27	0	0	0	1017.20	
1949	8	27	3	0	0	1017.70	
1949	8	27	6	0	0	1018.20	
1949	8	27	9	0	0	1019.10	
1949	8	27	12	0	0	1019.40	
1949	8	27	15	0	0	1019.60	
1949	8	27	18	0	0	1019.90	
1949	8	27	21	0	0	1021.90	
1949	8	28	0	0	0	1022.60	
1949	8	28	3	0	0	1022.70	
1949	8	28	6	0	0	1023.00	
1949	8	28	9	0	0	1023.90	
1949	8	28	12	0	0	1023.70	
1949	8	28	15	0	0	1022.90	
1949	8	28	18	0	0	1022.50	
1949	8	28	21	0	0	1023.60	
1949	8	29	0	0	0	1023.40	
1949	8	29	3	0	0	1022.50	
1949	8	29	6	0	0	1021.40	
1949	8	29	9	0	0	1021.00	
1949	8	29	12	0	0	1019.50	
1949	8	29	15	0	0	1018.60	
1949	8	29	18	0	0	1017.70	
1949	8	29	21	0	0	1017.50	
1949	8	30	0	0	0	1017.10	
1949	8	30	3	0	0	1016.90	
1949	8	30	6	0	0	1017.30	
1949	8	30	9	0	0	1017.50	
1949	8	30	12	0	0	1017.10	
1949	8	30	15	0	0	1016.50	
1949	8	30	18	0	0	1015.50	
1949	8	30	21	0	0	1015.80	
1949	8	31	0	0	0	1015.20	
1949	8	31	3	0	0	1014.20	
1949	8	31	6	0	0	1013.30	
1949	8	31	9	0	0	1011.80	
1949	8	31	12	0	0	1010.00	
1949	8	31	15	0	0	1008.60	
1949	8	31	18	0	0	1007.40	
1949	8	31	21	0	0	1008.40	
1949	9	1	0	0	0	1008.40	
1949	9	1	3	0	0	1007.90	
1949	9	1	6	0	0	1007.80	
1949	9	1	9	0	0	1008.30	
1949	9	1	12	0	0	1008.20	
1949	9	1	15	0	0	1007.40	
1949	9	1	18	0	0	1008.40	
1949	9	1	21	0	0	1009.10	
1949	9	2	0	0	0	1009.30	
1949	9	2	3	0	0	1007.90	
1949	9	2	6	0	0	1007.40	
1949	9	2	9	0	0	1007.30	
1949	9	2	12	0	0	1005.40	
1949	9	2	15	0	0	1004.30	
1949	9	2	18	0	0	1004.00	
1949	9	2	21	0	0	1005.10	
1949	9	3	0	0	0	1005.90	
1949	9	3	3	0	0	1006.90	
1949	9	3	6	0	0	1007.70	
1949	9	3	9	0	0	1008.60	
1949	9	3	12	0	0	1009.50	
1949	9	3	15	0	0	1009.90	
1949	9	3	18	0	0	1010.50	
1949	9	3	21	0	0	1012.40	
1949	9	4	0	0	0	1013.80	
1949	9	4	3	0	0	1014.60	
1949	9	4	6	0	0	1015.00	
1949	9	4	9	0	0	1016.30	
1949	9	4	12	0	0	1015.70	
1949	9	4	15	0	0	1014.20	
1949	9	4	18	0	0	1013.10	
1949	9	4	21	0	0	1012.50	
1949	9	5	0	0	0	1011.40	
1949	9	5	3	0	0	1009.80	
1949	9	5	6	0	0	1010.30	
1949	9	5	9	0	0	1009.40	
1949	9	5	12	0	0	1009.50	
1949	9	5	15	0	0	1008.20	
1949	9	5	18	0	0	1008.00	
1949	9	5	21	0	0	1009.80	
1949	9	6	0	0	0	1010.10	
1949	9	6	3	0	0	1011.40	
1949	9	6	6	0	0	1014.80	
1949	9	6	9	0	0	1017.00	
1949	9	6	12	0	0	1017.80	
1949	9	6	15	0	0	1017.90	
1949	9	6	18	0	0	1017.80	
1949	9	6	21	0	0	1018.60	
1949	9	7	0	0	0	1018.80	
1949	9	7	3	0	0	1018.60	
1949	9	7	6	0	0	1019.30	
1949	9	7	9	0	0	1020.20	
1949	9	7	12	0	0	1021.00	
1949	9	7	15	0	0	1021.10	
1949	9	7	18	0	0	1021.90	
1949	9	7	21	0	0	1022.70	
1949	9	8	0	0	0	1021.90	
1949	9	8	3	0	0	1020.70	
1949	9	8	6	0	0	1020.00	
1949	9	8	9	0	0	1019.80	
1949	9	8	12	0	0	1019.60	
1949	9	8	15	0	0	1019.30	
1949	9	8	18	0	0	1019.20	
1949	9	8	21	0	0	1019.40	
1949	9	9	0	0	0	1019.10	
1949	9	9	3	0	0	1019.50	
1949	9	9	6	0	0	1019.30	
1949	9	9	9	0	0	1019.30	
1949	9	9	12	0	0	1019.00	
1949	9	9	15	0	0	1018.30	
1949	9	9	18	0	0	1017.50	
1949	9	9	21	0	0	1017.30	
1949	9	10	0	0	0	1016.60	
1949	9	10	3	0	0	1016.20	
1949	9	10	6	0	0	1016.10	
1949	9	10	9	0	0	1017.10	
1949	9	10	12	0	0	1017.50	
1949	9	10	15	0	0	1018.20	
1949	9	10	18	0	0	1019.10	
1949	9	10	21	0	0	1020.30	
1949	9	11	0	0	0	1021.70	
1949	9	11	3	0	0	1023.10	
1949	9	11	6	0	0	1024.50	
1949	9	11	9	0	0	1026.00	
1949	9	11	12	0	0	1026.80	
1949	9	11	15	0	0	1027.50	
1949	9	11	18	0	0	1028.70	
1949	9	11	21	0	0	1024.50	
1949	9	12	0	0	0	1024.90	
1949	9	12	3	0	0	1029.70	
1949	9	12	6	0	0	1028.90	
1949	9	12	9	0	0	1028.90	
1949	9	12	12	0	0	1028.60	
1949	9	12	15	0	0	1027.80	
1949	9	12	18	0	0	1027.30	
1949	9	12	21	0	0	1027.80	
1949	9	13	0	0	0	1027.50	
1949	9	13	3	0	0	1025.60	
1949	9	13	6	0	0	1025.00	
1949	9	13	9	0	0	1024.10	
1949	9	13	12	0	0	1022.30	
1949	9	13	15	0	0	1020.80	
1949	9	13	18	0	0	1018.20	
1949	9	13	21	0	0	1017.70	
1949	9	14	0	0	0	1015.40	
1949	9	14	3	0	0	1012.40	
1949	9	14	6	0	0	1010.30	
1949	9	14	9	0	0	1008.40	
1949	9	14	12	0	0	1006.80	
1949	9	14	15	0	0	1005.90	
1949	9	14	18	0	0	1005.30	
1949	9	14	21	0	0	1005.30	
1949	9	15	0	0	0	1005.50	
1949	9	15	3	0	0	1005.30	
1949	9	15	6	0	0	1005.50	
1949	9	15	9	0	0	1006.00	
1949	9	15	12	0	0	1005.40	
1949	9	15	15	0	0	1005.30	
1949	9	15	18	0	0	1005.80	
1949	9	15	21	0	0	1007.00	
1949	9	16	0	0	0	1007.60	
1949	9	16	3	0	0	1007.80	
1949	9	16	6	0	0	1007.60	
1949	9	16	9	0	0	1008.20	
1949	9	16	12	0	0	1008.20	
1949	9	16	15	0	0	1009.00	
1949	9	16	18	0	0	1010.50	
1949	9	16	21	0	0	1012.10	
1949	9	17	0	0	0	1013.40	
1949	9	17	3	0	0	1014.40	
1949	9	17	6	0	0	1015.50	
1949	9	17	9	0	0	1016.90	
1949	9	17	12	0	0	1016.90	
1949	9	17	15	0	0	1017.30	
1949	9	17	18	0	0	1018.40	
1949	9	17	21	0	0	1019.60	
1949	9	18	0	0	0	1019.90	
1949	9	18	3	0	0	1019.60	
1949	9	18	6	0	0	1019.90	
1949	9	18	9	0	0	1020.60	
1949	9	18	12	0	0	1020.30	
1949	9	18	15	0	0	1019.40	
1949	9	18	18	0	0	1020.10	
1949	9	18	21	0	0	1021.30	
1949	9	19	0	0	0	1021.60	
1949	9	19	3	0	0	1021.40	
1949	9	19	6	0	0	1021.70	
1949	9	19	9	0	0	1022.50	
1949	9	19	12	0	0	1021.90	
1949	9	19	15	0	0	1021.50	
1949	9	19	18	0	0	1022.40	
1949	9	19	21	0	0	1023.20	
1949	9	20	0	0	0	1022.90	
1949	9	20	3	0	0	1022.00	
1949	9	20	6	0	0	1021.80	
1949	9	20	9	0	0	1021.90	
1949	9	20	12	0	0	1021.50	
1949	9	20	15	0	0	1021.00	
1949	9	20	18	0	0	1020.80	
1949	9	20	21	0	0	1021.10	
1949	9	21	0	0	0	1020.20	
1949	9	21	3	0	0	1019.50	
1949	9	21	6	0	0	1019.40	
1949	9	21	9	0	0	1019.50	
1949	9	21	12	0	0	1019.00	
1949	9	21	15	0	0	1018.30	
1949	9	21	18	0	0	1018.40	
1949	9	21	21	0	0	1019.00	
1949	9	22	0	0	0	1018.60	
1949	9	22	3	0	0	1017.70	
1949	9	22	6	0	0	1017.50	
1949	9	22	9	0	0	1018.00	
1949	9	22	12	0	0	1017.00	
1949	9	22	15	0	0	1015.80	
1949	9	22	18	0	0	1015.80	
1949	9	22	21	0	0	1015.90	
1949	9	23	0	0	0	1014.90	
1949	9	23	3	0	0	1013.20	
1949	9	23	6	0	0	1011.40	
1949	9	23	9	0	0	1012.00	
1949	9	23	12	0	0	1011.90	
1949	9	23	15	0	0	1012.40	
1949	9	23	18	0	0	1012.10	
1949	9	23	21	0	0	1011.50	
1949	9	24	0	0	0	1011.80	
1949	9	24	3	0	0	1010.60	
1949	9	24	6	0	0	1009.70	
1949	9	24	9	0	0	1009.70	
1949	9	24	12	0	0	1008.60	
1949	9	24	15	0	0	1008.00	
1949	9	24	18	0	0	1007.80	
1949	9	24	21	0	0	1008.30	
1949	9	25	0	0	0	1008.40	
1949	9	25	3	0	0	1009.30	
1949	9	25	6	0	0	1011.30	
1949	9	25	9	0	0	1014.70	
1949	9	25	12	0	0	1016.80	
1949	9	25	15	0	0	1018.20	
1949	9	25	18	0	0	1020.40	
1949	9	25	21	0	0	1023.00	
1949	9	26	0	0	0	1024.50	
1949	9	26	3	0	0	1025.40	
1949	9	26	6	0	0	1026.00	
1949	9	26	9	0	0	1027.20	
1949	9	26	12	0	0	1026.90	
1949	9	26	15	0	0	1025.50	
1949	9	26	18	0	0	1025.40	
1949	9	26	21	0	0	1026.60	
1949	9	27	0	0	0	1026.80	
1949	9	27	3	0	0	1027.10	
1949	9	27	6	0	0	1027.40	
1949	9	27	9	0	0	1028.30	
1949	9	27	12	0	0	1028.20	
1949	9	27	15	0	0	1027.00	
1949	9	27	18	0	0	1026.80	
1949	9	27	21	0	0	1028.10	
1949	9	28	0	0	0	1028.30	
1949	9	28	3	0	0	1027.50	
1949	9	28	6	0	0	1027.40	
1949	9	28	9	0	0	1027.50	
1949	9	28	12	0	0	1027.20	
1949	9	28	15	0	0	1025.50	
1949	9	28	18	0	0	1024.20	
1949	9	28	21	0	0	1024.20	
1949	9	29	0	0	0	1023.70	
1949	9	29	3	0	0	1022.20	
1949	9	29	6	0	0	1021.30	
1949	9	29	9	0	0	1021.50	
1949	9	29	12	0	0	1020.70	
1949	9	29	15	0	0	1020.10	
1949	9	29	18	0	0	1019.60	
1949	9	29	21	0	0	1021.60	
1949	9	30	0	0	0	1022.40	
1949	9	30	3	0	0	1022.90	
1949	9	30	6	0	0	1023.90	
1949	9	30	9	0	0	1025.50	
1949	9	30	12	0	0	1025.50	
1949	9	30	15	0	0	1024.60	
1949	9	30	18	0	0	1024.00	
1949	9	30	21	0	0	1023.90	
1949	10	1	0	0	0	1024.10	
1949	10	1	3	0	0	1022.90	
1949	10	1	6	0	0	1022.70	
1949	10	1	9	0	0	1022.50	
1949	10	1	12	0	0	1021.60	
1949	10	1	15	0	0	1020.60	
1949	10	1	18	0	0	1020.70	
1949	10	1	21	0	0	1020.80	
1949	10	2	0	0	0	1020.30	
1949	10	2	3	0	0	1019.10	
1949	10	2	6	0	0	1018.60	
1949	10	2	9	0	0	1019.20	
1949	10	2	12	0	0	1020.00	
1949	10	2	15	0	0	1019.50	
1949	10	2	18	0	0	1019.40	
1949	10	2	21	0	0	1019.40	
1949	10	3	0	0	0	1019.40	
1949	10	3	3	0	0	1020.60	
1949	10	3	6	0	0	1022.10	
1949	10	3	9	0	0	1024.20	
1949	10	3	12	0	0	1025.30	
1949	10	3	15	0	0	1025.70	
1949	10	3	18	0	0	1026.30	
1949	10	3	21	0	0	1028.20	
1949	10	4	0	0	0	1028.70	
1949	10	4	3	0	0	1028.00	
1949	10	4	6	0	0	1028.20	
1949	10	4	9	0	0	1028.00	
1949	10	4	12	0	0	1026.30	
1949	10	4	15	0	0	1024.30	
1949	10	4	18	0	0	1023.10	
1949	10	4	21	0	0	1022.20	
1949	10	5	0	0	0	1020.70	
1949	10	5	3	0	0	1019.10	
1949	10	5	6	0	0	1018.30	
1949	10	5	9	0	0	1018.50	
1949	10	5	12	0	0	1018.10	
1949	10	5	15	0	0	1018.80	
1949	10	5	18	0	0	1018.20	
1949	10	5	21	0	0	1019.30	
1949	10	6	0	0	0	1019.20	
1949	10	6	3	0	0	1018.90	
1949	10	6	6	0	0	1018.80	
1949	10	6	9	0	0	1019.50	
1949	10	6	12	0	0	1019.30	
1949	10	6	15	0	0	1018.60	
1949	10	6	18	0	0	1018.80	
1949	10	6	21	0	0	1019.00	
1949	10	7	0	0	0	1018.60	
1949	10	7	3	0	0	1017.70	
1949	10	7	6	0	0	1017.30	
1949	10	7	9	0	0	1017.50	
1949	10	7	12	0	0	1016.80	
1949	10	7	15	0	0	1015.90	
1949	10	7	18	0	0	1015.10	
1949	10	7	21	0	0	1015.20	
1949	10	8	0	0	0	1015.30	
1949	10	8	3	0	0	1014.40	
1949	10	8	6	0	0	1013.20	
1949	10	8	9	0	0	1013.30	
1949	10	8	12	0	0	1013.10	
1949	10	8	15	0	0	1011.50	
1949	10	8	18	0	0	1011.80	
1949	10	8	21	0	0	1012.50	
1949	10	9	0	0	0	1012.30	
1949	10	9	3	0	0	1011.40	
1949	10	9	6	0	0	1011.20	
1949	10	9	9	0	0	1011.50	
1949	10	9	12	0	0	1011.20	
1949	10	9	15	0	0	1010.80	
1949	10	9	18	0	0	1011.00	
1949	10	9	21	0	0	1011.80	
1949	10	10	0	0	0	1012.10	
1949	10	10	3	0	0	1012.10	
1949	10	10	6	0	0	1012.40	
1949	10	10	9	0	0	1013.50	
1949	10	10	12	0	0	1014.00	
1949	10	10	15	0	0	1014.00	
1949	10	10	18	0	0	1014.50	
1949	10	10	21	0	0	1014.20	
1949	10	11	0	0	0	1012.80	
1949	10	11	3	0	0	1011.60	
1949	10	11	6	0	0	1010.00	
1949	10	11	9	0	0	1008.90	
1949	10	11	12	0	0	1008.20	
1949	10	11	15	0	0	1005.90	
1949	10	11	18	0	0	1006.50	
1949	10	11	21	0	0	1009.90	
1949	10	12	0	0	0	1013.10	
1949	10	12	3	0	0	1015.00	
1949	10	12	6	0	0	1017.40	
1949	10	12	9	0	0	1019.70	
1949	10	12	12	0	0	1021.50	
1949	10	12	15	0	0	1022.30	
1949	10	12	18	0	0	1023.80	
1949	10	12	21	0	0	1025.40	
1949	10	13	0	0	0	1026.30	
1949	10	13	3	0	0	1025.80	
1949	10	13	6	0	0	1025.80	
1949	10	13	9	0	0	1026.30	
1949	10	13	12	0	0	1027.10	
1949	10	13	15	0	0	1026.60	
1949	10	13	18	0	0	1026.70	
1949	10	13	21	0	0	1027.40	
1949	10	14	0	0	0	1026.60	
1949	10	14	3	0	0	1024.30	
1949	10	14	6	0	0	1023.80	
1949	10	14	9	0	0	1023.40	
1949	10	14	12	0	0	1020.80	
1949	10	14	15	0	0	1017.80	
1949	10	14	18	0	0	1016.10	
1949	10	14	21	0	0	1014.40	
1949	10	15	0	0	0	1011.50	
1949	10	15	3	0	0	1010.90	
1949	10	15	6	0	0	1011.00	
1949	10	15	9	0	0	1011.00	
1949	10	15	12	0	0	1009.80	
1949	10	15	15	0	0	1008.40	
1949	10	15	18	0	0	1007.90	
1949	10	15	21	0	0	1007.70	
1949	10	16	0	0	0	1007.70	
1949	10	16	3	0	0	1007.70	
1949	10	16	6	0	0	1007.10	
1949	10	16	9	0	0	1007.40	
1949	10	16	12	0	0	1006.40	
1949	10	16	15	0	0	1005.10	
1949	10	16	18	0	0	1004.70	
1949	10	16	21	0	0	1003.00	
1949	10	17	0	0	0	1002.10	
1949	10	17	3	0	0	1001.20	
1949	10	17	6	0	0	1000.60	
1949	10	17	9	0	0	1000.90	
1949	10	17	12	0	0	1001.20	
1949	10	17	15	0	0	1002.40	
1949	10	17	18	0	0	1004.70	
1949	10	17	21	0	0	1006.80	
1949	10	18	0	0	0	1005.10	
1949	10	18	3	0	0	1001.90	
1949	10	18	6	0	0	993.70	
1949	10	18	9	0	0	988.50	
1949	10	18	12	0	0	990.90	
1949	10	18	15	0	0	991.80	
1949	10	18	18	0	0	992.10	
1949	10	18	21	0	0	991.80	
1949	10	19	0	0	0	992.30	
1949	10	19	3	0	0	993.60	
1949	10	19	6	0	0	993.60	
1949	10	19	9	0	0	994.50	
1949	10	19	12	0	0	995.70	
1949	10	19	15	0	0	998.50	
1949	10	19	18	0	0	998.50	
1949	10	19	21	0	0	998.90	
1949	10	20	0	0	0	998.40	
1949	10	20	3	0	0	998.20	
1949	10	20	6	0	0	997.60	
1949	10	20	9	0	0	997.80	
1949	10	20	12	0	0	997.70	
1949	10	20	15	0	0	997.10	
1949	10	20	18	0	0	996.10	
1949	10	20	21	0	0	996.20	
1949	10	21	0	0	0	995.70	
1949	10	21	3	0	0	994.80	
1949	10	21	6	0	0	994.70	
1949	10	21	9	0	0	995.80	
1949	10	21	12	0	0	997.40	
1949	10	21	15	0	0	998.10	
1949	10	21	18	0	0	999.80	
1949	10	21	21	0	0	1009.50	
1949	10	22	0	0	0	1010.10	
1949	10	22	3	0	0	1001.50	
1949	10	22	6	0	0	1001.80	
1949	10	22	9	0	0	1002.00	
1949	10	22	12	0	0	1001.40	
1949	10	22	15	0	0	1000.60	
1949	10	22	18	0	0	999.90	
1949	10	22	21	0	0	1000.50	
1949	10	23	0	0	0	1001.70	
1949	10	23	3	0	0	1002.50	
1949	10	23	6	0	0	1002.60	
1949	10	23	9	0	0	1002.00	
1949	10	23	12	0	0	998.80	
1949	10	23	15	0	0	994.90	
1949	10	23	18	0	0	989.50	
1949	10	23	21	0	0	989.90	
1949	10	24	0	0	0	990.00	
1949	10	24	3	0	0	993.50	
1949	10	24	6	0	0	997.60	
1949	10	24	9	0	0	1001.20	
1949	10	24	12	0	0	1003.70	
1949	10	24	15	0	0	1005.20	
1949	10	24	18	0	0	1007.90	
1949	10	24	21	0	0	1010.60	
1949	10	25	0	0	0	1012.00	
1949	10	25	3	0	0	1011.00	
1949	10	25	6	0	0	1009.90	
1949	10	25	9	0	0	1006.20	
1949	10	25	12	0	0	999.20	
1949	10	25	15	0	0	993.00	
1949	10	25	18	0	0	988.60	
1949	10	25	21	0	0	986.70	
1949	10	26	0	0	0	984.60	
1949	10	26	3	0	0	985.90	
1949	10	26	6	0	0	988.60	
1949	10	26	9	0	0	994.30	
1949	10	26	12	0	0	1000.30	
1949	10	26	15	0	0	1005.20	
1949	10	26	18	0	0	1009.70	
1949	10	26	21	0	0	1012.80	
1949	10	27	0	0	0	1015.30	
1949	10	27	3	0	0	1017.40	
1949	10	27	6	0	0	1019.60	
1949	10	27	9	0	0	1022.60	
1949	10	27	12	0	0	1024.60	
1949	10	27	15	0	0	1025.60	
1949	10	27	18	0	0	1028.20	
1949	10	27	21	0	0	1029.90	
1949	10	28	0	0	0	1030.50	
1949	10	28	3	0	0	1030.60	
1949	10	28	6	0	0	1030.50	
1949	10	28	9	0	0	1031.60	
1949	10	28	12	0	0	1030.30	
1949	10	28	15	0	0	1028.70	
1949	10	28	18	0	0	1028.50	
1949	10	28	21	0	0	1027.90	
1949	10	29	0	0	0	1027.30	
1949	10	29	3	0	0	1026.70	
1949	10	29	6	0	0	1026.70	
1949	10	29	9	0	0	1027.40	
1949	10	29	12	0	0	1027.10	
1949	10	29	15	0	0	1026.90	
1949	10	29	18	0	0	1027.40	
1949	10	29	21	0	0	1028.10	
1949	10	30	0	0	0	1028.10	
1949	10	30	3	0	0	1028.30	
1949	10	30	6	0	0	1029.20	
1949	10	30	9	0	0	1030.40	
1949	10	30	12	0	0	1030.50	
1949	10	30	15	0	0	1029.90	
1949	10	30	18	0	0	1030.90	
1949	10	30	21	0	0	1032.30	
1949	10	31	0	0	0	1032.80	
1949	10	31	3	0	0	1033.10	
1949	10	31	6	0	0	1033.40	
1949	10	31	9	0	0	1034.90	
1949	10	31	12	0	0	1035.00	
1949	10	31	15	0	0	1034.20	
1949	10	31	18	0	0	1034.90	
1949	10	31	21	0	0	1035.00	
1949	11	1	0	0	0	1035.00	
1949	11	1	3	0	0	1034.70	
1949	11	1	6	0	0	1033.90	
1949	11	1	9	0	0	1034.50	
1949	11	1	12	0	0	1033.20	
1949	11	1	15	0	0	1032.20	
1949	11	1	18	0	0	1032.70	
1949	11	1	21	0	0	1032.00	
1949	11	2	0	0	0	1031.50	
1949	11	2	3	0	0	1029.90	
1949	11	2	6	0	0	1029.20	
1949	11	2	9	0	0	1029.70	
1949	11	2	12	0	0	1029.20	
1949	11	2	15	0	0	1027.70	
1949	11	2	18	0	0	1027.70	
1949	11	2	21	0	0	1027.40	
1949	11	3	0	0	0	1026.30	
1949	11	3	3	0	0	1025.40	
1949	11	3	6	0	0	1024.30	
1949	11	3	9	0	0	1023.80	
1949	11	3	12	0	0	1022.00	
1949	11	3	15	0	0	1020.40	
1949	11	3	18	0	0	1019.60	
1949	11	3	21	0	0	1020.40	
1949	11	4	0	0	0	1020.10	
1949	11	4	3	0	0	1019.70	
1949	11	4	6	0	0	1019.30	
1949	11	4	9	0	0	1019.20	
1949	11	4	12	0	0	1017.90	
1949	11	4	15	0	0	1015.20	
1949	11	4	18	0	0	1012.80	
1949	11	4	21	0	0	1010.10	
1949	11	5	0	0	0	1006.60	
1949	11	5	3	0	0	1003.00	
1949	11	5	6	0	0	997.10	
1949	11	5	9	0	0	994.10	
1949	11	5	12	0	0	992.10	
1949	11	5	15	0	0	991.30	
1949	11	5	18	0	0	990.80	
1949	11	5	21	0	0	991.10	
1949	11	6	0	0	0	991.20	
1949	11	6	3	0	0	990.40	
1949	11	6	6	0	0	990.00	
1949	11	6	9	0	0	989.30	
1949	11	6	12	0	0	988.10	
1949	11	6	15	0	0	986.20	
1949	11	6	18	0	0	985.40	
1949	11	6	21	0	0	984.70	
1949	11	7	0	0	0	984.10	
1949	11	7	3	0	0	984.10	
1949	11	7	6	0	0	985.70	
1949	11	7	9	0	0	988.20	
1949	11	7	12	0	0	989.50	
1949	11	7	15	0	0	990.70	
1949	11	7	18	0	0	992.80	
1949	11	7	21	0	0	993.50	
1949	11	8	0	0	0	993.10	
1949	11	8	3	0	0	992.00	
1949	11	8	6	0	0	992.30	
1949	11	8	9	0	0	994.50	
1949	11	8	12	0	0	997.40	
1949	11	8	15	0	0	1000.80	
1949	11	8	18	0	0	1003.60	
1949	11	8	21	0	0	1005.80	
1949	11	9	0	0	0	1006.30	
1949	11	9	3	0	0	1006.10	
1949	11	9	6	0	0	1004.40	
1949	11	9	9	0	0	1001.00	
1949	11	9	12	0	0	996.70	
1949	11	9	15	0	0	994.80	
1949	11	9	18	0	0	996.10	
1949	11	9	21	0	0	996.70	
1949	11	10	0	0	0	997.00	
1949	11	10	3	0	0	996.50	
1949	11	10	6	0	0	996.40	
1949	11	10	9	0	0	997.10	
1949	11	10	12	0	0	996.90	
1949	11	10	15	0	0	997.60	
1949	11	10	18	0	0	999.80	
1949	11	10	21	0	0	1001.90	
1949	11	11	0	0	0	1003.10	
1949	11	11	3	0	0	1003.90	
1949	11	11	6	0	0	1004.00	
1949	11	11	9	0	0	1003.60	
1949	11	11	12	0	0	1002.70	
1949	11	11	15	0	0	1000.80	
1949	11	11	18	0	0	999.90	
1949	11	11	21	0	0	998.80	
1949	11	12	0	0	0	998.20	
1949	11	12	3	0	0	996.00	
1949	11	12	6	0	0	995.70	
1949	11	12	9	0	0	995.40	
1949	11	12	12	0	0	993.60	
1949	11	12	15	0	0	990.20	
1949	11	12	18	0	0	991.80	
1949	11	12	21	0	0	995.30	
1949	11	13	0	0	0	996.30	
1949	11	13	3	0	0	996.20	
1949	11	13	6	0	0	997.30	
1949	11	13	9	0	0	1000.20	
1949	11	13	12	0	0	1003.00	
1949	11	13	15	0	0	1005.80	
1949	11	13	18	0	0	1008.90	
1949	11	13	21	0	0	1011.40	
1949	11	14	0	0	0	1013.70	
1949	11	14	3	0	0	1014.70	
1949	11	14	6	0	0	1014.90	
1949	11	14	9	0	0	1016.70	
1949	11	14	12	0	0	1018.00	
1949	11	14	15	0	0	1019.10	
1949	11	14	18	0	0	1020.80	
1949	11	14	21	0	0	1022.50	
1949	11	15	0	0	0	1023.90	
1949	11	15	3	0	0	1024.30	
1949	11	15	6	0	0	1024.30	
1949	11	15	9	0	0	1025.70	
1949	11	15	12	0	0	1025.20	
1949	11	15	15	0	0	1023.90	
1949	11	15	18	0	0	1024.00	
1949	11	15	21	0	0	1023.90	
1949	11	16	0	0	0	1023.00	
1949	11	16	3	0	0	1022.00	
1949	11	16	6	0	0	1021.60	
1949	11	16	9	0	0	1021.30	
1949	11	16	12	0	0	1020.40	
1949	11	16	15	0	0	1017.80	
1949	11	16	18	0	0	1016.40	
1949	11	16	21	0	0	1014.70	
1949	11	17	0	0	0	1012.40	
1949	11	17	3	0	0	1009.80	
1949	11	17	6	0	0	1008.00	
1949	11	17	9	0	0	1006.50	
1949	11	17	12	0	0	1004.20	
1949	11	17	15	0	0	1000.80	
1949	11	17	18	0	0	999.80	
1949	11	17	21	0	0	998.70	
1949	11	18	0	0	0	997.80	
1949	11	18	3	0	0	996.70	
1949	11	18	6	0	0	996.70	
1949	11	18	9	0	0	997.10	
1949	11	18	12	0	0	997.30	
1949	11	18	15	0	0	997.10	
1949	11	18	18	0	0	998.10	
1949	11	18	21	0	0	998.80	
1949	11	19	0	0	0	998.40	
1949	11	19	3	0	0	999.80	
1949	11	19	6	0	0	1001.20	
1949	11	19	9	0	0	1002.60	
1949	11	19	12	0	0	1003.50	
1949	11	19	15	0	0	1004.10	
1949	11	19	18	0	0	1006.00	
1949	11	19	21	0	0	1006.60	
1949	11	20	0	0	0	1006.70	
1949	11	20	3	0	0	1006.40	
1949	11	20	6	0	0	1005.70	
1949	11	20	9	0	0	1005.90	
1949	11	20	12	0	0	1005.20	
1949	11	20	15	0	0	1003.90	
1949	11	20	18	0	0	1003.80	
1949	11	20	21	0	0	1001.40	
1949	11	21	0	0	0	996.80	
1949	11	21	3	0	0	990.50	
1949	11	21	6	0	0	985.50	
1949	11	21	9	0	0	984.20	
1949	11	21	12	0	0	984.60	
1949	11	21	15	0	0	986.10	
1949	11	21	18	0	0	987.50	
1949	11	21	21	0	0	987.50	
1949	11	22	0	0	0	986.70	
1949	11	22	3	0	0	986.00	
1949	11	22	6	0	0	987.40	
1949	11	22	9	0	0	988.00	
1949	11	22	12	0	0	989.50	
1949	11	22	15	0	0	989.00	
1949	11	22	18	0	0	989.80	
1949	11	22	21	0	0	990.40	
1949	11	23	0	0	0	990.30	
1949	11	23	3	0	0	989.90	
1949	11	23	6	0	0	990.10	
1949	11	23	9	0	0	990.70	
1949	11	23	12	0	0	990.90	
1949	11	23	15	0	0	991.10	
1949	11	23	18	0	0	992.80	
1949	11	23	21	0	0	994.40	
1949	11	24	0	0	0	995.70	
1949	11	24	3	0	0	997.30	
1949	11	24	6	0	0	998.80	
1949	11	24	9	0	0	1001.00	
1949	11	24	12	0	0	1001.90	
1949	11	24	15	0	0	1002.40	
1949	11	24	18	0	0	1003.00	
1949	11	24	21	0	0	1003.20	
1949	11	25	0	0	0	1003.10	
1949	11	25	3	0	0	1002.70	
1949	11	25	6	0	0	1002.20	
1949	11	25	9	0	0	1002.70	
1949	11	25	12	0	0	1002.50	
1949	11	25	15	0	0	1002.00	
1949	11	25	18	0	0	1002.40	
1949	11	25	21	0	0	1003.40	
1949	11	26	0	0	0	1003.80	
1949	11	26	3	0	0	1003.50	
1949	11	26	6	0	0	1003.90	
1949	11	26	9	0	0	1004.10	
1949	11	26	12	0	0	1004.10	
1949	11	26	15	0	0	1003.90	
1949	11	26	18	0	0	1004.40	
1949	11	26	21	0	0	1004.80	
1949	11	27	0	0	0	1004.80	
1949	11	27	6	0	0	1004.70	
1949	11	27	9	0	0	1005.20	
1949	11	27	12	0	0	1005.30	
1949	11	27	15	0	0	1005.20	
1949	11	27	18	0	0	1006.70	
1949	11	27	21	0	0	1009.20	
1949	11	28	0	0	0	1010.40	
1949	11	28	3	0	0	1010.80	
1949	11	28	6	0	0	1011.80	
1949	11	28	9	0	0	1014.50	
1949	11	28	12	0	0	1015.70	
1949	11	28	15	0	0	1016.40	
1949	11	28	18	0	0	1017.70	
1949	11	28	21	0	0	1018.70	
1949	11	29	0	0	0	1018.80	
1949	11	29	3	0	0	1018.20	
1949	11	29	6	0	0	1017.10	
1949	11	29	9	0	0	1015.70	
1949	11	29	12	0	0	1014.70	
1949	11	29	15	0	0	1013.90	
1949	11	29	18	0	0	1013.80	
1949	11	29	21	0	0	1014.00	
1949	11	30	0	0	0	1014.80	
1949	11	30	3	0	0	1014.90	
1949	11	30	6	0	0	1013.50	
1949	11	30	9	0	0	1013.00	
1949	11	30	12	0	0	1013.20	
1949	11	30	15	0	0	1011.90	
1949	11	30	18	0	0	1011.40	
1949	11	30	21	0	0	1011.40	
1949	12	1	0	0	0	1011.10	
1949	12	1	3	0	0	1010.10	
1949	12	1	6	0	0	1008.90	
1949	12	1	9	0	0	1007.80	
1949	12	1	12	0	0	1006.90	
1949	12	1	15	0	0	1004.80	
1949	12	1	18	0	0	1004.10	
1949	12	1	21	0	0	1004.10	
1949	12	2	0	0	0	1004.00	
1949	12	2	3	0	0	1004.70	
1949	12	2	6	0	0	1007.90	
1949	12	2	9	0	0	1011.30	
1949	12	2	12	0	0	1012.40	
1949	12	2	15	0	0	1012.80	
1949	12	2	18	0	0	1011.50	
1949	12	2	21	0	0	1007.60	
1949	12	3	0	0	0	1000.80	
1949	12	3	3	0	0	992.30	
1949	12	3	6	0	0	992.50	
1949	12	3	9	0	0	995.30	
1949	12	3	12	0	0	995.40	
1949	12	3	15	0	0	995.00	
1949	12	3	18	0	0	993.70	
1949	12	3	21	0	0	988.70	
1949	12	4	0	0	0	984.50	
1949	12	4	3	0	0	985.90	
1949	12	4	6	0	0	992.60	
1949	12	4	9	0	0	996.50	
1949	12	4	12	0	0	998.60	
1949	12	4	15	0	0	998.10	
1949	12	4	18	0	0	998.20	
1949	12	4	21	0	0	999.70	
1949	12	5	0	0	0	1000.10	
1949	12	5	3	0	0	998.80	
1949	12	5	6	0	0	996.70	
1949	12	5	9	0	0	996.40	
1949	12	5	12	0	0	998.00	
1949	12	5	15	0	0	999.90	
1949	12	5	18	0	0	1002.20	
1949	12	5	21	0	0	1003.90	
1949	12	6	0	0	0	1005.40	
1949	12	6	3	0	0	1005.80	
1949	12	6	6	0	0	1005.70	
1949	12	6	9	0	0	1006.70	
1949	12	6	12	0	0	1005.80	
1949	12	6	15	0	0	1003.70	
1949	12	6	18	0	0	1001.10	
1949	12	6	21	0	0	1000.10	
1949	12	7	0	0	0	1000.10	
1949	12	7	3	0	0	999.10	
1949	12	7	6	0	0	995.90	
1949	12	7	9	0	0	994.70	
1949	12	7	12	0	0	992.50	
1949	12	7	15	0	0	990.80	
1949	12	7	18	0	0	991.60	
1949	12	7	21	0	0	992.80	
1949	12	8	0	0	0	993.10	
1949	12	8	3	0	0	992.60	
1949	12	8	6	0	0	992.30	
1949	12	8	9	0	0	993.70	
1949	12	8	12	0	0	994.00	
1949	12	8	15	0	0	993.80	
1949	12	8	18	0	0	994.20	
1949	12	8	21	0	0	994.50	
1949	12	9	0	0	0	993.80	
1949	12	9	3	0	0	994.00	
1949	12	9	6	0	0	994.30	
1949	12	9	9	0	0	995.60	
1949	12	9	12	0	0	997.30	
1949	12	9	15	0	0	998.80	
1949	12	9	18	0	0	1001.90	
1949	12	9	21	0	0	1005.00	
1949	12	10	0	0	0	1007.10	
1949	12	10	3	0	0	1009.80	
1949	12	10	6	0	0	1012.70	
1949	12	10	9	0	0	1016.30	
1949	12	10	12	0	0	1018.30	
1949	12	10	15	0	0	1020.80	
1949	12	10	18	0	0	1023.80	
1949	12	10	21	0	0	1026.00	
1949	12	11	0	0	0	1028.00	
1949	12	11	3	0	0	1028.90	
1949	12	11	6	0	0	1029.60	
1949	12	11	9	0	0	1031.00	
1949	12	11	12	0	0	1030.60	
1949	12	11	15	0	0	1029.70	
1949	12	11	18	0	0	1030.30	
1949	12	11	21	0	0	1030.60	
1949	12	12	0	0	0	1029.80	
1949	12	12	3	0	0	1028.60	
1949	12	12	6	0	0	1026.10	
1949	12	12	9	0	0	1025.50	
1949	12	12	12	0	0	1023.40	
1949	12	12	15	0	0	1021.20	
1949	12	12	18	0	0	1019.70	
1949	12	12	21	0	0	1018.20	
1949	12	13	0	0	0	1016.30	
1949	12	13	3	0	0	1013.20	
1949	12	13	6	0	0	1011.00	
1949	12	13	9	0	0	1009.20	
1949	12	13	12	0	0	1006.80	
1949	12	13	15	0	0	1005.00	
1949	12	13	18	0	0	1005.20	
1949	12	13	21	0	0	1003.90	
1949	12	14	0	0	0	1005.90	
1949	12	14	3	0	0	1005.10	
1949	12	14	6	0	0	1003.80	
1949	12	14	9	0	0	1003.40	
1949	12	14	12	0	0	1002.40	
1949	12	14	15	0	0	999.90	
1949	12	14	18	0	0	994.70	
1949	12	14	21	0	0	990.60	
1949	12	15	0	0	0	988.10	
1949	12	15	3	0	0	989.70	
1949	12	15	6	0	0	988.90	
1949	12	15	9	0	0	992.80	
1949	12	15	12	0	0	996.30	
1949	12	15	15	0	0	998.00	
1949	12	15	18	0	0	1000.60	
1949	12	15	21	0	0	1003.10	
1949	12	16	0	0	0	1004.20	
1949	12	16	3	0	0	1003.70	
1949	12	16	6	0	0	1002.10	
1949	12	16	9	0	0	1001.10	
1949	12	16	12	0	0	998.60	
1949	12	16	15	0	0	996.20	
1949	12	16	18	0	0	996.50	
1949	12	16	21	0	0	995.20	
1949	12	17	0	0	0	992.40	
1949	12	17	3	0	0	989.80	
1949	12	17	6	0	0	987.40	
1949	12	17	9	0	0	988.60	
1949	12	17	12	0	0	990.30	
1949	12	17	15	0	0	992.80	
1949	12	17	18	0	0	995.10	
1949	12	17	21	0	0	995.60	
1949	12	18	0	0	0	997.20	
1949	12	18	3	0	0	1001.30	
1949	12	18	6	0	0	1000.00	
1949	12	18	9	0	0	1001.60	
1949	12	18	12	0	0	1001.80	
1949	12	18	15	0	0	999.30	
1949	12	18	18	0	0	991.60	
1949	12	18	21	0	0	986.80	
1949	12	19	0	0	0	984.60	
1949	12	19	3	0	0	987.10	
1949	12	19	6	0	0	988.00	
1949	12	19	9	0	0	989.10	
1949	12	19	12	0	0	990.90	
1949	12	19	15	0	0	991.50	
1949	12	19	18	0	0	992.30	
1949	12	19	21	0	0	995.30	
1949	12	20	0	0	0	997.60	
1949	12	20	3	0	0	999.70	
1949	12	20	6	0	0	1002.30	
1949	12	20	9	0	0	1005.10	
1949	12	20	12	0	0	1006.80	
1949	12	20	15	0	0	1007.30	
1949	12	20	18	0	0	1007.80	
1949	12	20	21	0	0	1008.70	
1949	12	21	0	0	0	1009.00	
1949	12	21	3	0	0	1010.10	
1949	12	21	6	0	0	1011.50	
1949	12	21	9	0	0	1013.60	
1949	12	21	12	0	0	1014.40	
1949	12	21	15	0	0	1015.40	
1949	12	21	18	0	0	1016.90	
1949	12	21	21	0	0	1019.10	
1949	12	22	0	0	0	1020.70	
1949	12	22	3	0	0	1021.60	
1949	12	22	6	0	0	1020.60	
1949	12	22	9	0	0	1019.70	
1949	12	22	12	0	0	1020.00	
1949	12	22	15	0	0	1020.60	
1949	12	22	18	0	0	1022.70	
1949	12	22	21	0	0	1023.60	
1949	12	23	0	0	0	1025.10	
1949	12	23	3	0	0	1027.10	
1949	12	23	6	0	0	1027.50	
1949	12	23	9	0	0	1028.30	
1949	12	23	12	0	0	1028.70	
1949	12	23	15	0	0	1028.70	
1949	12	23	18	0	0	1029.40	
1949	12	23	21	0	0	1029.40	
1949	12	24	0	0	0	1029.00	
1949	12	24	3	0	0	1028.90	
1949	12	24	6	0	0	1027.80	
1949	12	24	9	0	0	1027.30	
1949	12	24	12	0	0	1026.70	
1949	12	24	15	0	0	1025.50	
1949	12	24	18	0	0	1023.80	
1949	12	24	21	0	0	1022.30	
1949	12	25	0	0	0	1018.80	
1949	12	25	3	0	0	1017.20	
1949	12	25	6	0	0	1013.50	
1949	12	25	9	0	0	1011.00	
1949	12	25	12	0	0	1008.70	
1949	12	25	15	0	0	1003.90	
1949	12	25	18	0	0	1000.80	
1949	12	25	21	0	0	996.40	
1949	12	26	0	0	0	996.30	
1949	12	26	3	0	0	999.10	
1949	12	26	6	0	0	1001.70	
1949	12	26	9	0	0	1005.40	
1949	12	26	12	0	0	1006.50	
1949	12	26	15	0	0	1006.00	
1949	12	26	18	0	0	1004.90	
1949	12	26	21	0	0	1005.10	
1949	12	27	0	0	0	1006.40	
1949	12	27	3	0	0	1007.00	
1949	12	27	6	0	0	1007.90	
1949	12	27	9	0	0	1010.80	
1949	12	27	12	0	0	1012.70	
1949	12	27	15	0	0	1013.60	
1949	12	27	18	0	0	1014.10	
1949	12	27	21	0	0	1015.70	
1949	12	28	0	0	0	1016.60	
1949	12	28	3	0	0	1016.80	
1949	12	28	6	0	0	1016.20	
1949	12	28	9	0	0	1016.70	
1949	12	28	12	0	0	1016.70	
1949	12	28	15	0	0	1015.70	
1949	12	28	18	0	0	1015.90	
1949	12	28	21	0	0	1016.20	
1949	12	29	0	0	0	1015.80	
1949	12	29	3	0	0	1015.00	
1949	12	29	6	0	0	1015.00	
1949	12	29	9	0	0	1016.60	
1949	12	29	12	0	0	1016.20	
1949	12	29	15	0	0	1015.60	
1949	12	29	18	0	0	1015.50	
1949	12	29	21	0	0	1015.70	
1949	12	30	0	0	0	1015.30	
1949	12	30	3	0	0	1015.60	
1949	12	30	6	0	0	1014.20	
1949	12	30	9	0	0	1015.40	
1949	12	30	12	0	0	1015.20	
1949	12	30	15	0	0	1015.20	
1949	12	30	18	0	0	1016.40	
1949	12	30	21	0	0	1017.70	
1949	12	31	0	0	0	1019.10	
1949	12	31	3	0	0	1019.80	
1949	12	31	6	0	0	1021.00	
1949	12	31	9	0	0	1023.80	
1949	12	31	12	0	0	1025.40	
1949	12	31	15	0	0	1026.90	
1949	12	31	18	0	0	1027.30	
1949	12	31	21	0	0	1028.50	
1950	1	1	0	0	0	1029.00	
1950	1	1	3	0	0	1029.40	
1950	1	1	6	0	0	1028.80	
1950	1	1	9	0	0	1028.70	
1950	1	1	12	0	0	1027.60	
1950	1	1	15	0	0	1026.70	
1950	1	1	18	0	0	1025.60	
1950	1	1	21	0	0	1024.60	
1950	1	2	0	0	0	1023.90	
1950	1	2	3	0	0	1022.20	
1950	1	2	6	0	0	1018.80	
1950	1	2	9	0	0	1017.70	
1950	1	2	12	0	0	1017.70	
1950	1	2	15	0	0	1017.20	
1950	1	2	18	0	0	1017.40	
1950	1	2	21	0	0	1017.70	
1950	1	3	0	0	0	1017.20	
1950	1	3	3	0	0	1017.30	
1950	1	3	6	0	0	1016.40	
1950	1	3	9	0	0	1015.20	
1950	1	3	12	0	0	1012.90	
1950	1	3	15	0	0	1012.20	
1950	1	3	18	0	0	1013.20	
1950	1	3	21	0	0	1013.80	
1950	1	4	0	0	0	1014.00	
1950	1	4	3	0	0	1013.30	
1950	1	4	6	0	0	1011.90	
1950	1	4	9	0	0	1011.30	
1950	1	4	12	0	0	1010.70	
1950	1	4	15	0	0	1009.90	
1950	1	4	18	0	0	1009.30	
1950	1	4	21	0	0	1007.90	
1950	1	5	0	0	0	1007.10	
1950	1	5	3	0	0	1005.90	
1950	1	5	6	0	0	1004.20	
1950	1	5	9	0	0	1002.80	
1950	1	5	12	0	0	1000.30	
1950	1	5	15	0	0	995.30	
1950	1	5	18	0	0	993.40	
1950	1	5	21	0	0	994.40	
1950	1	6	0	0	0	995.30	
1950	1	6	3	0	0	996.10	
1950	1	6	6	0	0	996.30	
1950	1	6	9	0	0	997.70	
1950	1	6	12	0	0	997.80	
1950	1	6	15	0	0	996.60	
1950	1	6	18	0	0	997.20	
1950	1	6	21	0	0	998.40	
1950	1	7	0	0	0	1000.10	
1950	1	7	3	0	0	1001.30	
1950	1	7	6	0	0	1002.70	
1950	1	7	9	0	0	1004.80	
1950	1	7	12	0	0	1006.70	
1950	1	7	15	0	0	1007.70	
1950	1	7	18	0	0	1009.20	
1950	1	7	21	0	0	1009.90	
1950	1	8	0	0	0	1010.40	
1950	1	8	3	0	0	1005.90	
1950	1	8	6	0	0	1005.50	
1950	1	8	9	0	0	1010.70	
1950	1	8	12	0	0	1011.00	
1950	1	8	15	0	0	1011.20	
1950	1	8	18	0	0	1011.40	
1950	1	8	21	0	0	1010.90	
1950	1	9	0	0	0	1012.00	
1950	1	9	3	0	0	1011.60	
1950	1	9	6	0	0	1011.70	
1950	1	9	9	0	0	1012.80	
1950	1	9	12	0	0	1012.80	
1950	1	9	15	0	0	1012.70	
1950	1	9	18	0	0	1013.30	
1950	1	9	21	0	0	1013.80	
1950	1	10	0	0	0	1015.50	
1950	1	10	3	0	0	1016.50	
1950	1	10	6	0	0	1016.70	
1950	1	10	9	0	0	1017.80	
1950	1	10	12	0	0	1019.70	
1950	1	10	15	0	0	1020.30	
1950	1	10	18	0	0	1021.80	
1950	1	10	21	0	0	1022.70	
1950	1	11	0	0	0	1024.00	
1950	1	11	3	0	0	1024.30	
1950	1	11	6	0	0	1023.60	
1950	1	11	9	0	0	1023.90	
1950	1	11	12	0	0	1023.60	
1950	1	11	15	0	0	1023.50	
1950	1	11	18	0	0	1024.70	
1950	1	11	21	0	0	1026.10	
1950	1	12	0	0	0	1027.90	
1950	1	12	3	0	0	1029.80	
1950	1	12	6	0	0	1031.40	
1950	1	12	9	0	0	1033.00	
1950	1	12	12	0	0	1034.90	
1950	1	12	15	0	0	1033.30	
1950	1	12	18	0	0	1031.90	
1950	1	12	21	0	0	1030.30	
1950	1	13	0	0	0	1027.10	
1950	1	13	3	0	0	1024.00	
1950	1	13	6	0	0	1021.00	
1950	1	13	9	0	0	1019.70	
1950	1	13	12	0	0	1020.40	
1950	1	13	15	0	0	1022.30	
1950	1	13	18	0	0	1023.20	
1950	1	13	21	0	0	1024.30	
1950	1	14	0	0	0	1024.00	
1950	1	14	3	0	0	1024.20	
1950	1	14	6	0	0	1023.50	
1950	1	14	9	0	0	1024.30	
1950	1	14	12	0	0	1024.70	
1950	1	14	15	0	0	1023.70	
1950	1	14	18	0	0	1023.40	
1950	1	14	21	0	0	1021.50	
1950	1	15	0	0	0	1019.30	
1950	1	15	3	0	0	1015.70	
1950	1	15	6	0	0	1014.50	
1950	1	15	9	0	0	1013.40	
1950	1	15	12	0	0	1013.60	
1950	1	15	15	0	0	1013.00	
1950	1	15	18	0	0	1011.50	
1950	1	15	21	0	0	1011.00	
1950	1	16	0	0	0	1011.40	
1950	1	16	3	0	0	1010.70	
1950	1	16	6	0	0	1009.40	
1950	1	16	9	0	0	1009.10	
1950	1	16	12	0	0	1008.00	
1950	1	16	15	0	0	1007.00	
1950	1	16	18	0	0	1007.90	
1950	1	16	21	0	0	1010.20	
1950	1	17	0	0	0	1014.10	
1950	1	17	3	0	0	1017.20	
1950	1	17	6	0	0	1019.70	
1950	1	17	9	0	0	1023.10	
1950	1	17	12	0	0	1025.50	
1950	1	17	15	0	0	1026.50	
1950	1	17	18	0	0	1028.10	
1950	1	17	21	0	0	1029.80	
1950	1	18	0	0	0	1030.50	
1950	1	18	6	0	0	1023.70	
1950	1	18	9	0	0	1034.10	
1950	1	18	12	0	0	1034.40	
1950	1	18	15	0	0	1034.30	
1950	1	18	18	0	0	1034.90	
1950	1	18	21	0	0	1035.20	
1950	1	19	0	0	0	1035.10	
1950	1	19	3	0	0	1034.90	
1950	1	19	6	0	0	1034.60	
1950	1	19	9	0	0	1034.90	
1950	1	19	12	0	0	1035.20	
1950	1	19	15	0	0	1034.50	
1950	1	19	18	0	0	1034.90	
1950	1	19	21	0	0	1035.80	
1950	1	20	0	0	0	1036.00	
1950	1	20	3	0	0	1035.80	
1950	1	20	6	0	0	1035.30	
1950	1	20	9	0	0	1035.60	
1950	1	20	12	0	0	1035.20	
1950	1	20	15	0	0	1034.50	
1950	1	20	18	0	0	1035.00	
1950	1	20	21	0	0	1035.80	
1950	1	21	0	0	0	1035.50	
1950	1	21	3	0	0	1034.30	
1950	1	21	6	0	0	1034.50	
1950	1	21	9	0	0	1034.90	
1950	1	21	12	0	0	1035.10	
1950	1	21	15	0	0	1034.20	
1950	1	21	18	0	0	1034.30	
1950	1	21	21	0	0	1034.40	
1950	1	22	0	0	0	1033.60	
1950	1	22	3	0	0	1033.00	
1950	1	22	6	0	0	1032.30	
1950	1	22	9	0	0	1032.10	
1950	1	22	12	0	0	1031.60	
1950	1	22	15	0	0	1030.70	
1950	1	22	18	0	0	1031.40	
1950	1	22	21	0	0	1031.20	
1950	1	23	0	0	0	1031.30	
1950	1	23	3	0	0	1030.60	
1950	1	23	6	0	0	1030.60	
1950	1	23	9	0	0	1030.50	
1950	1	23	12	0	0	1030.60	
1950	1	23	15	0	0	1029.30	
1950	1	23	18	0	0	1029.50	
1950	1	23	21	0	0	1029.20	
1950	1	24	0	0	0	1028.70	
1950	1	24	3	0	0	1026.90	
1950	1	24	6	0	0	1027.40	
1950	1	24	9	0	0	1027.40	
1950	1	24	12	0	0	1026.70	
1950	1	24	15	0	0	1025.70	
1950	1	24	18	0	0	1025.00	
1950	1	24	21	0	0	1024.50	
1950	1	25	0	0	0	1023.70	
1950	1	25	3	0	0	1022.60	
1950	1	25	6	0	0	1022.00	
1950	1	25	9	0	0	1021.60	
1950	1	25	12	0	0	1021.30	
1950	1	25	15	0	0	1020.30	
1950	1	25	18	0	0	1019.90	
1950	1	25	21	0	0	1019.10	
1950	1	26	0	0	0	1019.50	
1950	1	26	3	0	0	1019.10	
1950	1	26	6	0	0	1019.60	
1950	1	26	9	0	0	1020.80	
1950	1	26	12	0	0	1021.70	
1950	1	26	15	0	0	1021.30	
1950	1	26	18	0	0	1022.50	
1950	1	26	21	0	0	1023.20	
1950	1	27	0	0	0	1024.10	
1950	1	27	3	0	0	1024.50	
1950	1	27	6	0	0	1024.60	
1950	1	27	9	0	0	1025.90	
1950	1	27	12	0	0	1026.60	
1950	1	27	15	0	0	1026.10	
1950	1	27	18	0	0	1026.80	
1950	1	27	21	0	0	1027.50	
1950	1	28	0	0	0	1027.50	
1950	1	28	3	0	0	1026.80	
1950	1	28	6	0	0	1026.40	
1950	1	28	9	0	0	1026.50	
1950	1	28	12	0	0	1026.00	
1950	1	28	15	0	0	1024.70	
1950	1	28	18	0	0	1024.60	
1950	1	28	21	0	0	1024.20	
1950	1	29	0	0	0	1023.30	
1950	1	29	3	0	0	1022.50	
1950	1	29	6	0	0	1021.50	
1950	1	29	9	0	0	1021.90	
1950	1	29	12	0	0	1021.00	
1950	1	29	15	0	0	1019.40	
1950	1	29	18	0	0	1018.50	
1950	1	29	21	0	0	1017.90	
1950	1	30	0	0	0	1017.70	
1950	1	30	3	0	0	1015.90	
1950	1	30	6	0	0	1014.50	
1950	1	30	9	0	0	1014.20	
1950	1	30	12	0	0	1013.50	
1950	1	30	15	0	0	1012.80	
1950	1	30	18	0	0	1012.80	
1950	1	30	21	0	0	1011.60	
1950	1	31	0	0	0	1009.70	
1950	1	31	3	0	0	1008.10	
1950	1	31	6	0	0	1007.20	
1950	1	31	9	0	0	1006.40	
1950	1	31	12	0	0	1006.70	
1950	1	31	15	0	0	1006.60	
1950	1	31	18	0	0	1006.30	
1950	1	31	21	0	0	1006.00	
1950	2	1	0	0	0	1005.10	
1950	2	1	3	0	0	1005.10	
1950	2	1	6	0	0	1004.70	
1950	2	1	9	0	0	1001.80	
1950	2	1	12	0	0	1000.90	
1950	2	1	15	0	0	994.10	
1950	2	1	18	0	0	990.20	
1950	2	1	21	0	0	988.80	
1950	2	2	0	0	0	994.10	
1950	2	2	3	0	0	998.20	
1950	2	2	6	0	0	1002.00	
1950	2	2	9	0	0	1005.00	
1950	2	2	12	0	0	1003.60	
1950	2	2	15	0	0	1001.70	
1950	2	2	18	0	0	995.50	
1950	2	2	21	0	0	987.50	
1950	2	3	0	0	0	986.90	
1950	2	3	3	0	0	990.20	
1950	2	3	6	0	0	989.50	
1950	2	3	9	0	0	987.60	
1950	2	3	12	0	0	984.60	
1950	2	3	15	0	0	988.90	
1950	2	3	18	0	0	993.30	
1950	2	3	21	0	0	996.40	
1950	2	4	0	0	0	998.70	
1950	2	4	3	0	0	1000.10	
1950	2	4	6	0	0	1001.50	
1950	2	4	9	0	0	1001.90	
1950	2	4	12	0	0	1001.90	
1950	2	4	15	0	0	1001.70	
1950	2	4	18	0	0	1000.90	
1950	2	4	21	0	0	999.40	
1950	2	5	0	0	0	993.70	
1950	2	5	3	0	0	987.70	
1950	2	5	6	0	0	986.60	
1950	2	5	9	0	0	989.00	
1950	2	5	12	0	0	991.30	
1950	2	5	15	0	0	991.00	
1950	2	5	18	0	0	989.40	
1950	2	5	21	0	0	987.00	
1950	2	6	0	0	0	985.50	
1950	2	6	3	0	0	985.60	
1950	2	6	6	0	0	988.60	
1950	2	6	9	0	0	992.70	
1950	2	6	12	0	0	996.60	
1950	2	6	15	0	0	999.90	
1950	2	6	18	0	0	1002.60	
1950	2	6	21	0	0	1005.40	
1950	2	7	0	0	0	1008.10	
1950	2	7	3	0	0	1009.30	
1950	2	7	6	0	0	1009.90	
1950	2	7	9	0	0	1010.00	
1950	2	7	12	0	0	1008.20	
1950	2	7	15	0	0	1004.30	
1950	2	7	18	0	0	1002.40	
1950	2	7	21	0	0	1001.40	
1950	2	8	0	0	0	1001.00	
1950	2	8	3	0	0	999.90	
1950	2	8	6	0	0	999.00	
1950	2	8	9	0	0	998.30	
1950	2	8	12	0	0	998.20	
1950	2	8	15	0	0	999.50	
1950	2	8	18	0	0	1001.40	
1950	2	8	21	0	0	1004.10	
1950	2	9	0	0	0	1005.30	
1950	2	9	3	0	0	1004.70	
1950	2	9	6	0	0	1003.10	
1950	2	9	9	0	0	1001.90	
1950	2	9	12	0	0	1001.10	
1950	2	9	15	0	0	999.10	
1950	2	9	18	0	0	997.80	
1950	2	9	21	0	0	996.80	
1950	2	10	0	0	0	995.90	
1950	2	10	3	0	0	994.80	
1950	2	10	6	0	0	990.70	
1950	2	10	9	0	0	987.20	
1950	2	10	12	0	0	984.70	
1950	2	10	15	0	0	983.60	
1950	2	10	18	0	0	983.90	
1950	2	10	21	0	0	983.50	
1950	2	11	0	0	0	980.70	
1950	2	11	3	0	0	978.80	
1950	2	11	6	0	0	977.00	
1950	2	11	9	0	0	976.70	
1950	2	11	12	0	0	977.30	
1950	2	11	15	0	0	978.50	
1950	2	11	18	0	0	977.50	
1950	2	11	21	0	0	980.00	
1950	2	12	0	0	0	984.20	
1950	2	12	3	0	0	988.50	
1950	2	12	6	0	0	991.90	
1950	2	12	9	0	0	994.70	
1950	2	12	12	0	0	995.40	
1950	2	12	15	0	0	992.80	
1950	2	12	18	0	0	988.90	
1950	2	12	21	0	0	982.90	
1950	2	13	0	0	0	978.50	
1950	2	13	3	0	0	986.10	
1950	2	13	6	0	0	987.80	
1950	2	13	9	0	0	983.30	
1950	2	13	12	0	0	986.70	
1950	2	13	15	0	0	990.30	
1950	2	13	18	0	0	992.70	
1950	2	13	21	0	0	995.20	
1950	2	14	0	0	0	998.60	
1950	2	14	3	0	0	1001.20	
1950	2	14	6	0	0	1003.40	
1950	2	14	9	0	0	1003.50	
1950	2	14	12	0	0	1004.50	
1950	2	14	15	0	0	1006.20	
1950	2	14	18	0	0	1006.60	
1950	2	14	21	0	0	1006.80	
1950	2	15	0	0	0	1005.40	
1950	2	15	3	0	0	1002.20	
1950	2	15	6	0	0	1000.20	
1950	2	15	9	0	0	1000.60	
1950	2	15	12	0	0	1000.50	
1950	2	15	15	0	0	1001.50	
1950	2	15	18	0	0	1004.20	
1950	2	15	21	0	0	1006.80	
1950	2	16	0	0	0	1007.50	
1950	2	16	3	0	0	1008.60	
1950	2	16	6	0	0	1009.60	
1950	2	16	9	0	0	1011.50	
1950	2	16	12	0	0	1014.10	
1950	2	16	15	0	0	1014.50	
1950	2	16	18	0	0	1016.20	
1950	2	16	21	0	0	1016.50	
1950	2	17	0	0	0	1016.80	
1950	2	17	3	0	0	1016.50	
1950	2	17	6	0	0	1016.00	
1950	2	17	9	0	0	1016.70	
1950	2	17	12	0	0	1016.40	
1950	2	17	15	0	0	1015.20	
1950	2	17	18	0	0	1013.20	
1950	2	17	21	0	0	1012.90	
1950	2	18	0	0	0	1014.10	
1950	2	18	3	0	0	1015.20	
1950	2	18	6	0	0	1016.90	
1950	2	18	9	0	0	1017.50	
1950	2	18	12	0	0	1017.60	
1950	2	18	15	0	0	1015.90	
1950	2	18	18	0	0	1016.90	
1950	2	18	21	0	0	1018.00	
1950	2	19	0	0	0	1018.80	
1950	2	19	3	0	0	1019.10	
1950	2	19	6	0	0	1018.50	
1950	2	19	9	0	0	1018.40	
1950	2	19	12	0	0	1017.40	
1950	2	19	15	0	0	1014.90	
1950	2	19	18	0	0	1010.90	
1950	2	19	21	0	0	1007.00	
1950	2	20	0	0	0	1002.20	
1950	2	20	3	0	0	997.40	
1950	2	20	6	0	0	994.40	
1950	2	20	9	0	0	993.50	
1950	2	20	12	0	0	994.30	
1950	2	20	15	0	0	996.40	
1950	2	20	18	0	0	1001.50	
1950	2	20	21	0	0	1000.90	
1950	2	21	0	0	0	1007.50	
1950	2	21	3	0	0	1010.40	
1950	2	21	6	0	0	1013.50	
1950	2	21	9	0	0	1017.10	
1950	2	21	12	0	0	1020.00	
1950	2	21	15	0	0	1021.50	
1950	2	21	18	0	0	1022.90	
1950	2	21	21	0	0	1024.40	
1950	2	22	0	0	0	1025.20	
1950	2	22	3	0	0	1025.00	
1950	2	22	6	0	0	1024.50	
1950	2	22	9	0	0	1025.40	
1950	2	22	12	0	0	1023.30	
1950	2	22	15	0	0	1021.50	
1950	2	22	18	0	0	1020.20	
1950	2	22	21	0	0	1019.40	
1950	2	23	0	0	0	1017.90	
1950	2	23	3	0	0	1014.90	
1950	2	23	6	0	0	1013.20	
1950	2	23	9	0	0	1011.00	
1950	2	23	12	0	0	1008.90	
1950	2	23	15	0	0	1005.80	
1950	2	23	18	0	0	1004.60	
1950	2	23	21	0	0	1004.60	
1950	2	24	0	0	0	1003.60	
1950	2	24	3	0	0	1003.50	
1950	2	24	6	0	0	1003.30	
1950	2	24	9	0	0	1003.20	
1950	2	24	12	0	0	1003.20	
1950	2	24	15	0	0	1001.80	
1950	2	24	18	0	0	1000.30	
1950	2	24	21	0	0	999.30	
1950	2	25	0	0	0	997.70	
1950	2	25	3	0	0	995.90	
1950	2	25	6	0	0	995.50	
1950	2	25	9	0	0	998.10	
1950	2	25	12	0	0	999.90	
1950	2	25	15	0	0	1000.60	
1950	2	25	18	0	0	1002.80	
1950	2	25	21	0	0	1006.60	
1950	2	26	0	0	0	1006.60	
1950	2	26	3	0	0	1007.30	
1950	2	26	6	0	0	1008.80	
1950	2	26	9	0	0	1011.50	
1950	2	26	12	0	0	1012.60	
1950	2	26	15	0	0	1013.40	
1950	2	26	18	0	0	1015.10	
1950	2	26	21	0	0	1016.80	
1950	2	27	0	0	0	1017.50	
1950	2	27	3	0	0	1018.00	
1950	2	27	6	0	0	1018.90	
1950	2	27	9	0	0	1020.60	
1950	2	27	12	0	0	1021.60	
1950	2	27	15	0	0	1020.50	
1950	2	27	18	0	0	1020.50	
1950	2	27	21	0	0	1020.50	
1950	2	28	0	0	0	1019.40	
1950	2	28	3	0	0	1017.80	
1950	2	28	6	0	0	1016.60	
1950	2	28	9	0	0	1016.60	
1950	2	28	12	0	0	1016.30	
1950	2	28	15	0	0	1015.20	
1950	2	28	18	0	0	1016.40	
1950	2	28	21	0	0	1018.40	
1950	3	1	0	0	0	1019.50	
1950	3	1	3	0	0	1020.40	
1950	3	1	6	0	0	1021.40	
1950	3	1	9	0	0	1022.50	
1950	3	1	12	0	0	1022.40	
1950	3	1	15	0	0	1021.50	
1950	3	1	18	0	0	1022.50	
1950	3	1	21	0	0	1022.70	
1950	3	2	0	0	0	1021.90	
1950	3	2	3	0	0	1020.50	
1950	3	2	6	0	0	1019.30	
1950	3	2	9	0	0	1017.70	
1950	3	2	12	0	0	1017.60	
1950	3	2	15	0	0	1016.40	
1950	3	2	18	0	0	1016.60	
1950	3	2	21	0	0	1016.00	
1950	3	3	0	0	0	1015.40	
1950	3	3	3	0	0	1014.10	
1950	3	3	6	0	0	1013.30	
1950	3	3	9	0	0	1014.40	
1950	3	3	12	0	0	1016.10	
1950	3	3	15	0	0	1019.00	
1950	3	3	18	0	0	1023.00	
1950	3	3	21	0	0	1024.70	
1950	3	4	0	0	0	1025.90	
1950	3	4	3	0	0	1026.30	
1950	3	4	6	0	0	1026.60	
1950	3	4	9	0	0	1027.40	
1950	3	4	12	0	0	1028.00	
1950	3	4	15	0	0	1027.20	
1950	3	4	18	0	0	1027.00	
1950	3	4	21	0	0	1027.90	
1950	3	5	0	0	0	1028.70	
1950	3	5	3	0	0	1029.40	
1950	3	5	6	0	0	1031.50	
1950	3	5	9	0	0	1032.00	
1950	3	5	12	0	0	1032.60	
1950	3	5	15	0	0	1031.80	
1950	3	5	18	0	0	1032.80	
1950	3	5	21	0	0	1033.60	
1950	3	6	0	0	0	1034.30	
1950	3	6	3	0	0	1034.30	
1950	3	6	6	0	0	1034.80	
1950	3	6	9	0	0	1035.30	
1950	3	6	12	0	0	1034.90	
1950	3	6	15	0	0	1032.90	
1950	3	6	18	0	0	1033.10	
1950	3	6	21	0	0	1033.60	
1950	3	7	0	0	0	1033.40	
1950	3	7	3	0	0	1033.00	
1950	3	7	6	0	0	1032.60	
1950	3	7	9	0	0	1032.70	
1950	3	7	12	0	0	1031.50	
1950	3	7	15	0	0	1029.50	
1950	3	7	18	0	0	1028.40	
1950	3	7	21	0	0	1028.70	
1950	3	8	0	0	0	1028.80	
1950	3	8	3	0	0	1027.70	
1950	3	8	6	0	0	1027.20	
1950	3	8	9	0	0	1027.30	
1950	3	8	12	0	0	1026.90	
1950	3	8	15	0	0	1024.90	
1950	3	8	18	0	0	1024.50	
1950	3	8	21	0	0	1023.10	
1950	3	9	0	0	0	1021.90	
1950	3	9	3	0	0	1020.30	
1950	3	9	6	0	0	1018.30	
1950	3	9	9	0	0	1017.90	
1950	3	9	12	0	0	1017.30	
1950	3	9	15	0	0	1015.80	
1950	3	9	18	0	0	1016.30	
1950	3	9	21	0	0	1017.10	
1950	3	10	0	0	0	1019.40	
1950	3	10	3	0	0	1021.00	
1950	3	10	6	0	0	1023.10	
1950	3	10	9	0	0	1025.40	
1950	3	10	12	0	0	1025.90	
1950	3	10	15	0	0	1022.80	
1950	3	10	18	0	0	1022.10	
1950	3	10	21	0	0	1022.70	
1950	3	11	0	0	0	1020.60	
1950	3	11	3	0	0	1018.30	
1950	3	11	6	0	0	1016.90	
1950	3	11	9	0	0	1015.10	
1950	3	11	12	0	0	1013.30	
1950	3	11	15	0	0	1010.10	
1950	3	11	18	0	0	1008.90	
1950	3	11	21	0	0	1008.90	
1950	3	12	0	0	0	1011.30	
1950	3	12	3	0	0	1012.10	
1950	3	12	6	0	0	1013.20	
1950	3	12	9	0	0	1014.80	
1950	3	12	12	0	0	1015.10	
1950	3	12	15	0	0	1014.80	
1950	3	12	18	0	0	1014.30	
1950	3	12	21	0	0	1015.00	
1950	3	13	0	0	0	1014.60	
1950	3	13	3	0	0	1014.40	
1950	3	13	6	0	0	1014.40	
1950	3	13	9	0	0	1015.20	
1950	3	13	12	0	0	1015.50	
1950	3	13	15	0	0	1015.40	
1950	3	13	18	0	0	1015.30	
1950	3	13	21	0	0	1015.50	
1950	3	14	0	0	0	1015.20	
1950	3	14	3	0	0	1014.10	
1950	3	14	6	0	0	1013.40	
1950	3	14	9	0	0	1013.50	
1950	3	14	12	0	0	1012.90	
1950	3	14	15	0	0	1010.60	
1950	3	14	18	0	0	1010.10	
1950	3	14	21	0	0	1009.70	
1950	3	15	0	0	0	1009.00	
1950	3	15	3	0	0	1007.80	
1950	3	15	6	0	0	1007.40	
1950	3	15	9	0	0	1008.10	
1950	3	15	12	0	0	1007.70	
1950	3	15	15	0	0	1005.80	
1950	3	15	18	0	0	1004.80	
1950	3	15	21	0	0	1004.70	
1950	3	16	0	0	0	1002.40	
1950	3	16	3	0	0	998.80	
1950	3	16	6	0	0	996.80	
1950	3	16	9	0	0	995.50	
1950	3	16	12	0	0	995.60	
1950	3	16	15	0	0	996.40	
1950	3	16	18	0	0	996.40	
1950	3	16	21	0	0	994.40	
1950	3	17	0	0	0	994.50	
1950	3	17	3	0	0	995.40	
1950	3	17	6	0	0	994.90	
1950	3	17	9	0	0	995.80	
1950	3	17	12	0	0	995.60	
1950	3	17	15	0	0	995.50	
1950	3	17	18	0	0	996.80	
1950	3	17	21	0	0	998.50	
1950	3	18	0	0	0	998.70	
1950	3	18	3	0	0	996.00	
1950	3	18	6	0	0	997.30	
1950	3	18	9	0	0	1000.20	
1950	3	18	12	0	0	1000.00	
1950	3	18	15	0	0	999.10	
1950	3	18	18	0	0	997.80	
1950	3	18	21	0	0	996.50	
1950	3	19	0	0	0	994.50	
1950	3	19	3	0	0	992.30	
1950	3	19	6	0	0	992.20	
1950	3	19	9	0	0	994.90	
1950	3	19	12	0	0	998.30	
1950	3	19	15	0	0	1002.20	
1950	3	19	18	0	0	1004.80	
1950	3	19	21	0	0	1006.80	
1950	3	20	0	0	0	1007.70	
1950	3	20	3	0	0	1007.30	
1950	3	20	6	0	0	1005.60	
1950	3	20	9	0	0	1003.70	
1950	3	20	12	0	0	1003.10	
1950	3	20	15	0	0	1003.30	
1950	3	20	18	0	0	1003.90	
1950	3	20	21	0	0	1005.10	
1950	3	21	0	0	0	1006.00	
1950	3	21	3	0	0	1006.80	
1950	3	21	6	0	0	1008.40	
1950	3	21	9	0	0	1010.40	
1950	3	21	12	0	0	1012.10	
1950	3	21	15	0	0	1013.10	
1950	3	21	18	0	0	1015.50	
1950	3	21	21	0	0	1017.00	
1950	3	22	0	0	0	1018.60	
1950	3	22	3	0	0	1017.80	
1950	3	22	6	0	0	1018.10	
1950	3	22	9	0	0	1018.00	
1950	3	22	12	0	0	1016.80	
1950	3	22	15	0	0	1014.40	
1950	3	22	18	0	0	1013.30	
1950	3	22	21	0	0	1013.20	
1950	3	23	0	0	0	1014.40	
1950	3	23	3	0	0	1015.60	
1950	3	23	6	0	0	1016.70	
1950	3	23	9	0	0	1018.50	
1950	3	23	12	0	0	1019.60	
1950	3	23	15	0	0	1018.60	
1950	3	23	18	0	0	1018.30	
1950	3	23	21	0	0	1018.70	
1950	3	24	0	0	0	1018.70	
1950	3	24	3	0	0	1019.20	
1950	3	24	6	0	0	1020.80	
1950	3	24	9	0	0	1022.50	
1950	3	24	12	0	0	1025.20	
1950	3	24	15	0	0	1026.20	
1950	3	24	18	0	0	1027.80	
1950	3	24	21	0	0	1028.70	
1950	3	25	0	0	0	1029.30	
1950	3	25	3	0	0	1029.50	
1950	3	25	6	0	0	1029.00	
1950	3	25	9	0	0	1028.60	
1950	3	25	12	0	0	1027.40	
1950	3	25	15	0	0	1025.60	
1950	3	25	18	0	0	1024.60	
1950	3	25	21	0	0	1024.80	
1950	3	26	0	0	0	1024.40	
1950	3	26	3	0	0	1023.80	
1950	3	26	6	0	0	1023.70	
1950	3	26	9	0	0	1024.50	
1950	3	26	12	0	0	1024.50	
1950	3	26	15	0	0	1023.30	
1950	3	26	18	0	0	1022.80	
1950	3	26	21	0	0	1024.60	
1950	3	27	0	0	0	1025.90	
1950	3	27	3	0	0	1026.10	
1950	3	27	6	0	0	1027.70	
1950	3	27	9	0	0	1029.20	
1950	3	27	12	0	0	1029.90	
1950	3	27	15	0	0	1030.00	
1950	3	27	18	0	0	1030.40	
1950	3	27	21	0	0	1031.40	
1950	3	28	0	0	0	1031.40	
1950	3	28	3	0	0	1030.50	
1950	3	28	6	0	0	1030.40	
1950	3	28	9	0	0	1030.00	
1950	3	28	12	0	0	1028.30	
1950	3	28	15	0	0	1026.70	
1950	3	28	18	0	0	1025.70	
1950	3	28	21	0	0	1025.90	
1950	3	29	0	0	0	1024.50	
1950	3	29	3	0	0	1023.20	
1950	3	29	6	0	0	1021.80	
1950	3	29	9	0	0	1021.30	
1950	3	29	12	0	0	1021.10	
1950	3	29	15	0	0	1020.70	
1950	3	29	18	0	0	1021.90	
1950	3	29	21	0	0	1023.10	
1950	3	30	0	0	0	1023.00	
1950	3	30	3	0	0	1022.50	
1950	3	30	6	0	0	1022.70	
1950	3	30	9	0	0	1023.10	
1950	3	30	12	0	0	1022.70	
1950	3	30	15	0	0	1021.20	
1950	3	30	18	0	0	1021.30	
1950	3	30	21	0	0	1021.20	
1950	3	31	0	0	0	1020.30	
1950	3	31	3	0	0	1018.30	
1950	3	31	6	0	0	1017.20	
1950	3	31	9	0	0	1016.60	
1950	3	31	12	0	0	1015.00	
1950	3	31	15	0	0	1012.40	
1950	3	31	18	0	0	1011.30	
1950	3	31	21	0	0	1009.40	
1950	4	1	0	0	0	1008.80	
1950	4	1	3	0	0	1007.70	
1950	4	1	6	0	0	1007.40	
1950	4	1	9	0	0	1006.90	
1950	4	1	12	0	0	1004.40	
1950	4	1	15	0	0	1001.90	
1950	4	1	18	0	0	997.80	
1950	4	1	21	0	0	991.40	
1950	4	2	0	0	0	988.30	
1950	4	2	3	0	0	986.70	
1950	4	2	6	0	0	982.80	
1950	4	2	9	0	0	981.10	
1950	4	2	12	0	0	982.60	
1950	4	2	15	0	0	983.50	
1950	4	2	18	0	0	985.20	
1950	4	2	21	0	0	989.00	
1950	4	3	0	0	0	992.60	
1950	4	3	3	0	0	995.60	
1950	4	3	6	0	0	997.90	
1950	4	3	9	0	0	1000.50	
1950	4	3	12	0	0	1001.80	
1950	4	3	15	0	0	1003.00	
1950	4	3	18	0	0	1004.70	
1950	4	3	21	0	0	1005.70	
1950	4	4	0	0	0	1005.70	
1950	4	4	3	0	0	1004.90	
1950	4	4	6	0	0	1004.00	
1950	4	4	9	0	0	1003.30	
1950	4	4	12	0	0	1001.80	
1950	4	4	15	0	0	1001.00	
1950	4	4	18	0	0	1000.50	
1950	4	4	21	0	0	1002.60	
1950	4	5	0	0	0	1003.40	
1950	4	5	3	0	0	1004.00	
1950	4	5	6	0	0	1005.40	
1950	4	5	9	0	0	1006.80	
1950	4	5	12	0	0	1008.00	
1950	4	5	15	0	0	1008.60	
1950	4	5	18	0	0	1009.60	
1950	4	5	21	0	0	1010.50	
1950	4	6	0	0	0	1011.70	
1950	4	6	3	0	0	1012.10	
1950	4	6	6	0	0	1013.00	
1950	4	6	9	0	0	1014.30	
1950	4	6	12	0	0	1013.90	
1950	4	6	15	0	0	1014.00	
1950	4	6	18	0	0	1015.10	
1950	4	6	21	0	0	1016.40	
1950	4	7	0	0	0	1016.40	
1950	4	7	3	0	0	1016.10	
1950	4	7	6	0	0	1015.70	
1950	4	7	9	0	0	1015.40	
1950	4	7	12	0	0	1012.80	
1950	4	7	15	0	0	1010.00	
1950	4	7	18	0	0	1008.40	
1950	4	7	21	0	0	1007.60	
1950	4	8	0	0	0	1006.10	
1950	4	8	3	0	0	1002.90	
1950	4	8	6	0	0	1000.80	
1950	4	8	9	0	0	998.40	
1950	4	8	12	0	0	996.00	
1950	4	8	15	0	0	995.10	
1950	4	8	18	0	0	994.20	
1950	4	8	21	0	0	992.80	
1950	4	9	0	0	0	991.80	
1950	4	9	3	0	0	991.30	
1950	4	9	6	0	0	992.20	
1950	4	9	9	0	0	994.50	
1950	4	9	12	0	0	997.00	
1950	4	9	15	0	0	998.70	
1950	4	9	18	0	0	1000.90	
1950	4	9	21	0	0	1001.50	
1950	4	10	0	0	0	1002.30	
1950	4	10	3	0	0	1002.10	
1950	4	10	6	0	0	998.40	
1950	4	10	9	0	0	993.30	
1950	4	10	12	0	0	983.60	
1950	4	10	15	0	0	988.10	
1950	4	10	18	0	0	990.70	
1950	4	10	21	0	0	992.80	
1950	4	11	0	0	0	993.20	
1950	4	11	3	0	0	992.20	
1950	4	11	6	0	0	993.60	
1950	4	11	9	0	0	994.90	
1950	4	11	12	0	0	995.40	
1950	4	11	15	0	0	996.80	
1950	4	11	18	0	0	997.00	
1950	4	11	21	0	0	996.60	
1950	4	12	0	0	0	996.30	
1950	4	12	3	0	0	995.80	
1950	4	12	6	0	0	996.00	
1950	4	12	9	0	0	996.60	
1950	4	12	12	0	0	996.50	
1950	4	12	15	0	0	996.30	
1950	4	12	18	0	0	997.50	
1950	4	12	21	0	0	998.10	
1950	4	13	0	0	0	998.40	
1950	4	13	9	0	0	1000.60	
1950	4	13	12	0	0	1001.20	
1950	4	13	15	0	0	1001.00	
1950	4	13	18	0	0	1003.20	
1950	4	13	21	0	0	1004.00	
1950	4	14	0	0	0	1004.40	
1950	4	14	3	0	0	1004.70	
1950	4	14	6	0	0	1006.00	
1950	4	14	9	0	0	1007.60	
1950	4	14	12	0	0	1008.90	
1950	4	14	15	0	0	1010.10	
1950	4	14	18	0	0	1012.00	
1950	4	14	21	0	0	1014.30	
1950	4	15	0	0	0	1015.90	
1950	4	15	3	0	0	1016.50	
1950	4	15	6	0	0	1017.40	
1950	4	15	9	0	0	1018.20	
1950	4	15	12	0	0	1017.90	
1950	4	15	15	0	0	1017.50	
1950	4	15	18	0	0	1017.10	
1950	4	15	21	0	0	1017.70	
1950	4	16	0	0	0	1017.60	
1950	4	16	3	0	0	1016.70	
1950	4	16	6	0	0	1016.60	
1950	4	16	9	0	0	1016.30	
1950	4	16	12	0	0	1014.70	
1950	4	16	15	0	0	1013.60	
1950	4	16	18	0	0	1012.80	
1950	4	16	21	0	0	1012.70	
1950	4	17	0	0	0	1011.30	
1950	4	17	3	0	0	1009.00	
1950	4	17	6	0	0	1007.20	
1950	4	17	9	0	0	1005.00	
1950	4	17	12	0	0	1002.80	
1950	4	17	15	0	0	1000.40	
1950	4	17	18	0	0	998.00	
1950	4	17	21	0	0	996.50	
1950	4	18	0	0	0	995.40	
1950	4	18	3	0	0	994.70	
1950	4	18	6	0	0	995.00	
1950	4	18	9	0	0	996.00	
1950	4	18	12	0	0	997.40	
1950	4	18	15	0	0	999.10	
1950	4	18	18	0	0	1002.10	
1950	4	18	21	0	0	1005.40	
1950	4	19	0	0	0	1008.20	
1950	4	19	3	0	0	1010.20	
1950	4	19	6	0	0	1012.30	
1950	4	19	9	0	0	1014.40	
1950	4	19	12	0	0	1015.50	
1950	4	19	15	0	0	1016.40	
1950	4	19	18	0	0	1018.10	
1950	4	19	21	0	0	1019.70	
1950	4	20	0	0	0	1019.80	
1950	4	20	3	0	0	1019.30	
1950	4	20	6	0	0	1019.30	
1950	4	20	9	0	0	1019.50	
1950	4	20	12	0	0	1018.00	
1950	4	20	15	0	0	1016.20	
1950	4	20	18	0	0	1015.40	
1950	4	20	21	0	0	1016.80	
1950	4	21	0	0	0	1016.80	
1950	4	21	3	0	0	1016.80	
1950	4	21	6	0	0	1017.60	
1950	4	21	9	0	0	1018.90	
1950	4	21	12	0	0	1019.70	
1950	4	21	15	0	0	1019.70	
1950	4	21	18	0	0	1020.40	
1950	4	21	21	0	0	1022.50	
1950	4	22	0	0	0	1023.20	
1950	4	22	3	0	0	1023.20	
1950	4	22	6	0	0	1023.40	
1950	4	22	9	0	0	1023.10	
1950	4	22	12	0	0	1022.10	
1950	4	22	15	0	0	1021.20	
1950	4	22	18	0	0	1020.40	
1950	4	22	21	0	0	1019.20	
1950	4	23	0	0	0	1017.50	
1950	4	23	3	0	0	1016.40	
1950	4	23	6	0	0	1016.40	
1950	4	23	9	0	0	1015.40	
1950	4	23	12	0	0	1013.70	
1950	4	23	15	0	0	1011.40	
1950	4	23	18	0	0	1007.90	
1950	4	23	21	0	0	1004.20	
1950	4	24	0	0	0	999.70	
1950	4	24	3	0	0	999.00	
1950	4	24	6	0	0	999.70	
1950	4	24	9	0	0	1000.50	
1950	4	24	12	0	0	1000.80	
1950	4	24	15	0	0	1002.10	
1950	4	24	18	0	0	1002.90	
1950	4	24	21	0	0	1003.00	
1950	4	25	0	0	0	1001.80	
1950	4	25	3	0	0	1000.90	
1950	4	25	6	0	0	1000.50	
1950	4	25	9	0	0	999.30	
1950	4	25	12	0	0	998.20	
1950	4	25	15	0	0	997.30	
1950	4	25	18	0	0	996.80	
1950	4	25	21	0	0	997.20	
1950	4	26	0	0	0	996.10	
1950	4	26	3	0	0	994.40	
1950	4	26	6	0	0	993.90	
1950	4	26	9	0	0	994.30	
1950	4	26	12	0	0	994.80	
1950	4	26	15	0	0	995.10	
1950	4	26	18	0	0	997.10	
1950	4	26	21	0	0	1004.40	
1950	4	27	0	0	0	1008.00	
1950	4	27	3	0	0	1009.90	
1950	4	27	6	0	0	1011.80	
1950	4	27	9	0	0	1012.70	
1950	4	27	12	0	0	1012.40	
1950	4	27	15	0	0	1010.90	
1950	4	27	18	0	0	1011.00	
1950	4	27	21	0	0	1010.10	
1950	4	28	0	0	0	1008.10	
1950	4	28	3	0	0	1008.20	
1950	4	28	6	0	0	1009.80	
1950	4	28	9	0	0	1011.20	
1950	4	28	12	0	0	1010.00	
1950	4	28	15	0	0	1010.30	
1950	4	28	18	0	0	1010.90	
1950	4	28	21	0	0	1012.50	
1950	4	29	0	0	0	1015.40	
1950	4	29	3	0	0	1016.60	
1950	4	29	6	0	0	1017.90	
1950	4	29	9	0	0	1018.10	
1950	4	29	12	0	0	1018.60	
1950	4	29	15	0	0	1017.70	
1950	4	29	18	0	0	1016.70	
1950	4	29	21	0	0	1017.00	
1950	4	30	0	0	0	1016.70	
1950	4	30	3	0	0	1016.70	
1950	4	30	6	0	0	1016.10	
1950	4	30	9	0	0	1016.00	
1950	4	30	12	0	0	1016.10	
1950	4	30	15	0	0	1015.30	
1950	4	30	18	0	0	1014.70	
1950	4	30	21	0	0	1014.80	
1950	5	1	0	0	0	1014.40	
1950	5	1	3	0	0	1014.30	
1950	5	1	6	0	0	1013.60	
1950	5	1	9	0	0	1012.80	
1950	5	1	12	0	0	1011.30	
1950	5	1	15	0	0	1009.70	
1950	5	1	18	0	0	1010.40	
1950	5	1	21	0	0	1010.90	
1950	5	2	0	0	0	1010.10	
1950	5	2	3	0	0	1009.00	
1950	5	2	6	0	0	1009.60	
1950	5	2	9	0	0	1010.40	
1950	5	2	12	0	0	1010.80	
1950	5	2	15	0	0	1012.10	
1950	5	2	18	0	0	1012.10	
1950	5	2	21	0	0	1012.40	
1950	5	3	0	0	0	1013.50	
1950	5	3	3	0	0	1014.50	
1950	5	3	6	0	0	1016.50	
1950	5	3	9	0	0	1018.60	
1950	5	3	12	0	0	1018.90	
1950	5	3	15	0	0	1021.10	
1950	5	3	18	0	0	1021.70	
1950	5	3	21	0	0	1023.20	
1950	5	4	0	0	0	1023.40	
1950	5	4	3	0	0	1023.90	
1950	5	4	6	0	0	1024.30	
1950	5	4	9	0	0	1025.00	
1950	5	4	12	0	0	1025.00	
1950	5	4	15	0	0	1025.00	
1950	5	4	18	0	0	1025.00	
1950	5	4	21	0	0	1026.20	
1950	5	5	0	0	0	1025.80	
1950	5	5	3	0	0	1025.00	
1950	5	5	6	0	0	1025.40	
1950	5	5	9	0	0	1025.70	
1950	5	5	12	0	0	1026.00	
1950	5	5	15	0	0	1025.40	
1950	5	5	18	0	0	1025.20	
1950	5	5	21	0	0	1025.30	
1950	5	6	0	0	0	1023.70	
1950	5	6	3	0	0	1022.50	
1950	5	6	6	0	0	1021.60	
1950	5	6	9	0	0	1020.10	
1950	5	6	12	0	0	1019.40	
1950	5	6	15	0	0	1018.40	
1950	5	6	18	0	0	1019.20	
1950	5	6	21	0	0	1019.70	
1950	5	7	0	0	0	1020.10	
1950	5	7	3	0	0	1020.50	
1950	5	7	6	0	0	1021.90	
1950	5	7	9	0	0	1023.10	
1950	5	7	12	0	0	1023.70	
1950	5	7	15	0	0	1023.80	
1950	5	7	18	0	0	1024.50	
1950	5	7	21	0	0	1025.70	
1950	5	8	0	0	0	1025.00	
1950	5	8	3	0	0	1024.40	
1950	5	8	6	0	0	1024.00	
1950	5	8	9	0	0	1024.00	
1950	5	8	12	0	0	1023.80	
1950	5	8	15	0	0	1023.70	
1950	5	8	18	0	0	1023.50	
1950	5	8	21	0	0	1024.00	
1950	5	9	0	0	0	1023.30	
1950	5	9	3	0	0	1023.00	
1950	5	9	6	0	0	1023.00	
1950	5	9	9	0	0	1023.60	
1950	5	9	12	0	0	1023.90	
1950	5	9	15	0	0	1025.00	
1950	5	9	18	0	0	1026.10	
1950	5	9	21	0	0	1027.30	
1950	5	10	0	0	0	1028.30	
1950	5	10	3	0	0	1028.20	
1950	5	10	6	0	0	1029.00	
1950	5	10	9	0	0	1029.20	
1950	5	10	12	0	0	1029.30	
1950	5	10	15	0	0	1028.90	
1950	5	10	18	0	0	1028.90	
1950	5	10	21	0	0	1030.40	
1950	5	11	0	0	0	1030.80	
1950	5	11	3	0	0	1030.30	
1950	5	11	6	0	0	1030.10	
1950	5	11	9	0	0	1029.60	
1950	5	11	12	0	0	1028.60	
1950	5	11	15	0	0	1028.40	
1950	5	11	18	0	0	1028.50	
1950	5	11	21	0	0	1029.50	
1950	5	12	0	0	0	1029.70	
1950	5	12	3	0	0	1029.90	
1950	5	12	6	0	0	1030.00	
1950	5	12	9	0	0	1029.30	
1950	5	12	12	0	0	1028.20	
1950	5	12	15	0	0	1027.20	
1950	5	12	18	0	0	1026.50	
1950	5	12	21	0	0	1027.60	
1950	5	13	0	0	0	1027.60	
1950	5	13	3	0	0	1027.20	
1950	5	13	6	0	0	1026.70	
1950	5	13	9	0	0	1025.90	
1950	5	13	12	0	0	1025.10	
1950	5	13	15	0	0	1024.30	
1950	5	13	18	0	0	1023.50	
1950	5	13	21	0	0	1024.20	
1950	5	14	0	0	0	1024.50	
1950	5	14	3	0	0	1024.30	
1950	5	14	6	0	0	1024.40	
1950	5	14	9	0	0	1025.00	
1950	5	14	12	0	0	1024.80	
1950	5	14	15	0	0	1024.30	
1950	5	14	18	0	0	1024.30	
1950	5	14	21	0	0	1025.20	
1950	5	15	0	0	0	1025.20	
1950	5	15	3	0	0	1025.30	
1950	5	15	6	0	0	1025.30	
1950	5	15	9	0	0	1025.50	
1950	5	15	12	0	0	1025.80	
1950	5	15	15	0	0	1025.00	
1950	5	15	18	0	0	1024.90	
1950	5	15	21	0	0	1025.00	
1950	5	16	0	0	0	1024.40	
1950	5	16	3	0	0	1023.10	
1950	5	16	6	0	0	1022.80	
1950	5	16	9	0	0	1022.10	
1950	5	16	12	0	0	1020.60	
1950	5	16	15	0	0	1019.20	
1950	5	16	18	0	0	1017.40	
1950	5	16	21	0	0	1016.60	
1950	5	17	0	0	0	1015.80	
1950	5	17	3	0	0	1014.10	
1950	5	17	6	0	0	1012.30	
1950	5	17	9	0	0	1011.30	
1950	5	17	12	0	0	1010.00	
1950	5	17	15	0	0	1008.50	
1950	5	17	18	0	0	1006.90	
1950	5	18	0	0	0	1006.60	
1950	5	18	3	0	0	1005.50	
1950	5	18	6	0	0	1005.00	
1950	5	18	9	0	0	1004.80	
1950	5	18	12	0	0	1005.10	
1950	5	18	15	0	0	1005.40	
1950	5	18	18	0	0	1005.70	
1950	5	18	21	0	0	1006.40	
1950	5	19	0	0	0	1006.70	
1950	5	19	3	0	0	1006.30	
1950	5	19	6	0	0	1006.40	
1950	5	19	9	0	0	1006.90	
1950	5	19	12	0	0	1007.00	
1950	5	19	15	0	0	1006.90	
1950	5	19	18	0	0	1008.50	
1950	5	19	21	0	0	1009.00	
1950	5	20	0	0	0	1008.80	
1950	5	20	3	0	0	1007.40	
1950	5	20	6	0	0	1006.80	
1950	5	20	9	0	0	1005.70	
1950	5	20	12	0	0	1005.60	
1950	5	20	15	0	0	1006.10	
1950	5	20	18	0	0	1007.70	
1950	5	20	21	0	0	1009.80	
1950	5	21	0	0	0	1011.20	
1950	5	21	3	0	0	1011.20	
1950	5	21	6	0	0	1012.50	
1950	5	21	9	0	0	1012.10	
1950	5	21	12	0	0	1011.90	
1950	5	21	15	0	0	1011.10	
1950	5	21	18	0	0	1010.40	
1950	5	21	21	0	0	1010.30	
1950	5	22	0	0	0	1010.50	
1950	5	22	3	0	0	1010.00	
1950	5	22	6	0	0	1011.60	
1950	5	22	9	0	0	1012.40	
1950	5	22	12	0	0	1014.10	
1950	5	22	15	0	0	1014.50	
1950	5	22	18	0	0	1015.50	
1950	5	22	21	0	0	1017.50	
1950	5	23	0	0	0	1018.10	
1950	5	23	3	0	0	1018.30	
1950	5	23	6	0	0	1018.80	
1950	5	23	9	0	0	1019.80	
1950	5	23	12	0	0	1019.70	
1950	5	23	15	0	0	1020.20	
1950	5	23	18	0	0	1020.80	
1950	5	23	21	0	0	1021.40	
1950	5	24	0	0	0	1022.00	
1950	5	24	3	0	0	1021.90	
1950	5	24	6	0	0	1021.80	
1950	5	24	9	0	0	1022.50	
1950	5	24	12	0	0	1022.70	
1950	5	24	15	0	0	1022.80	
1950	5	24	18	0	0	1023.50	
1950	5	24	21	0	0	1023.70	
1950	5	25	0	0	0	1023.80	
1950	5	25	3	0	0	1022.20	
1950	5	25	6	0	0	1021.20	
1950	5	25	9	0	0	1020.40	
1950	5	25	12	0	0	1019.90	
1950	5	25	15	0	0	1018.30	
1950	5	25	18	0	0	1017.30	
1950	5	25	21	0	0	1017.30	
1950	5	26	0	0	0	1016.70	
1950	5	26	3	0	0	1015.90	
1950	5	26	6	0	0	1015.80	
1950	5	26	9	0	0	1016.40	
1950	5	26	12	0	0	1015.80	
1950	5	26	15	0	0	1014.30	
1950	5	26	18	0	0	1012.30	
1950	5	26	21	0	0	1012.20	
1950	5	27	0	0	0	1010.70	
1950	5	27	3	0	0	1009.00	
1950	5	27	6	0	0	1007.70	
1950	5	27	9	0	0	1006.30	
1950	5	27	12	0	0	1004.30	
1950	5	27	15	0	0	1001.90	
1950	5	27	18	0	0	1000.60	
1950	5	27	21	0	0	1001.10	
1950	5	28	0	0	0	1001.60	
1950	5	28	3	0	0	1003.40	
1950	5	28	6	0	0	1006.70	
1950	5	28	9	0	0	1009.30	
1950	5	28	12	0	0	1012.60	
1950	5	28	15	0	0	1015.50	
1950	5	28	18	0	0	1016.80	
1950	5	28	21	0	0	1017.20	
1950	5	29	0	0	0	1017.00	
1950	5	29	3	0	0	1016.90	
1950	5	29	6	0	0	1017.20	
1950	5	29	9	0	0	1017.90	
1950	5	29	12	0	0	1018.50	
1950	5	29	15	0	0	1017.60	
1950	5	29	18	0	0	1018.10	
1950	5	29	21	0	0	1018.90	
1950	5	30	0	0	0	1019.40	
1950	5	30	3	0	0	1019.50	
1950	5	30	6	0	0	1019.60	
1950	5	30	9	0	0	1020.30	
1950	5	30	12	0	0	1021.30	
1950	5	30	15	0	0	1021.50	
1950	5	30	18	0	0	1021.80	
1950	5	30	21	0	0	1022.70	
1950	5	31	0	0	0	1023.70	
1950	5	31	3	0	0	1023.40	
1950	5	31	6	0	0	1024.30	
1950	5	31	9	0	0	1024.40	
1950	5	31	12	0	0	1023.40	
1950	5	31	15	0	0	1022.20	
1950	5	31	18	0	0	1021.80	
1950	5	31	21	0	0	1023.10	
1950	6	1	0	0	0	1023.10	
1950	6	1	3	0	0	1022.80	
1950	6	1	6	0	0	1023.30	
1950	6	1	9	0	0	1023.30	
1950	6	1	12	0	0	1022.70	
1950	6	1	15	0	0	1022.00	
1950	6	1	18	0	0	1021.90	
1950	6	1	21	0	0	1023.40	
1950	6	2	0	0	0	1024.40	
1950	6	2	3	0	0	1023.80	
1950	6	2	6	0	0	1023.60	
1950	6	2	9	0	0	1022.90	
1950	6	2	12	0	0	1022.10	
1950	6	2	15	0	0	1020.90	
1950	6	2	18	0	0	1020.10	
1950	6	2	21	0	0	1020.90	
1950	6	3	0	0	0	1020.90	
1950	6	3	3	0	0	1020.80	
1950	6	3	6	0	0	1021.50	
1950	6	3	9	0	0	1020.80	
1950	6	3	12	0	0	1021.10	
1950	6	3	15	0	0	1020.40	
1950	6	3	18	0	0	1020.30	
1950	6	3	21	0	0	1021.30	
1950	6	4	0	0	0	1022.20	
1950	6	4	3	0	0	1022.40	
1950	6	4	6	0	0	1022.50	
1950	6	4	9	0	0	1023.50	
1950	6	4	12	0	0	1022.90	
1950	6	4	15	0	0	1012.50	
1950	6	4	18	0	0	1012.20	
1950	6	4	21	0	0	1023.60	
1950	6	5	0	0	0	1024.30	
1950	6	5	3	0	0	1024.90	
1950	6	5	6	0	0	1026.30	
1950	6	5	9	0	0	1027.00	
1950	6	5	12	0	0	1026.30	
1950	6	5	15	0	0	1025.30	
1950	6	5	18	0	0	1025.30	
1950	6	5	21	0	0	1026.00	
1950	6	6	0	0	0	1025.70	
1950	6	6	3	0	0	1025.40	
1950	6	6	6	0	0	1025.20	
1950	6	6	9	0	0	1024.70	
1950	6	6	12	0	0	1023.20	
1950	6	6	15	0	0	1021.40	
1950	6	6	18	0	0	1020.70	
1950	6	6	21	0	0	1021.40	
1950	6	7	0	0	0	1021.50	
1950	6	7	3	0	0	1020.80	
1950	6	7	6	0	0	1020.20	
1950	6	7	9	0	0	1019.20	
1950	6	7	12	0	0	1017.10	
1950	6	7	15	0	0	1016.60	
1950	6	7	18	0	0	1016.40	
1950	6	7	21	0	0	1016.50	
1950	6	8	0	0	0	1016.80	
1950	6	8	3	0	0	1015.90	
1950	6	8	6	0	0	1015.80	
1950	6	8	9	0	0	1015.10	
1950	6	8	12	0	0	1014.20	
1950	6	8	15	0	0	1013.10	
1950	6	8	18	0	0	1012.40	
1950	6	8	21	0	0	1014.10	
1950	6	9	0	0	0	1015.00	
1950	6	9	3	0	0	1015.20	
1950	6	9	6	0	0	1016.20	
1950	6	9	9	0	0	1017.30	
1950	6	9	12	0	0	1017.70	
1950	6	9	15	0	0	1017.10	
1950	6	9	18	0	0	1017.00	
1950	6	9	21	0	0	1018.20	
1950	6	10	0	0	0	1018.40	
1950	6	10	3	0	0	1018.40	
1950	6	10	6	0	0	1018.40	
1950	6	10	9	0	0	1018.70	
1950	6	10	12	0	0	1019.50	
1950	6	10	15	0	0	1019.80	
1950	6	10	18	0	0	1020.20	
1950	6	10	21	0	0	1022.30	
1950	6	11	0	0	0	1023.40	
1950	6	11	3	0	0	1024.50	
1950	6	11	6	0	0	1025.70	
1950	6	11	9	0	0	1025.60	
1950	6	11	12	0	0	1025.10	
1950	6	11	15	0	0	1024.80	
1950	6	11	18	0	0	1025.10	
1950	6	11	21	0	0	1026.40	
1950	6	12	0	0	0	1026.90	
1950	6	12	3	0	0	1026.40	
1950	6	12	6	0	0	1026.20	
1950	6	12	9	0	0	1025.20	
1950	6	12	12	0	0	1023.10	
1950	6	12	15	0	0	1021.80	
1950	6	12	18	0	0	1020.60	
1950	6	12	21	0	0	1020.00	
1950	6	13	0	0	0	1019.20	
1950	6	13	3	0	0	1017.00	
1950	6	13	6	0	0	1015.30	
1950	6	13	9	0	0	1012.70	
1950	6	13	12	0	0	1010.50	
1950	6	13	15	0	0	1009.20	
1950	6	13	18	0	0	1009.30	
1950	6	13	21	0	0	1009.20	
1950	6	14	0	0	0	1008.70	
1950	6	14	3	0	0	1007.80	
1950	6	14	6	0	0	1007.20	
1950	6	14	9	0	0	1007.70	
1950	6	14	12	0	0	1008.00	
1950	6	14	15	0	0	1006.90	
1950	6	14	18	0	0	1006.70	
1950	6	14	21	0	0	1006.80	
1950	6	15	0	0	0	1006.90	
1950	6	15	3	0	0	1006.50	
1950	6	15	6	0	0	1007.00	
1950	6	15	9	0	0	1006.60	
1950	6	15	12	0	0	1006.90	
1950	6	15	15	0	0	1006.40	
1950	6	15	18	0	0	1006.90	
1950	6	15	21	0	0	1007.50	
1950	6	16	0	0	0	1007.10	
1950	6	16	3	0	0	1006.40	
1950	6	16	6	0	0	1006.90	
1950	6	16	9	0	0	1006.70	
1950	6	16	12	0	0	1006.70	
1950	6	16	15	0	0	1007.30	
1950	6	16	18	0	0	1007.20	
1950	6	16	21	0	0	1007.10	
1950	6	17	0	0	0	1006.40	
1950	6	17	3	0	0	1006.40	
1950	6	17	6	0	0	1006.60	
1950	6	17	9	0	0	1007.00	
1950	6	17	12	0	0	1007.50	
1950	6	17	15	0	0	1007.80	
1950	6	17	18	0	0	1007.60	
1950	6	17	21	0	0	1007.80	
1950	6	18	0	0	0	1007.90	
1950	6	18	3	0	0	1007.40	
1950	6	18	6	0	0	1007.40	
1950	6	18	9	0	0	1007.90	
1950	6	18	12	0	0	1008.20	
1950	6	18	15	0	0	1008.10	
1950	6	18	18	0	0	1009.70	
1950	6	18	21	0	0	1011.00	
1950	6	19	0	0	0	1012.30	
1950	6	19	3	0	0	1012.80	
1950	6	19	6	0	0	1013.90	
1950	6	19	9	0	0	1014.70	
1950	6	19	12	0	0	1015.20	
1950	6	19	15	0	0	1014.60	
1950	6	19	18	0	0	1014.00	
1950	6	19	21	0	0	1014.20	
1950	6	20	0	0	0	1013.70	
1950	6	20	3	0	0	1002.20	
1950	6	20	6	0	0	1000.90	
1950	6	20	9	0	0	1008.50	
1950	6	20	12	0	0	1005.90	
1950	6	20	15	0	0	1003.20	
1950	6	20	18	0	0	1002.10	
1950	6	20	21	0	0	1001.10	
1950	6	21	0	0	0	1000.20	
1950	6	21	3	0	0	998.30	
1950	6	21	6	0	0	997.30	
1950	6	21	9	0	0	996.50	
1950	6	21	12	0	0	996.00	
1950	6	21	15	0	0	995.60	
1950	6	21	18	0	0	996.40	
1950	6	21	21	0	0	997.40	
1950	6	22	0	0	0	999.20	
1950	6	22	3	0	0	1000.00	
1950	6	22	6	0	0	1001.60	
1950	6	22	9	0	0	1003.30	
1950	6	22	12	0	0	1003.60	
1950	6	22	15	0	0	1004.70	
1950	6	22	18	0	0	1004.80	
1950	6	22	21	0	0	1005.40	
1950	6	23	0	0	0	1005.80	
1950	6	23	3	0	0	1005.80	
1950	6	23	6	0	0	1006.60	
1950	6	23	9	0	0	1007.30	
1950	6	23	12	0	0	1008.40	
1950	6	23	15	0	0	1009.70	
1950	6	23	18	0	0	1010.70	
1950	6	23	21	0	0	1012.10	
1950	6	24	0	0	0	1012.80	
1950	6	24	3	0	0	1012.70	
1950	6	24	6	0	0	1013.40	
1950	6	24	9	0	0	1011.30	
1950	6	24	12	0	0	1013.90	
1950	6	24	15	0	0	1013.80	
1950	6	24	18	0	0	1013.20	
1950	6	24	21	0	0	1013.00	
1950	6	25	0	0	0	1012.90	
1950	6	25	3	0	0	1013.30	
1950	6	25	6	0	0	1013.90	
1950	6	25	9	0	0	1015.00	
1950	6	25	12	0	0	1015.70	
1950	6	25	15	0	0	1016.10	
1950	6	25	18	0	0	1017.10	
1950	6	25	21	0	0	1018.40	
1950	6	26	0	0	0	1019.30	
1950	6	26	3	0	0	1018.30	
1950	6	26	6	0	0	1017.90	
1950	6	26	9	0	0	1016.90	
1950	6	26	12	0	0	1016.40	
1950	6	26	15	0	0	1015.90	
1950	6	26	18	0	0	1016.30	
1950	6	26	21	0	0	1016.70	
1950	6	27	0	0	0	1017.20	
1950	6	27	3	0	0	1016.90	
1950	6	27	6	0	0	1016.90	
1950	6	27	9	0	0	1017.20	
1950	6	27	12	0	0	1016.30	
1950	6	27	15	0	0	1015.10	
1950	6	27	18	0	0	1014.90	
1950	6	27	21	0	0	1015.00	
1950	6	28	0	0	0	1014.90	
1950	6	28	3	0	0	1015.10	
1950	6	28	6	0	0	1015.00	
1950	6	28	9	0	0	1015.20	
1950	6	28	12	0	0	1014.50	
1950	6	28	15	0	0	1012.40	
1950	6	28	18	0	0	1012.60	
1950	6	28	21	0	0	1013.20	
1950	6	29	0	0	0	1012.10	
1950	6	29	3	0	0	1010.90	
1950	6	29	6	0	0	1009.40	
1950	6	29	9	0	0	1008.80	
1950	6	29	12	0	0	1008.00	
1950	6	29	15	0	0	1007.50	
1950	6	29	18	0	0	1006.90	
1950	6	29	21	0	0	1007.60	
1950	6	30	0	0	0	1008.30	
1950	6	30	3	0	0	1009.10	
1950	6	30	6	0	0	1010.20	
1950	6	30	9	0	0	1011.20	
1950	6	30	12	0	0	1011.00	
1950	6	30	15	0	0	1011.80	
1950	6	30	18	0	0	1012.50	
1950	6	30	21	0	0	1014.00	
1950	7	1	0	0	0	1015.70	
1950	7	1	3	0	0	1016.30	
1950	7	1	6	0	0	1018.00	
1950	7	1	9	0	0	1019.00	
1950	7	1	12	0	0	1019.20	
1950	7	1	15	0	0	1018.60	
1950	7	1	18	0	0	1018.20	
1950	7	1	21	0	0	1018.20	
1950	7	2	0	0	0	1018.80	
1950	7	2	3	0	0	1018.60	
1950	7	2	6	0	0	1018.20	
1950	7	2	9	0	0	1018.10	
1950	7	2	12	0	0	1017.80	
1950	7	2	15	0	0	1017.70	
1950	7	2	18	0	0	1017.70	
1950	7	2	21	0	0	1018.60	
1950	7	3	0	0	0	1019.60	
1950	7	3	3	0	0	1018.90	
1950	7	3	6	0	0	1018.80	
1950	7	3	9	0	0	1018.50	
1950	7	3	12	0	0	1017.40	
1950	7	3	15	0	0	1017.30	
1950	7	3	18	0	0	1017.40	
1950	7	3	21	0	0	1018.20	
1950	7	4	0	0	0	1018.70	
1950	7	4	3	0	0	1018.20	
1950	7	4	6	0	0	1018.40	
1950	7	4	9	0	0	1018.90	
1950	7	4	12	0	0	1019.00	
1950	7	4	15	0	0	1019.10	
1950	7	4	18	0	0	1018.40	
1950	7	4	21	0	0	1018.50	
1950	7	5	0	0	0	1017.30	
1950	7	5	3	0	0	1016.70	
1950	7	5	6	0	0	1015.40	
1950	7	5	9	0	0	1015.50	
1950	7	5	12	0	0	1014.50	
1950	7	5	15	0	0	1014.20	
1950	7	5	18	0	0	1013.70	
1950	7	5	21	0	0	1014.40	
1950	7	6	0	0	0	1014.10	
1950	7	6	3	0	0	1013.40	
1950	7	6	6	0	0	1012.80	
1950	7	6	9	0	0	1012.80	
1950	7	6	12	0	0	1012.30	
1950	7	6	15	0	0	1011.50	
1950	7	6	18	0	0	1011.70	
1950	7	6	21	0	0	1012.60	
1950	7	7	0	0	0	1012.90	
1950	7	7	3	0	0	1012.70	
1950	7	7	6	0	0	1013.10	
1950	7	7	9	0	0	1014.20	
1950	7	7	12	0	0	1014.40	
1950	7	7	15	0	0	1015.10	
1950	7	7	18	0	0	1015.30	
1950	7	7	21	0	0	1016.30	
1950	7	8	0	0	0	1016.70	
1950	7	8	3	0	0	1016.20	
1950	7	8	6	0	0	1016.70	
1950	7	8	9	0	0	1016.90	
1950	7	8	12	0	0	1017.00	
1950	7	8	15	0	0	1016.40	
1950	7	8	18	0	0	1016.00	
1950	7	8	21	0	0	1016.50	
1950	7	9	0	0	0	1015.90	
1950	7	9	3	0	0	1014.80	
1950	7	9	6	0	0	1013.80	
1950	7	9	9	0	0	1012.20	
1950	7	9	12	0	0	1009.70	
1950	7	9	15	0	0	1007.60	
1950	7	9	18	0	0	1008.20	
1950	7	9	21	0	0	1008.40	
1950	7	10	0	0	0	1008.20	
1950	7	10	3	0	0	1007.30	
1950	7	10	6	0	0	1008.40	
1950	7	10	9	0	0	1008.50	
1950	7	10	12	0	0	1008.40	
1950	7	10	15	0	0	1007.70	
1950	7	10	18	0	0	1007.10	
1950	7	10	21	0	0	1006.90	
1950	7	11	0	0	0	1004.70	
1950	7	11	3	0	0	1001.30	
1950	7	11	6	0	0	1000.60	
1950	7	11	9	0	0	1000.60	
1950	7	11	12	0	0	1002.10	
1950	7	11	15	0	0	1003.70	
1950	7	11	18	0	0	1005.10	
1950	7	11	21	0	0	1007.10	
1950	7	12	0	0	0	1009.10	
1950	7	12	6	0	0	1011.60	
1950	7	12	9	0	0	1012.00	
1950	7	12	12	0	0	1012.30	
1950	7	12	15	0	0	1012.40	
1950	7	12	18	0	0	1012.50	
1950	7	12	21	0	0	1013.30	
1950	7	13	0	0	0	1014.20	
1950	7	13	3	0	0	1014.10	
1950	7	13	6	0	0	1013.90	
1950	7	13	9	0	0	1012.70	
1950	7	13	12	0	0	1011.00	
1950	7	13	15	0	0	1010.10	
1950	7	13	18	0	0	1008.10	
1950	7	13	21	0	0	1007.70	
1950	7	14	0	0	0	1006.20	
1950	7	14	3	0	0	1002.70	
1950	7	14	6	0	0	1002.60	
1950	7	14	9	0	0	1003.00	
1950	7	14	12	0	0	1003.30	
1950	7	14	15	0	0	1004.60	
1950	7	14	18	0	0	1006.10	
1950	7	14	21	0	0	1008.50	
1950	7	15	0	0	0	1010.20	
1950	7	15	3	0	0	1010.40	
1950	7	15	6	0	0	1010.40	
1950	7	15	9	0	0	1009.00	
1950	7	15	12	0	0	1007.30	
1950	7	15	15	0	0	1006.10	
1950	7	15	18	0	0	1003.40	
1950	7	15	21	0	0	1001.40	
1950	7	16	0	0	0	999.70	
1950	7	16	3	0	0	997.50	
1950	7	16	6	0	0	997.30	
1950	7	16	9	0	0	996.80	
1950	7	16	12	0	0	997.00	
1950	7	16	15	0	0	998.80	
1950	7	16	18	0	0	998.20	
1950	7	16	21	0	0	999.20	
1950	7	17	0	0	0	1000.00	
1950	7	17	3	0	0	1000.40	
1950	7	17	6	0	0	1001.40	
1950	7	17	9	0	0	1003.10	
1950	7	17	12	0	0	1004.10	
1950	7	17	15	0	0	1005.40	
1950	7	17	18	0	0	1007.30	
1950	7	17	21	0	0	1009.60	
1950	7	18	0	0	0	1011.10	
1950	7	18	3	0	0	1011.70	
1950	7	18	6	0	0	1012.50	
1950	7	18	9	0	0	1012.60	
1950	7	18	12	0	0	1012.10	
1950	7	18	15	0	0	1012.10	
1950	7	18	18	0	0	1014.00	
1950	7	18	21	0	0	1015.90	
1950	7	19	0	0	0	1017.30	
1950	7	19	3	0	0	1018.10	
1950	7	19	6	0	0	1019.00	
1950	7	19	9	0	0	1019.80	
1950	7	19	12	0	0	1021.00	
1950	7	19	15	0	0	1020.90	
1950	7	19	18	0	0	1021.20	
1950	7	19	21	0	0	1020.90	
1950	7	20	0	0	0	1021.00	
1950	7	20	3	0	0	1019.60	
1950	7	20	6	0	0	1019.30	
1950	7	20	9	0	0	1018.70	
1950	7	20	12	0	0	1017.90	
1950	7	20	15	0	0	1016.80	
1950	7	20	18	0	0	1015.90	
1950	7	20	21	0	0	1015.50	
1950	7	21	0	0	0	1014.40	
1950	7	21	3	0	0	1012.70	
1950	7	21	6	0	0	1011.40	
1950	7	21	9	0	0	1010.60	
1950	7	21	12	0	0	1009.70	
1950	7	21	15	0	0	1008.70	
1950	7	21	18	0	0	1008.90	
1950	7	21	21	0	0	1009.70	
1950	7	22	0	0	0	1009.90	
1950	7	22	3	0	0	1009.20	
1950	7	22	6	0	0	1008.90	
1950	7	22	9	0	0	1007.40	
1950	7	22	12	0	0	1006.10	
1950	7	22	15	0	0	1004.10	
1950	7	22	18	0	0	1002.50	
1950	7	22	21	0	0	1001.00	
1950	7	23	0	0	0	998.50	
1950	7	23	3	0	0	996.80	
1950	7	23	6	0	0	995.90	
1950	7	23	9	0	0	996.70	
1950	7	23	12	0	0	998.10	
1950	7	23	15	0	0	1010.40	
1950	7	23	18	0	0	1011.50	
1950	7	23	21	0	0	1003.80	
1950	7	24	0	0	0	1006.00	
1950	7	24	3	0	0	1006.60	
1950	7	24	6	0	0	1008.30	
1950	7	24	9	0	0	1009.20	
1950	7	24	12	0	0	1010.00	
1950	7	24	15	0	0	1011.20	
1950	7	24	18	0	0	1012.10	
1950	7	24	21	0	0	1012.70	
1950	7	25	0	0	0	1012.80	
1950	7	25	3	0	0	1012.70	
1950	7	25	6	0	0	1012.30	
1950	7	25	9	0	0	1012.20	
1950	7	25	12	0	0	1011.60	
1950	7	25	15	0	0	1012.00	
1950	7	25	18	0	0	1012.80	
1950	7	25	21	0	0	1013.50	
1950	7	26	0	0	0	1014.50	
1950	7	26	3	0	0	1015.10	
1950	7	26	6	0	0	1015.70	
1950	7	26	9	0	0	1016.00	
1950	7	26	12	0	0	1015.60	
1950	7	26	15	0	0	1015.80	
1950	7	26	18	0	0	1015.20	
1950	7	26	21	0	0	1015.40	
1950	7	27	0	0	0	1015.90	
1950	7	27	3	0	0	1015.60	
1950	7	27	6	0	0	1015.90	
1950	7	27	9	0	0	1016.20	
1950	7	27	12	0	0	1016.80	
1950	7	27	15	0	0	1017.40	
1950	7	27	18	0	0	1017.20	
1950	7	27	21	0	0	1018.10	
1950	7	28	0	0	0	1018.20	
1950	7	28	3	0	0	1018.10	
1950	7	28	6	0	0	1017.80	
1950	7	28	9	0	0	1017.20	
1950	7	28	12	0	0	1016.10	
1950	7	28	15	0	0	1016.20	
1950	7	28	18	0	0	1015.80	
1950	7	28	21	0	0	1016.90	
1950	7	29	0	0	0	1018.00	
1950	7	29	3	0	0	1018.20	
1950	7	29	6	0	0	1019.10	
1950	7	29	9	0	0	1019.50	
1950	7	29	12	0	0	1019.50	
1950	7	29	15	0	0	1019.10	
1950	7	29	18	0	0	1018.90	
1950	7	29	21	0	0	1019.30	
1950	7	30	0	0	0	1019.50	
1950	7	30	3	0	0	1017.90	
1950	7	30	6	0	0	1016.10	
1950	7	30	9	0	0	1015.20	
1950	7	30	12	0	0	1013.30	
1950	7	30	15	0	0	1011.80	
1950	7	30	18	0	0	1009.90	
1950	7	30	21	0	0	1008.60	
1950	7	31	0	0	0	1007.60	
1950	7	31	3	0	0	1006.50	
1950	7	31	6	0	0	1006.50	
1950	7	31	9	0	0	1007.00	
1950	7	31	12	0	0	1006.90	
1950	7	31	15	0	0	1007.10	
1950	7	31	18	0	0	1006.90	
1950	7	31	21	0	0	1006.90	
1950	8	1	0	0	0	1007.00	
1950	8	1	3	0	0	1005.80	
1950	8	1	6	0	0	1006.00	
1950	8	1	9	0	0	1006.70	
1950	8	1	12	0	0	1006.50	
1950	8	1	15	0	0	1006.80	
1950	8	1	18	0	0	1005.70	
1950	8	1	21	0	0	1006.20	
1950	8	2	0	0	0	1005.70	
1950	8	2	3	0	0	1004.20	
1950	8	2	6	0	0	1003.50	
1950	8	2	9	0	0	1003.10	
1950	8	2	12	0	0	1002.40	
1950	8	2	15	0	0	1002.40	
1950	8	2	18	0	0	1002.50	
1950	8	2	21	0	0	1003.80	
1950	8	3	0	0	0	1004.60	
1950	8	3	3	0	0	1005.70	
1950	8	3	6	0	0	1006.90	
1950	8	3	9	0	0	1008.40	
1950	8	3	12	0	0	1009.60	
1950	8	3	15	0	0	1010.40	
1950	8	3	18	0	0	1011.80	
1950	8	3	21	0	0	1013.90	
1950	8	4	0	0	0	1014.50	
1950	8	4	3	0	0	1015.20	
1950	8	4	6	0	0	1016.30	
1950	8	4	9	0	0	1016.60	
1950	8	4	12	0	0	1016.10	
1950	8	4	15	0	0	1015.50	
1950	8	4	18	0	0	1015.20	
1950	8	4	21	0	0	1016.40	
1950	8	5	0	0	0	1016.20	
1950	8	5	3	0	0	1015.70	
1950	8	5	6	0	0	1015.40	
1950	8	5	9	0	0	1014.80	
1950	8	5	12	0	0	1014.40	
1950	8	5	15	0	0	1014.40	
1950	8	5	18	0	0	1013.80	
1950	8	5	21	0	0	1013.80	
1950	8	6	0	0	0	1013.20	
1950	8	6	3	0	0	1013.10	
1950	8	6	6	0	0	1013.60	
1950	8	6	9	0	0	1013.70	
1950	8	6	12	0	0	1012.50	
1950	8	6	15	0	0	1012.40	
1950	8	6	18	0	0	1011.80	
1950	8	6	21	0	0	1012.90	
1950	8	7	0	0	0	1012.00	
1950	8	7	3	0	0	1011.60	
1950	8	7	6	0	0	1011.30	
1950	8	7	9	0	0	1011.00	
1950	8	7	12	0	0	1010.10	
1950	8	7	15	0	0	1009.60	
1950	8	7	18	0	0	1009.80	
1950	8	7	21	0	0	1010.50	
1950	8	8	0	0	0	1010.70	
1950	8	8	3	0	0	1010.70	
1950	8	8	6	0	0	1010.20	
1950	8	8	9	0	0	1009.70	
1950	8	8	12	0	0	1007.90	
1950	8	8	15	0	0	1005.80	
1950	8	8	18	0	0	1004.20	
1950	8	8	21	0	0	1004.20	
1950	8	9	0	0	0	1002.60	
1950	8	9	3	0	0	1001.00	
1950	8	9	6	0	0	999.90	
1950	8	9	9	0	0	1000.70	
1950	8	9	12	0	0	1001.70	
1950	8	9	15	0	0	1002.20	
1950	8	9	18	0	0	1003.70	
1950	8	9	21	0	0	1006.30	
1950	8	10	0	0	0	1007.70	
1950	8	10	3	0	0	1009.30	
1950	8	10	6	0	0	1011.00	
1950	8	10	9	0	0	1012.30	
1950	8	10	12	0	0	1012.90	
1950	8	10	15	0	0	1013.10	
1950	8	10	18	0	0	1014.20	
1950	8	10	21	0	0	1015.60	
1950	8	11	0	0	0	1016.10	
1950	8	11	3	0	0	1016.30	
1950	8	11	6	0	0	1017.10	
1950	8	11	9	0	0	1017.10	
1950	8	11	12	0	0	1016.70	
1950	8	11	15	0	0	1016.70	
1950	8	11	18	0	0	1016.60	
1950	8	11	21	0	0	1017.20	
1950	8	12	0	0	0	1017.60	
1950	8	12	3	0	0	1017.10	
1950	8	12	6	0	0	1016.10	
1950	8	12	9	0	0	1015.50	
1950	8	12	12	0	0	1014.70	
1950	8	12	15	0	0	1013.30	
1950	8	12	18	0	0	1012.10	
1950	8	12	21	0	0	1012.70	
1950	8	13	0	0	0	1013.00	
1950	8	13	3	0	0	1012.80	
1950	8	13	6	0	0	1014.70	
1950	8	13	9	0	0	1015.40	
1950	8	13	12	0	0	1015.60	
1950	8	13	15	0	0	1016.30	
1950	8	13	18	0	0	1017.70	
1950	8	13	21	0	0	1019.40	
1950	8	14	0	0	0	1019.70	
1950	8	14	3	0	0	1019.00	
1950	8	14	6	0	0	1018.50	
1950	8	14	9	0	0	1017.30	
1950	8	14	12	0	0	1016.30	
1950	8	14	15	0	0	1015.30	
1950	8	14	18	0	0	1014.30	
1950	8	15	0	0	0	1013.00	
1950	8	15	3	0	0	1011.20	
1950	8	15	6	0	0	1009.30	
1950	8	15	9	0	0	1008.80	
1950	8	15	12	0	0	1006.80	
1950	8	15	15	0	0	1004.80	
1950	8	15	18	0	0	1001.90	
1950	8	15	21	0	0	999.20	
1950	8	16	0	0	0	998.00	
1950	8	16	3	0	0	997.80	
1950	8	16	6	0	0	998.90	
1950	8	16	9	0	0	999.80	
1950	8	16	12	0	0	1000.00	
1950	8	16	15	0	0	1001.40	
1950	8	16	18	0	0	1001.70	
1950	8	16	21	0	0	1002.80	
1950	8	17	0	0	0	1002.30	
1950	8	17	3	0	0	1001.00	
1950	8	17	6	0	0	1000.00	
1950	8	17	9	0	0	998.90	
1950	8	17	12	0	0	997.10	
1950	8	17	15	0	0	995.50	
1950	8	17	18	0	0	995.30	
1950	8	17	21	0	0	995.10	
1950	8	18	0	0	0	994.30	
1950	8	18	3	0	0	993.80	
1950	8	18	6	0	0	993.20	
1950	8	18	9	0	0	993.60	
1950	8	18	12	0	0	994.30	
1950	8	18	15	0	0	995.10	
1950	8	18	18	0	0	996.80	
1950	8	18	21	0	0	998.40	
1950	8	19	0	0	0	999.80	
1950	8	19	3	0	0	1001.20	
1950	8	19	6	0	0	1002.90	
1950	8	19	9	0	0	1006.00	
1950	8	19	12	0	0	1007.20	
1950	8	19	15	0	0	1008.60	
1950	8	19	18	0	0	1010.00	
1950	8	19	21	0	0	1012.70	
1950	8	20	0	0	0	1013.40	
1950	8	20	3	0	0	1013.10	
1950	8	20	6	0	0	1012.60	
1950	8	20	9	0	0	1011.20	
1950	8	20	12	0	0	1008.80	
1950	8	20	15	0	0	1007.80	
1950	8	20	18	0	0	1008.10	
1950	8	20	21	0	0	1009.40	
1950	8	21	0	0	0	1011.00	
1950	8	21	3	0	0	1012.80	
1950	8	21	6	0	0	1014.50	
1950	8	21	9	0	0	1015.20	
1950	8	21	12	0	0	1015.50	
1950	8	21	15	0	0	1015.40	
1950	8	21	18	0	0	1015.80	
1950	8	21	21	0	0	1017.20	
1950	8	22	0	0	0	1017.60	
1950	8	22	3	0	0	1017.30	
1950	8	22	6	0	0	1017.10	
1950	8	22	9	0	0	1016.50	
1950	8	22	12	0	0	1014.60	
1950	8	22	15	0	0	1011.50	
1950	8	22	18	0	0	1010.90	
1950	8	22	21	0	0	1012.10	
1950	8	23	0	0	0	1012.50	
1950	8	23	3	0	0	1013.00	
1950	8	23	6	0	0	1013.60	
1950	8	23	9	0	0	1013.10	
1950	8	23	12	0	0	1011.60	
1950	8	23	15	0	0	1010.60	
1950	8	23	18	0	0	1007.60	
1950	8	23	21	0	0	1007.40	
1950	8	24	0	0	0	1006.40	
1950	8	24	3	0	0	1006.30	
1950	8	24	6	0	0	1006.50	
1950	8	24	9	0	0	1005.80	
1950	8	24	12	0	0	1003.60	
1950	8	24	15	0	0	1001.40	
1950	8	24	18	0	0	1001.40	
1950	8	24	21	0	0	1002.70	
1950	8	25	0	0	0	1004.00	
1950	8	25	3	0	0	1005.10	
1950	8	25	6	0	0	1006.40	
1950	8	25	9	0	0	1007.50	
1950	8	25	12	0	0	1008.30	
1950	8	25	15	0	0	1008.50	
1950	8	25	18	0	0	1007.80	
1950	8	25	21	0	0	1007.70	
1950	8	26	0	0	0	1007.10	
1950	8	26	3	0	0	1005.70	
1950	8	26	6	0	0	1003.40	
1950	8	26	9	0	0	1002.00	
1950	8	26	12	0	0	1000.40	
1950	8	26	15	0	0	998.40	
1950	8	26	18	0	0	998.00	
1950	8	26	21	0	0	999.50	
1950	8	27	0	0	0	1000.40	
1950	8	27	3	0	0	1002.00	
1950	8	27	6	0	0	1004.40	
1950	8	27	9	0	0	1005.80	
1950	8	27	12	0	0	1006.10	
1950	8	27	15	0	0	1007.00	
1950	8	27	18	0	0	1007.10	
1950	8	27	21	0	0	1008.50	
1950	8	28	0	0	0	1009.20	
1950	8	28	3	0	0	1009.50	
1950	8	28	6	0	0	1009.50	
1950	8	28	9	0	0	1010.10	
1950	8	28	12	0	0	1008.80	
1950	8	28	15	0	0	1007.70	
1950	8	28	18	0	0	1007.10	
1950	8	28	21	0	0	1006.90	
1950	8	29	0	0	0	1005.90	
1950	8	29	3	0	0	1005.10	
1950	8	29	6	0	0	1004.80	
1950	8	29	9	0	0	1006.80	
1950	8	29	12	0	0	1008.50	
1950	8	29	15	0	0	1010.20	
1950	8	29	18	0	0	1012.20	
1950	8	29	21	0	0	1014.60	
1950	8	30	0	0	0	1015.70	
1950	8	30	3	0	0	1016.40	
1950	8	30	6	0	0	1016.60	
1950	8	30	9	0	0	1017.00	
1950	8	30	12	0	0	1016.10	
1950	8	30	15	0	0	1015.80	
1950	8	30	18	0	0	1014.80	
1950	8	30	21	0	0	1015.00	
1950	8	31	0	0	0	1014.40	
1950	8	31	3	0	0	1013.70	
1950	8	31	6	0	0	1012.70	
1950	8	31	9	0	0	1012.80	
1950	8	31	12	0	0	1013.50	
1950	8	31	15	0	0	1014.10	
1950	8	31	18	0	0	1014.80	
1950	8	31	21	0	0	1017.20	
1950	9	1	0	0	0	1017.10	
1950	9	1	3	0	0	1017.70	
1950	9	1	6	0	0	1017.50	
1950	9	1	9	0	0	1016.90	
1950	9	1	12	0	0	1015.60	
1950	9	1	15	0	0	1013.30	
1950	9	1	18	0	0	1010.60	
1950	9	1	21	0	0	1009.90	
1950	9	2	0	0	0	1007.60	
1950	9	2	3	0	0	1005.80	
1950	9	2	6	0	0	1006.30	
1950	9	2	9	0	0	1008.80	
1950	9	2	12	0	0	1010.60	
1950	9	2	15	0	0	1012.60	
1950	9	2	18	0	0	1013.80	
1950	9	2	21	0	0	1015.40	
1950	9	3	0	0	0	1015.10	
1950	9	3	3	0	0	1014.40	
1950	9	3	6	0	0	1013.00	
1950	9	3	9	0	0	1012.00	
1950	9	3	12	0	0	1009.60	
1950	9	3	15	0	0	1007.70	
1950	9	3	18	0	0	1006.30	
1950	9	3	21	0	0	1006.20	
1950	9	4	0	0	0	1006.10	
1950	9	4	3	0	0	1006.90	
1950	9	4	6	0	0	1007.70	
1950	9	4	9	0	0	1007.70	
1950	9	4	12	0	0	1007.00	
1950	9	4	15	0	0	1006.00	
1950	9	4	18	0	0	1006.10	
1950	9	4	21	0	0	1005.60	
1950	9	5	0	0	0	1006.70	
1950	9	5	3	0	0	1009.30	
1950	9	5	6	0	0	1010.40	
1950	9	5	9	0	0	1011.50	
1950	9	5	12	0	0	1011.80	
1950	9	5	15	0	0	1012.00	
1950	9	5	18	0	0	1012.30	
1950	9	5	21	0	0	1013.20	
1950	9	6	0	0	0	1012.50	
1950	9	6	3	0	0	1011.50	
1950	9	6	6	0	0	1010.50	
1950	9	6	9	0	0	1008.80	
1950	9	6	12	0	0	1005.00	
1950	9	6	15	0	0	999.40	
1950	9	6	18	0	0	990.10	
1950	9	6	21	0	0	981.40	
1950	9	7	0	0	0	983.90	
1950	9	7	3	0	0	989.20	
1950	9	7	6	0	0	994.00	
1950	9	7	9	0	0	997.20	
1950	9	7	12	0	0	1000.60	
1950	9	7	15	0	0	1003.70	
1950	9	7	18	0	0	1006.80	
1950	9	7	21	0	0	1007.50	
1950	9	8	0	0	0	1008.20	
1950	9	8	3	0	0	1007.90	
1950	9	8	6	0	0	1007.50	
1950	9	8	9	0	0	1008.60	
1950	9	8	12	0	0	1009.40	
1950	9	8	15	0	0	1010.30	
1950	9	8	18	0	0	1010.60	
1950	9	8	21	0	0	1010.30	
1950	9	9	0	0	0	1010.40	
1950	9	9	3	0	0	1010.00	
1950	9	9	6	0	0	1010.10	
1950	9	9	9	0	0	1010.40	
1950	9	9	12	0	0	1010.00	
1950	9	9	15	0	0	1008.90	
1950	9	9	18	0	0	1008.70	
1950	9	9	21	0	0	1009.90	
1950	9	10	0	0	0	1009.80	
1950	9	10	3	0	0	1009.60	
1950	9	10	6	0	0	1010.10	
1950	9	10	9	0	0	1011.20	
1950	9	10	12	0	0	1011.40	
1950	9	10	15	0	0	1011.60	
1950	9	10	18	0	0	1011.80	
1950	9	10	21	0	0	1011.40	
1950	9	11	0	0	0	1009.80	
1950	9	11	3	0	0	1007.60	
1950	9	11	6	0	0	1007.10	
1950	9	11	9	0	0	1006.20	
1950	9	11	12	0	0	1004.30	
1950	9	11	15	0	0	1001.90	
1950	9	11	18	0	0	1000.50	
1950	9	11	21	0	0	1000.90	
1950	9	12	0	0	0	1003.70	
1950	9	12	3	0	0	1006.50	
1950	9	12	6	0	0	1010.50	
1950	9	12	9	0	0	1012.50	
1950	9	12	12	0	0	1013.10	
1950	9	12	15	0	0	1012.30	
1950	9	12	18	0	0	1011.30	
1950	9	12	21	0	0	1010.80	
1950	9	13	0	0	0	1010.80	
1950	9	13	3	0	0	1010.70	
1950	9	13	6	0	0	1010.50	
1950	9	13	9	0	0	1010.50	
1950	9	13	12	0	0	1008.20	
1950	9	13	15	0	0	1005.60	
1950	9	13	18	0	0	1001.60	
1950	9	13	21	0	0	998.80	
1950	9	14	0	0	0	998.30	
1950	9	14	3	0	0	997.80	
1950	9	14	6	0	0	998.90	
1950	9	14	9	0	0	999.70	
1950	9	14	12	0	0	1000.30	
1950	9	14	15	0	0	1000.60	
1950	9	14	18	0	0	1000.60	
1950	9	14	21	0	0	1001.10	
1950	9	15	0	0	0	1000.70	
1950	9	15	3	0	0	1000.40	
1950	9	15	6	0	0	999.80	
1950	9	15	9	0	0	999.00	
1950	9	15	12	0	0	997.90	
1950	9	15	15	0	0	998.10	
1950	9	15	18	0	0	1000.60	
1950	9	15	21	0	0	1002.80	
1950	9	16	0	0	0	1005.10	
1950	9	16	3	0	0	1006.80	
1950	9	16	6	0	0	1008.00	
1950	9	16	9	0	0	1008.30	
1950	9	16	12	0	0	1007.30	
1950	9	16	15	0	0	1005.50	
1950	9	16	18	0	0	999.70	
1950	9	16	21	0	0	995.70	
1950	9	17	0	0	0	990.60	
1950	9	17	3	0	0	987.20	
1950	9	17	6	0	0	983.60	
1950	9	17	9	0	0	984.90	
1950	9	17	12	0	0	988.80	
1950	9	17	15	0	0	993.90	
1950	9	17	18	0	0	996.60	
1950	9	17	21	0	0	998.30	
1950	9	18	0	0	0	998.80	
1950	9	18	3	0	0	999.00	
1950	9	18	6	0	0	1000.30	
1950	9	18	9	0	0	1002.10	
1950	9	18	12	0	0	1003.70	
1950	9	18	15	0	0	1003.90	
1950	9	18	18	0	0	1005.30	
1950	9	18	21	0	0	1006.30	
1950	9	19	0	0	0	1007.00	
1950	9	19	3	0	0	1006.90	
1950	9	19	6	0	0	1007.10	
1950	9	19	9	0	0	1007.10	
1950	9	19	12	0	0	1007.20	
1950	9	19	15	0	0	1006.30	
1950	9	19	18	0	0	1005.70	
1950	9	19	21	0	0	1004.00	
1950	9	20	0	0	0	1002.40	
1950	9	20	3	0	0	1001.90	
1950	9	20	6	0	0	1000.70	
1950	9	20	9	0	0	1000.60	
1950	9	20	12	0	0	999.90	
1950	9	20	15	0	0	999.00	
1950	9	20	18	0	0	997.90	
1950	9	20	21	0	0	996.40	
1950	9	21	0	0	0	994.50	
1950	9	21	3	0	0	995.30	
1950	9	21	6	0	0	997.90	
1950	9	21	9	0	0	1001.30	
1950	9	21	12	0	0	1004.00	
1950	9	21	15	0	0	1005.40	
1950	9	21	18	0	0	1007.80	
1950	9	21	21	0	0	1009.40	
1950	9	22	0	0	0	1009.80	
1950	9	22	3	0	0	1010.00	
1950	9	22	6	0	0	1009.00	
1950	9	22	9	0	0	1007.80	
1950	9	22	12	0	0	1009.20	
1950	9	22	15	0	0	1011.10	
1950	9	22	18	0	0	1013.30	
1950	9	22	21	0	0	1014.70	
1950	9	23	0	0	0	1015.90	
1950	9	23	3	0	0	1017.00	
1950	9	23	6	0	0	1017.90	
1950	9	23	9	0	0	1018.70	
1950	9	23	12	0	0	1018.90	
1950	9	23	15	0	0	1018.60	
1950	9	23	18	0	0	1017.30	
1950	9	23	21	0	0	1016.90	
1950	9	24	0	0	0	1014.70	
1950	9	24	3	0	0	1011.00	
1950	9	24	6	0	0	1008.30	
1950	9	24	9	0	0	1006.00	
1950	9	24	12	0	0	1003.80	
1950	9	24	15	0	0	1000.50	
1950	9	24	18	0	0	998.80	
1950	9	24	21	0	0	998.00	
1950	9	25	0	0	0	996.80	
1950	9	25	3	0	0	995.50	
1950	9	25	6	0	0	994.30	
1950	9	25	9	0	0	994.00	
1950	9	25	12	0	0	993.40	
1950	9	25	15	0	0	993.40	
1950	9	25	18	0	0	995.90	
1950	9	25	21	0	0	998.60	
1950	9	26	0	0	0	1000.60	
1950	9	26	3	0	0	1003.90	
1950	9	26	6	0	0	1007.50	
1950	9	26	9	0	0	1011.50	
1950	9	26	12	0	0	1014.40	
1950	9	26	15	0	0	1016.50	
1950	9	26	18	0	0	1018.70	
1950	9	26	21	0	0	1020.20	
1950	9	27	0	0	0	1020.60	
1950	9	27	3	0	0	1019.90	
1950	9	27	6	0	0	1018.20	
1950	9	27	9	0	0	1017.10	
1950	9	27	12	0	0	1014.40	
1950	9	27	15	0	0	1012.60	
1950	9	27	18	0	0	1011.60	
1950	9	27	21	0	0	1011.50	
1950	9	28	0	0	0	1010.70	
1950	9	28	3	0	0	1008.80	
1950	9	28	6	0	0	1007.10	
1950	9	28	9	0	0	1007.20	
1950	9	28	12	0	0	1008.20	
1950	9	28	15	0	0	1007.90	
1950	9	28	18	0	0	1008.00	
1950	9	28	21	0	0	1008.80	
1950	9	29	0	0	0	1008.80	
1950	9	29	3	0	0	1009.20	
1950	9	29	6	0	0	1010.60	
1950	9	29	9	0	0	1011.50	
1950	9	29	12	0	0	1011.90	
1950	9	29	15	0	0	1011.40	
1950	9	29	18	0	0	1011.20	
1950	9	29	21	0	0	1011.20	
1950	9	30	0	0	0	1010.40	
1950	9	30	3	0	0	1008.20	
1950	9	30	6	0	0	1006.00	
1950	9	30	9	0	0	1004.20	
1950	9	30	12	0	0	1002.00	
1950	9	30	15	0	0	998.90	
1950	9	30	18	0	0	996.70	
1950	9	30	21	0	0	994.70	
1950	10	1	0	0	0	992.20	
1950	10	1	3	0	0	991.10	
1950	10	1	6	0	0	990.30	
1950	10	1	9	0	0	990.30	
1950	10	1	12	0	0	990.00	
1950	10	1	15	0	0	992.40	
1950	10	1	18	0	0	995.30	
1950	10	1	21	0	0	998.10	
1950	10	2	0	0	0	999.00	
1950	10	2	3	0	0	998.00	
1950	10	2	6	0	0	995.90	
1950	10	2	9	0	0	996.60	
1950	10	2	12	0	0	997.30	
1950	10	2	15	0	0	998.20	
1950	10	2	18	0	0	1000.60	
1950	10	2	21	0	0	1005.10	
1950	10	3	0	0	0	1008.20	
1950	10	3	3	0	0	1010.50	
1950	10	3	6	0	0	1012.70	
1950	10	3	9	0	0	1014.90	
1950	10	3	12	0	0	1015.20	
1950	10	3	15	0	0	1014.10	
1950	10	3	18	0	0	1013.20	
1950	10	3	21	0	0	1013.60	
1950	10	4	0	0	0	1013.80	
1950	10	4	3	0	0	1013.70	
1950	10	4	6	0	0	1013.60	
1950	10	4	9	0	0	1013.50	
1950	10	4	12	0	0	1013.40	
1950	10	4	15	0	0	1012.50	
1950	10	4	18	0	0	1011.60	
1950	10	4	21	0	0	1011.20	
1950	10	5	0	0	0	1009.90	
1950	10	5	3	0	0	1009.40	
1950	10	5	6	0	0	1009.60	
1950	10	5	9	0	0	1010.70	
1950	10	5	12	0	0	1010.70	
1950	10	5	15	0	0	1009.80	
1950	10	5	18	0	0	1010.90	
1950	10	5	21	0	0	1010.80	
1950	10	6	0	0	0	1009.30	
1950	10	6	3	0	0	1007.30	
1950	10	6	6	0	0	1006.20	
1950	10	6	9	0	0	1006.20	
1950	10	6	12	0	0	1007.20	
1950	10	6	15	0	0	1008.00	
1950	10	6	18	0	0	1009.80	
1950	10	6	21	0	0	1010.80	
1950	10	7	0	0	0	1010.00	
1950	10	7	3	0	0	1008.30	
1950	10	7	6	0	0	1006.30	
1950	10	7	9	0	0	1006.10	
1950	10	7	12	0	0	1007.40	
1950	10	7	15	0	0	1008.50	
1950	10	7	18	0	0	1009.10	
1950	10	7	21	0	0	1009.20	
1950	10	8	0	0	0	1008.10	
1950	10	8	3	0	0	1007.20	
1950	10	8	6	0	0	1005.20	
1950	10	8	9	0	0	1002.00	
1950	10	8	12	0	0	1002.90	
1950	10	8	15	0	0	1002.10	
1950	10	8	18	0	0	1003.70	
1950	10	8	21	0	0	1004.30	
1950	10	9	0	0	0	1003.60	
1950	10	9	3	0	0	1008.50	
1950	10	9	6	0	0	1010.60	
1950	10	9	9	0	0	1011.20	
1950	10	9	12	0	0	1010.70	
1950	10	9	15	0	0	1008.80	
1950	10	9	18	0	0	1006.10	
1950	10	9	21	0	0	1003.00	
1950	10	10	0	0	0	1002.30	
1950	10	10	3	0	0	1000.50	
1950	10	10	6	0	0	1000.80	
1950	10	10	9	0	0	1002.20	
1950	10	10	12	0	0	1003.20	
1950	10	10	15	0	0	1004.40	
1950	10	10	18	0	0	1004.10	
1950	10	10	21	0	0	1006.00	
1950	10	11	0	0	0	1008.70	
1950	10	11	3	0	0	1013.50	
1950	10	11	6	0	0	1016.80	
1950	10	11	9	0	0	1021.40	
1950	10	11	12	0	0	1024.20	
1950	10	11	15	0	0	1026.00	
1950	10	11	18	0	0	1027.10	
1950	10	11	21	0	0	1028.00	
1950	10	12	0	0	0	1028.30	
1950	10	12	3	0	0	1027.00	
1950	10	12	6	0	0	1026.90	
1950	10	12	9	0	0	1027.30	
1950	10	12	12	0	0	1026.40	
1950	10	12	15	0	0	1024.50	
1950	10	12	18	0	0	1024.00	
1950	10	12	21	0	0	1022.90	
1950	10	13	0	0	0	1020.90	
1950	10	13	3	0	0	1018.70	
1950	10	13	6	0	0	1016.70	
1950	10	13	9	0	0	1015.50	
1950	10	13	12	0	0	1013.30	
1950	10	13	15	0	0	1010.90	
1950	10	13	18	0	0	1010.00	
1950	10	13	21	0	0	1008.80	
1950	10	14	0	0	0	1008.20	
1950	10	14	3	0	0	1007.60	
1950	10	14	6	0	0	1007.60	
1950	10	14	9	0	0	1009.20	
1950	10	14	12	0	0	1010.00	
1950	10	14	15	0	0	1010.50	
1950	10	14	18	0	0	1011.00	
1950	10	14	21	0	0	1011.30	
1950	10	15	0	0	0	1011.00	
1950	10	15	3	0	0	1010.60	
1950	10	15	6	0	0	1010.70	
1950	10	15	9	0	0	1012.10	
1950	10	15	12	0	0	1012.30	
1950	10	15	15	0	0	1012.70	
1950	10	15	18	0	0	1014.30	
1950	10	15	21	0	0	1015.70	
1950	10	16	0	0	0	1016.40	
1950	10	16	3	0	0	1017.10	
1950	10	16	6	0	0	1018.80	
1950	10	16	9	0	0	1019.10	
1950	10	16	12	0	0	1019.40	
1950	10	16	15	0	0	1018.10	
1950	10	16	18	0	0	1016.00	
1950	10	16	21	0	0	1012.70	
1950	10	17	0	0	0	1011.10	
1950	10	17	3	0	0	1009.80	
1950	10	17	6	0	0	1011.00	
1950	10	17	9	0	0	1012.90	
1950	10	17	12	0	0	1014.30	
1950	10	17	15	0	0	1015.00	
1950	10	17	18	0	0	1015.30	
1950	10	17	21	0	0	1018.10	
1950	10	18	0	0	0	1017.20	
1950	10	18	3	0	0	1018.20	
1950	10	18	6	0	0	1019.10	
1950	10	18	9	0	0	1019.70	
1950	10	18	12	0	0	1019.20	
1950	10	18	15	0	0	1019.60	
1950	10	18	18	0	0	1021.60	
1950	10	18	21	0	0	1022.10	
1950	10	19	0	0	0	1022.40	
1950	10	19	3	0	0	1022.20	
1950	10	19	6	0	0	1022.20	
1950	10	19	9	0	0	1022.00	
1950	10	19	12	0	0	1021.60	
1950	10	19	15	0	0	1021.50	
1950	10	19	18	0	0	1021.60	
1950	10	19	21	0	0	1022.50	
1950	10	20	0	0	0	1022.90	
1950	10	20	3	0	0	1023.50	
1950	10	20	6	0	0	1024.80	
1950	10	20	9	0	0	1027.30	
1950	10	20	12	0	0	1028.20	
1950	10	20	15	0	0	1028.00	
1950	10	20	18	0	0	1028.50	
1950	10	20	21	0	0	1029.30	
1950	10	21	0	0	0	1029.10	
1950	10	21	3	0	0	1028.90	
1950	10	21	6	0	0	1029.00	
1950	10	21	9	0	0	1029.80	
1950	10	21	12	0	0	1028.80	
1950	10	21	15	0	0	1027.70	
1950	10	21	18	0	0	1027.30	
1950	10	21	21	0	0	1027.20	
1950	10	22	0	0	0	1026.40	
1950	10	22	3	0	0	1025.20	
1950	10	22	6	0	0	1024.40	
1950	10	22	9	0	0	1024.40	
1950	10	22	12	0	0	1024.20	
1950	10	22	15	0	0	1023.60	
1950	10	22	18	0	0	1023.90	
1950	10	22	21	0	0	1025.40	
1950	10	23	0	0	0	1025.50	
1950	10	23	3	0	0	1025.10	
1950	10	23	6	0	0	1025.40	
1950	10	23	9	0	0	1026.30	
1950	10	23	12	0	0	1026.40	
1950	10	23	15	0	0	1026.10	
1950	10	23	18	0	0	1026.40	
1950	10	23	21	0	0	1026.70	
1950	10	24	0	0	0	1026.40	
1950	10	24	3	0	0	1026.00	
1950	10	24	6	0	0	1025.20	
1950	10	24	9	0	0	1025.30	
1950	10	24	12	0	0	1024.60	
1950	10	24	15	0	0	1023.00	
1950	10	24	18	0	0	1023.00	
1950	10	24	21	0	0	1022.60	
1950	10	25	0	0	0	1022.20	
1950	10	25	3	0	0	1021.80	
1950	10	25	6	0	0	1021.90	
1950	10	25	9	0	0	1022.60	
1950	10	25	12	0	0	1022.80	
1950	10	25	15	0	0	1023.00	
1950	10	25	18	0	0	1023.50	
1950	10	25	21	0	0	1023.70	
1950	10	26	0	0	0	1023.90	
1950	10	26	3	0	0	1022.90	
1950	10	26	6	0	0	1022.30	
1950	10	26	9	0	0	1021.40	
1950	10	26	12	0	0	1020.50	
1950	10	26	15	0	0	1019.50	
1950	10	26	18	0	0	1019.70	
1950	10	26	21	0	0	1019.60	
1950	10	27	0	0	0	1019.30	
1950	10	27	3	0	0	1019.00	
1950	10	27	6	0	0	1018.60	
1950	10	27	9	0	0	1019.10	
1950	10	27	12	0	0	1018.70	
1950	10	27	15	0	0	1018.10	
1950	10	27	18	0	0	1018.60	
1950	10	27	21	0	0	1018.90	
1950	10	28	0	0	0	1019.00	
1950	10	28	3	0	0	1018.90	
1950	10	28	6	0	0	1019.50	
1950	10	28	9	0	0	1020.10	
1950	10	28	12	0	0	1019.70	
1950	10	28	15	0	0	1019.50	
1950	10	28	18	0	0	1019.90	
1950	10	28	21	0	0	1019.40	
1950	10	29	0	0	0	1018.90	
1950	10	29	3	0	0	1018.00	
1950	10	29	6	0	0	1017.80	
1950	10	29	9	0	0	1018.10	
1950	10	29	12	0	0	1017.70	
1950	10	29	15	0	0	1016.50	
1950	10	29	18	0	0	1016.50	
1950	10	29	21	0	0	1016.40	
1950	10	30	0	0	0	1016.20	
1950	10	30	3	0	0	1015.00	
1950	10	30	6	0	0	1013.70	
1950	10	30	9	0	0	1013.60	
1950	10	30	12	0	0	1012.30	
1950	10	30	15	0	0	1010.50	
1950	10	30	18	0	0	1009.60	
1950	10	30	21	0	0	1009.20	
1950	10	31	0	0	0	1009.90	
1950	10	31	3	0	0	1011.20	
1950	10	31	6	0	0	1013.40	
1950	10	31	9	0	0	1016.00	
1950	10	31	12	0	0	1016.70	
1950	10	31	15	0	0	1016.60	
1950	10	31	18	0	0	1017.60	
1950	10	31	21	0	0	1018.30	
1950	11	1	0	0	0	1018.30	
1950	11	1	3	0	0	1017.90	
1950	11	1	6	0	0	1017.80	
1950	11	1	9	0	0	1018.00	
1950	11	1	12	0	0	1017.30	
1950	11	1	15	0	0	1015.60	
1950	11	1	18	0	0	1014.20	
1950	11	1	21	0	0	1012.30	
1950	11	2	0	0	0	1010.80	
1950	11	2	3	0	0	1009.30	
1950	11	2	6	0	0	1009.10	
1950	11	2	9	0	0	1009.20	
1950	11	2	12	0	0	1007.80	
1950	11	2	15	0	0	1006.30	
1950	11	2	18	0	0	1005.50	
1950	11	2	21	0	0	1005.60	
1950	11	3	0	0	0	1006.30	
1950	11	3	3	0	0	1007.10	
1950	11	3	6	0	0	1009.20	
1950	11	3	9	0	0	1011.90	
1950	11	3	12	0	0	1013.80	
1950	11	3	15	0	0	1015.10	
1950	11	3	18	0	0	1016.40	
1950	11	3	21	0	0	1017.50	
1950	11	4	0	0	0	1018.10	
1950	11	4	3	0	0	1019.00	
1950	11	4	6	0	0	1019.80	
1950	11	4	9	0	0	1021.20	
1950	11	4	12	0	0	1022.10	
1950	11	4	15	0	0	1022.90	
1950	11	4	18	0	0	1024.10	
1950	11	4	21	0	0	1024.70	
1950	11	5	0	0	0	1024.90	
1950	11	5	3	0	0	1024.30	
1950	11	5	6	0	0	1024.00	
1950	11	5	9	0	0	1024.20	
1950	11	5	12	0	0	1022.90	
1950	11	5	15	0	0	1022.00	
1950	11	5	18	0	0	1022.10	
1950	11	5	21	0	0	1021.50	
1950	11	6	0	0	0	1020.80	
1950	11	6	3	0	0	1020.10	
1950	11	6	6	0	0	1020.30	
1950	11	6	9	0	0	1020.70	
1950	11	6	12	0	0	1021.00	
1950	11	6	15	0	0	1020.60	
1950	11	6	18	0	0	1021.30	
1950	11	6	21	0	0	1021.70	
1950	11	7	0	0	0	1021.70	
1950	11	7	3	0	0	1021.00	
1950	11	7	6	0	0	1020.40	
1950	11	7	9	0	0	1020.70	
1950	11	7	12	0	0	1019.20	
1950	11	7	15	0	0	1017.40	
1950	11	7	18	0	0	1016.40	
1950	11	7	21	0	0	1014.20	
1950	11	8	0	0	0	1010.60	
1950	11	8	3	0	0	1007.20	
1950	11	8	6	0	0	1004.20	
1950	11	8	9	0	0	1002.50	
1950	11	8	12	0	0	1001.50	
1950	11	8	15	0	0	1001.90	
1950	11	8	18	0	0	1003.00	
1950	11	8	21	0	0	1003.40	
1950	11	9	0	0	0	1004.30	
1950	11	9	3	0	0	1004.50	
1950	11	9	6	0	0	1005.10	
1950	11	9	9	0	0	1006.20	
1950	11	9	12	0	0	1007.30	
1950	11	9	15	0	0	1008.00	
1950	11	9	18	0	0	1008.50	
1950	11	9	21	0	0	1008.70	
1950	11	10	0	0	0	1008.00	
1950	11	10	3	0	0	1004.50	
1950	11	10	6	0	0	1003.50	
1950	11	10	9	0	0	1001.50	
1950	11	10	12	0	0	999.30	
1950	11	10	15	0	0	997.10	
1950	11	10	18	0	0	995.50	
1950	11	10	21	0	0	995.80	
1950	11	11	0	0	0	996.70	
1950	11	11	3	0	0	998.80	
1950	11	11	6	0	0	1000.50	
1950	11	11	9	0	0	1002.10	
1950	11	11	12	0	0	1001.00	
1950	11	11	15	0	0	998.50	
1950	11	11	18	0	0	997.80	
1950	11	11	21	0	0	992.90	
1950	11	12	0	0	0	994.60	
1950	11	12	3	0	0	993.80	
1950	11	12	6	0	0	993.30	
1950	11	12	9	0	0	993.00	
1950	11	12	12	0	0	990.30	
1950	11	12	15	0	0	987.50	
1950	11	12	18	0	0	984.50	
1950	11	12	21	0	0	982.30	
1950	11	13	0	0	0	981.80	
1950	11	13	3	0	0	980.30	
1950	11	13	6	0	0	978.90	
1950	11	13	9	0	0	980.40	
1950	11	13	12	0	0	982.10	
1950	11	13	15	0	0	984.30	
1950	11	13	18	0	0	987.70	
1950	11	13	21	0	0	990.10	
1950	11	14	0	0	0	990.50	
1950	11	14	3	0	0	990.50	
1950	11	14	6	0	0	990.40	
1950	11	14	9	0	0	992.30	
1950	11	14	12	0	0	994.60	
1950	11	14	15	0	0	997.60	
1950	11	14	18	0	0	1002.00	
1950	11	14	21	0	0	1004.60	
1950	11	15	0	0	0	1006.50	
1950	11	15	3	0	0	1007.40	
1950	11	15	6	0	0	1010.20	
1950	11	15	9	0	0	1008.30	
1950	11	15	12	0	0	1011.30	
1950	11	15	15	0	0	1011.30	
1950	11	15	18	0	0	1010.90	
1950	11	15	21	0	0	1009.60	
1950	11	16	0	0	0	1007.60	
1950	11	16	3	0	0	1005.30	
1950	11	16	6	0	0	1003.10	
1950	11	16	9	0	0	1001.60	
1950	11	16	12	0	0	1001.20	
1950	11	16	15	0	0	1000.30	
1950	11	16	18	0	0	1000.30	
1950	11	16	21	0	0	1000.80	
1950	11	17	0	0	0	1001.60	
1950	11	17	3	0	0	1002.20	
1950	11	17	6	0	0	1003.60	
1950	11	17	9	0	0	1005.40	
1950	11	17	12	0	0	1006.90	
1950	11	17	15	0	0	1007.10	
1950	11	17	18	0	0	1008.00	
1950	11	17	21	0	0	1008.80	
1950	11	18	0	0	0	1009.40	
1950	11	18	3	0	0	1009.50	
1950	11	18	6	0	0	1008.90	
1950	11	18	9	0	0	1008.80	
1950	11	18	12	0	0	1006.20	
1950	11	18	15	0	0	1002.50	
1950	11	18	18	0	0	998.90	
1950	11	18	21	0	0	995.70	
1950	11	19	0	0	0	994.20	
1950	11	19	3	0	0	993.50	
1950	11	19	6	0	0	993.60	
1950	11	19	9	0	0	994.00	
1950	11	19	12	0	0	993.80	
1950	11	19	15	0	0	992.80	
1950	11	19	18	0	0	992.70	
1950	11	19	21	0	0	991.90	
1950	11	20	0	0	0	990.30	
1950	11	20	3	0	0	988.80	
1950	11	20	6	0	0	988.20	
1950	11	20	9	0	0	988.00	
1950	11	20	12	0	0	987.20	
1950	11	20	15	0	0	986.60	
1950	11	20	18	0	0	986.80	
1950	11	20	21	0	0	987.40	
1950	11	21	0	0	0	987.60	
1950	11	21	3	0	0	986.60	
1950	11	21	6	0	0	986.30	
1950	11	21	9	0	0	986.20	
1950	11	21	12	0	0	985.70	
1950	11	21	15	0	0	985.70	
1950	11	21	18	0	0	985.90	
1950	11	21	21	0	0	986.50	
1950	11	22	0	0	0	986.50	
1950	11	22	3	0	0	987.50	
1950	11	22	6	0	0	989.00	
1950	11	22	9	0	0	990.60	
1950	11	22	12	0	0	991.10	
1950	11	22	15	0	0	991.60	
1950	11	22	18	0	0	993.60	
1950	11	22	21	0	0	994.90	
1950	11	23	0	0	0	995.00	
1950	11	23	3	0	0	996.50	
1950	11	23	6	0	0	998.60	
1950	11	23	9	0	0	1000.60	
1950	11	23	12	0	0	1002.00	
1950	11	23	15	0	0	1002.90	
1950	11	23	18	0	0	1003.80	
1950	11	23	21	0	0	1004.50	
1950	11	24	0	0	0	1004.90	
1950	11	24	3	0	0	1004.70	
1950	11	24	6	0	0	1005.00	
1950	11	24	9	0	0	1005.60	
1950	11	24	12	0	0	1005.90	
1950	11	24	15	0	0	1006.10	
1950	11	24	18	0	0	1007.00	
1950	11	24	21	0	0	1007.90	
1950	11	25	0	0	0	1007.90	
1950	11	25	3	0	0	1008.60	
1950	11	25	6	0	0	1009.90	
1950	11	25	9	0	0	1012.10	
1950	11	25	12	0	0	1013.40	
1950	11	25	15	0	0	1014.80	
1950	11	25	18	0	0	1016.50	
1950	11	25	21	0	0	1017.40	
1950	11	26	0	0	0	1019.00	
1950	11	26	3	0	0	1026.10	
1950	11	26	6	0	0	1027.40	
1950	11	26	9	0	0	1022.30	
1950	11	26	12	0	0	1022.80	
1950	11	26	15	0	0	1022.70	
1950	11	26	18	0	0	1024.00	
1950	11	26	21	0	0	1024.80	
1950	11	27	0	0	0	1025.40	
1950	11	27	3	0	0	1026.30	
1950	11	27	6	0	0	1025.90	
1950	11	27	9	0	0	1024.70	
1950	11	27	12	0	0	1023.30	
1950	11	27	15	0	0	1019.40	
1950	11	27	18	0	0	1015.70	
1950	11	27	21	0	0	1012.10	
1950	11	28	0	0	0	1008.50	
1950	11	28	3	0	0	1005.60	
1950	11	28	6	0	0	1001.40	
1950	11	28	9	0	0	997.60	
1950	11	28	12	0	0	995.40	
1950	11	28	15	0	0	994.70	
1950	11	28	18	0	0	993.90	
1950	11	28	21	0	0	991.80	
1950	11	29	0	0	0	990.00	
1950	11	29	3	0	0	989.60	
1950	11	29	6	0	0	990.60	
1950	11	29	9	0	0	994.20	
1950	11	29	12	0	0	999.20	
1950	11	29	15	0	0	1003.00	
1950	11	29	18	0	0	1007.40	
1950	11	29	21	0	0	1010.00	
1950	11	30	0	0	0	1009.90	
1950	11	30	3	0	0	1008.40	
1950	11	30	6	0	0	1005.90	
1950	11	30	9	0	0	1005.30	
1950	11	30	12	0	0	1003.20	
1950	11	30	15	0	0	1001.80	
1950	11	30	18	0	0	999.70	
1950	11	30	21	0	0	997.10	
1950	12	1	0	0	0	994.50	
1950	12	1	3	0	0	991.20	
1950	12	1	6	0	0	991.10	
1950	12	1	9	0	0	989.90	
1950	12	1	12	0	0	988.90	
1950	12	1	15	0	0	986.90	
1950	12	1	18	0	0	985.50	
1950	12	1	21	0	0	983.80	
1950	12	2	0	0	0	986.60	
1950	12	2	3	0	0	991.80	
1950	12	2	6	0	0	997.10	
1950	12	2	9	0	0	1001.40	
1950	12	2	12	0	0	1002.90	
1950	12	2	15	0	0	1003.20	
1950	12	2	18	0	0	1003.40	
1950	12	2	21	0	0	999.40	
1950	12	3	0	0	0	1000.50	
1950	12	3	3	0	0	1001.00	
1950	12	3	6	0	0	1000.80	
1950	12	3	9	0	0	1000.60	
1950	12	3	12	0	0	997.60	
1950	12	3	15	0	0	998.90	
1950	12	3	18	0	0	1002.90	
1950	12	3	21	0	0	1003.90	
1950	12	4	0	0	0	1003.90	
1950	12	4	3	0	0	1004.10	
1950	12	4	6	0	0	1004.10	
1950	12	4	9	0	0	1004.40	
1950	12	4	12	0	0	1004.80	
1950	12	4	15	0	0	1004.10	
1950	12	4	18	0	0	1006.30	
1950	12	4	21	0	0	1009.10	
1950	12	5	0	0	0	1009.50	
1950	12	5	3	0	0	1010.00	
1950	12	5	6	0	0	1010.90	
1950	12	5	9	0	0	1012.50	
1950	12	5	12	0	0	1013.90	
1950	12	5	15	0	0	1014.60	
1950	12	5	18	0	0	1016.00	
1950	12	5	21	0	0	1016.20	
1950	12	6	0	0	0	1015.60	
1950	12	6	3	0	0	1014.10	
1950	12	6	6	0	0	1012.70	
1950	12	6	9	0	0	1011.70	
1950	12	6	12	0	0	1010.60	
1950	12	6	15	0	0	1008.60	
1950	12	6	18	0	0	1006.50	
1950	12	6	21	0	0	1003.20	
1950	12	7	0	0	0	999.20	
1950	12	7	3	0	0	995.80	
1950	12	7	6	0	0	993.40	
1950	12	7	9	0	0	995.90	
1950	12	7	12	0	0	998.80	
1950	12	7	15	0	0	1001.10	
1950	12	7	18	0	0	1004.10	
1950	12	7	21	0	0	1007.20	
1950	12	8	0	0	0	1009.50	
1950	12	8	3	0	0	1011.90	
1950	12	8	6	0	0	1013.30	
1950	12	8	9	0	0	1015.70	
1950	12	8	12	0	0	1016.20	
1950	12	8	15	0	0	1016.10	
1950	12	8	18	0	0	1016.50	
1950	12	8	21	0	0	1017.00	
1950	12	9	0	0	0	1017.40	
1950	12	9	3	0	0	1017.80	
1950	12	9	6	0	0	1018.40	
1950	12	9	9	0	0	1019.00	
1950	12	9	12	0	0	1019.60	
1950	12	9	15	0	0	1018.80	
1950	12	9	18	0	0	1018.10	
1950	12	9	21	0	0	1016.00	
1950	12	10	0	0	0	1013.10	
1950	12	10	3	0	0	1008.70	
1950	12	10	6	0	0	1004.40	
1950	12	10	9	0	0	1001.10	
1950	12	10	12	0	0	1001.10	
1950	12	10	15	0	0	998.40	
1950	12	10	18	0	0	997.10	
1950	12	10	21	0	0	996.80	
1950	12	11	0	0	0	995.80	
1950	12	11	3	0	0	994.80	
1950	12	11	6	0	0	993.30	
1950	12	11	9	0	0	993.30	
1950	12	11	12	0	0	993.90	
1950	12	11	15	0	0	994.20	
1950	12	11	18	0	0	995.50	
1950	12	11	21	0	0	997.80	
1950	12	12	0	0	0	1000.00	
1950	12	12	3	0	0	1001.20	
1950	12	12	6	0	0	1002.10	
1950	12	12	9	0	0	1003.10	
1950	12	12	12	0	0	1003.00	
1950	12	12	15	0	0	1003.00	
1950	12	12	18	0	0	1003.50	
1950	12	12	21	0	0	1003.30	
1950	12	13	0	0	0	1003.50	
1950	12	13	3	0	0	1003.80	
1950	12	13	6	0	0	1003.00	
1950	12	13	9	0	0	1001.80	
1950	12	13	12	0	0	999.90	
1950	12	13	15	0	0	996.60	
1950	12	13	18	0	0	994.50	
1950	12	13	21	0	0	994.00	
1950	12	14	0	0	0	994.20	
1950	12	14	3	0	0	995.40	
1950	12	14	6	0	0	996.70	
1950	12	14	9	0	0	997.70	
1950	12	14	12	0	0	997.80	
1950	12	14	15	0	0	997.20	
1950	12	14	18	0	0	997.50	
1950	12	14	21	0	0	997.70	
1950	12	15	0	0	0	996.30	
1950	12	15	3	0	0	994.30	
1950	12	15	6	0	0	995.60	
1950	12	15	9	0	0	997.00	
1950	12	15	12	0	0	998.10	
1950	12	15	15	0	0	998.40	
1950	12	15	18	0	0	999.50	
1950	12	15	21	0	0	1000.40	
1950	12	16	0	0	0	1001.60	
1950	12	16	3	0	0	1002.00	
1950	12	16	6	0	0	1003.80	
1950	12	16	9	0	0	1005.10	
1950	12	16	12	0	0	1005.90	
1950	12	16	15	0	0	1004.60	
1950	12	16	18	0	0	1002.90	
1950	12	16	21	0	0	1003.50	
1950	12	17	0	0	0	1003.50	
1950	12	17	3	0	0	1003.20	
1950	12	17	6	0	0	1004.20	
1950	12	17	9	0	0	1004.90	
1950	12	17	12	0	0	1005.80	
1950	12	17	15	0	0	1007.60	
1950	12	17	18	0	0	1008.70	
1950	12	17	21	0	0	1010.20	
1950	12	18	0	0	0	1010.70	
1950	12	18	3	0	0	1010.40	
1950	12	18	6	0	0	1008.60	
1950	12	18	9	0	0	1007.20	
1950	12	18	12	0	0	1005.50	
1950	12	18	15	0	0	1003.70	
1950	12	18	18	0	0	1003.80	
1950	12	18	21	0	0	1005.60	
1950	12	19	0	0	0	1006.90	
1950	12	19	3	0	0	1008.80	
1950	12	19	6	0	0	1011.10	
1950	12	19	9	0	0	1013.70	
1950	12	19	12	0	0	1015.60	
1950	12	19	15	0	0	1015.70	
1950	12	19	18	0	0	1017.00	
1950	12	19	21	0	0	1017.20	
1950	12	20	0	0	0	1017.00	
1950	12	20	3	0	0	1016.50	
1950	12	20	6	0	0	1016.80	
1950	12	20	9	0	0	1017.00	
1950	12	20	12	0	0	1017.60	
1950	12	20	15	0	0	1017.50	
1950	12	20	18	0	0	1017.70	
1950	12	20	21	0	0	1017.70	
1950	12	21	0	0	0	1017.10	
1950	12	21	3	0	0	1016.20	
1950	12	21	6	0	0	1014.80	
1950	12	21	9	0	0	1014.30	
1950	12	21	12	0	0	1012.40	
1950	12	21	15	0	0	1011.00	
1950	12	21	18	0	0	1009.80	
1950	12	21	21	0	0	1008.60	
1950	12	22	0	0	0	1007.40	
1950	12	22	3	0	0	1006.50	
1950	12	22	6	0	0	1006.00	
1950	12	22	9	0	0	1006.40	
1950	12	22	12	0	0	1006.50	
1950	12	22	15	0	0	1006.70	
1950	12	22	18	0	0	1007.30	
1950	12	22	21	0	0	1007.90	
1950	12	23	0	0	0	1009.30	
1950	12	23	3	0	0	1009.90	
1950	12	23	6	0	0	1010.90	
1950	12	23	9	0	0	1012.40	
1950	12	23	12	0	0	1013.20	
1950	12	23	15	0	0	1013.40	
1950	12	23	18	0	0	1014.10	
1950	12	23	21	0	0	1015.50	
1950	12	24	0	0	0	1016.00	
1950	12	24	3	0	0	1015.70	
1950	12	24	6	0	0	1016.00	
1950	12	24	9	0	0	1017.10	
1950	12	24	12	0	0	1017.00	
1950	12	24	15	0	0	1017.10	
1950	12	24	18	0	0	1017.90	
1950	12	24	21	0	0	1018.70	
1950	12	25	0	0	0	1019.60	
1950	12	25	3	0	0	1020.20	
1950	12	25	6	0	0	1020.60	
1950	12	25	9	0	0	1021.90	
1950	12	25	12	0	0	1022.70	
1950	12	25	15	0	0	1022.20	
1950	12	25	18	0	0	1023.50	
1950	12	25	21	0	0	1024.10	
1950	12	26	0	0	0	1023.60	
1950	12	26	3	0	0	1023.10	
1950	12	26	6	0	0	1022.80	
1950	12	26	9	0	0	1023.20	
1950	12	26	12	0	0	1023.30	
1950	12	26	15	0	0	1023.00	
1950	12	26	18	0	0	1023.30	
1950	12	26	21	0	0	1023.80	
1950	12	27	0	0	0	1024.00	
1950	12	27	3	0	0	1024.90	
1950	12	27	6	0	0	1025.00	
1950	12	27	9	0	0	1025.50	
1950	12	27	12	0	0	1025.60	
1950	12	27	15	0	0	1025.00	
1950	12	27	18	0	0	1025.10	
1950	12	27	21	0	0	1025.80	
1950	12	28	0	0	0	1025.70	
1950	12	28	3	0	0	1025.40	
1950	12	28	6	0	0	1025.10	
1950	12	28	9	0	0	1025.70	
1950	12	28	12	0	0	1025.40	
1950	12	28	15	0	0	1024.70	
1950	12	28	18	0	0	1024.30	
1950	12	28	21	0	0	1024.20	
1950	12	29	0	0	0	1023.10	
1950	12	29	3	0	0	1022.10	
1950	12	29	6	0	0	1020.40	
1950	12	29	9	0	0	1019.80	
1950	12	29	12	0	0	1018.40	
1950	12	29	15	0	0	1016.70	
1950	12	29	18	0	0	1015.60	
1950	12	29	21	0	0	1013.60	
1950	12	30	0	0	0	1012.20	
1950	12	30	3	0	0	1009.80	
1950	12	30	6	0	0	1007.80	
1950	12	30	9	0	0	1007.40	
1950	12	30	12	0	0	1006.20	
1950	12	30	15	0	0	1004.60	
1950	12	30	18	0	0	1003.40	
1950	12	30	21	0	0	1001.40	
1950	12	31	0	0	0	999.20	
1950	12	31	3	0	0	997.10	
1950	12	31	6	0	0	995.30	
1950	12	31	9	0	0	995.00	
1950	12	31	12	0	0	993.90	
1950	12	31	15	0	0	992.80	
1950	12	31	18	0	0	991.70	
1950	12	31	21	0	0	989.90	
1951	1	1	0	0	0	987.40	
1951	1	1	3	0	0	984.00	
1951	1	1	6	0	0	980.50	
1951	1	1	9	0	0	980.10	
1951	1	1	12	0	0	980.60	
1951	1	1	15	0	0	981.50	
1951	1	1	18	0	0	982.40	
1951	1	1	21	0	0	983.70	
1951	1	2	0	0	0	984.70	
1951	1	2	3	0	0	985.30	
1951	1	2	6	0	0	985.80	
1951	1	2	9	0	0	987.70	
1951	1	2	12	0	0	988.10	
1951	1	2	15	0	0	989.60	
1951	1	2	18	0	0	992.60	
1951	1	2	21	0	0	995.20	
1951	1	3	0	0	0	997.50	
1951	1	3	3	0	0	999.90	
1951	1	3	6	0	0	1001.90	
1951	1	3	9	0	0	1004.50	
1951	1	3	12	0	0	1005.20	
1951	1	3	15	0	0	1006.50	
1951	1	3	18	0	0	1006.60	
1951	1	3	21	0	0	1003.20	
1951	1	4	0	0	0	1004.90	
1951	1	4	3	0	0	1002.90	
1951	1	4	6	0	0	1000.00	
1951	1	4	9	0	0	1000.30	
1951	1	4	12	0	0	999.80	
1951	1	4	15	0	0	999.60	
1951	1	4	18	0	0	999.70	
1951	1	4	21	0	0	1000.80	
1951	1	5	0	0	0	1000.70	
1951	1	5	3	0	0	1000.00	
1951	1	5	6	0	0	998.90	
1951	1	5	9	0	0	998.80	
1951	1	5	12	0	0	998.80	
1951	1	5	15	0	0	999.80	
1951	1	5	18	0	0	1001.50	
1951	1	5	21	0	0	1003.00	
1951	1	6	0	0	0	1004.20	
1951	1	6	3	0	0	1004.10	
1951	1	6	6	0	0	1002.40	
1951	1	6	9	0	0	1001.80	
1951	1	6	12	0	0	996.90	
1951	1	6	15	0	0	993.10	
1951	1	6	18	0	0	991.10	
1951	1	6	21	0	0	990.10	
1951	1	7	0	0	0	990.60	
1951	1	7	3	0	0	993.00	
1951	1	7	6	0	0	995.50	
1951	1	7	9	0	0	999.70	
1951	1	7	12	0	0	1002.20	
1951	1	7	15	0	0	1004.10	
1951	1	7	18	0	0	1005.50	
1951	1	7	21	0	0	1005.00	
1951	1	8	0	0	0	1003.50	
1951	1	8	3	0	0	1003.90	
1951	1	8	6	0	0	1003.40	
1951	1	8	9	0	0	1003.20	
1951	1	8	12	0	0	1001.80	
1951	1	8	15	0	0	1006.50	
1951	1	8	18	0	0	1006.60	
1951	1	8	21	0	0	1001.20	
1951	1	9	0	0	0	1001.20	
1951	1	9	3	0	0	1001.90	
1951	1	9	6	0	0	1002.20	
1951	1	9	9	0	0	1004.50	
1951	1	9	12	0	0	1006.60	
1951	1	9	15	0	0	1007.70	
1951	1	9	18	0	0	1008.80	
1951	1	9	21	0	0	1009.30	
1951	1	10	0	0	0	1008.40	
1951	1	10	3	0	0	1006.40	
1951	1	10	6	0	0	1002.90	
1951	1	10	9	0	0	1000.70	
1951	1	10	12	0	0	998.90	
1951	1	10	15	0	0	997.30	
1951	1	10	18	0	0	997.20	
1951	1	10	21	0	0	994.40	
1951	1	11	0	0	0	991.30	
1951	1	11	3	0	0	984.60	
1951	1	11	6	0	0	982.50	
1951	1	11	9	0	0	981.70	
1951	1	11	12	0	0	980.10	
1951	1	11	15	0	0	978.70	
1951	1	11	18	0	0	978.90	
1951	1	11	21	0	0	979.00	
1951	1	12	0	0	0	979.30	
1951	1	12	3	0	0	979.30	
1951	1	12	6	0	0	979.00	
1951	1	12	9	0	0	979.10	
1951	1	12	12	0	0	978.80	
1951	1	12	15	0	0	978.60	
1951	1	12	18	0	0	978.80	
1951	1	12	21	0	0	980.00	
1951	1	13	0	0	0	981.10	
1951	1	13	3	0	0	981.60	
1951	1	13	6	0	0	984.40	
1951	1	13	9	0	0	988.10	
1951	1	13	12	0	0	990.20	
1951	1	13	15	0	0	992.10	
1951	1	13	18	0	0	993.80	
1951	1	13	21	0	0	995.40	
1951	1	14	0	0	0	994.90	
1951	1	14	3	0	0	993.10	
1951	1	14	6	0	0	993.60	
1951	1	14	9	0	0	996.20	
1951	1	14	12	0	0	996.90	
1951	1	14	15	0	0	997.70	
1951	1	14	18	0	0	998.10	
1951	1	14	21	0	0	997.80	
1951	1	15	0	0	0	997.80	
1951	1	15	3	0	0	999.00	
1951	1	15	6	0	0	1000.70	
1951	1	15	9	0	0	1003.50	
1951	1	15	12	0	0	1008.20	
1951	1	15	15	0	0	1011.60	
1951	1	15	18	0	0	1016.40	
1951	1	15	21	0	0	1020.40	
1951	1	16	0	0	0	1023.40	
1951	1	16	3	0	0	1025.10	
1951	1	16	6	0	0	1026.20	
1951	1	16	9	0	0	1027.70	
1951	1	16	12	0	0	1026.40	
1951	1	16	15	0	0	1024.60	
1951	1	16	18	0	0	1022.10	
1951	1	16	21	0	0	1018.00	
1951	1	17	0	0	0	1013.30	
1951	1	17	3	0	0	1007.80	
1951	1	17	6	0	0	1003.40	
1951	1	17	9	0	0	1003.80	
1951	1	17	12	0	0	1003.40	
1951	1	17	15	0	0	1003.50	
1951	1	17	18	0	0	1003.60	
1951	1	17	21	0	0	1000.20	
1951	1	18	0	0	0	998.50	
1951	1	18	3	0	0	995.20	
1951	1	18	6	0	0	997.70	
1951	1	18	9	0	0	999.90	
1951	1	18	12	0	0	1001.30	
1951	1	18	15	0	0	1002.80	
1951	1	18	18	0	0	1006.70	
1951	1	18	21	0	0	1009.40	
1951	1	19	0	0	0	1011.80	
1951	1	19	3	0	0	1012.60	
1951	1	19	6	0	0	1012.80	
1951	1	19	9	0	0	1013.30	
1951	1	19	12	0	0	1012.40	
1951	1	19	15	0	0	1010.60	
1951	1	19	18	0	0	1010.50	
1951	1	19	21	0	0	1012.10	
1951	1	20	0	0	0	1011.80	
1951	1	20	3	0	0	1012.20	
1951	1	20	6	0	0	1012.10	
1951	1	20	9	0	0	1012.90	
1951	1	20	12	0	0	1013.50	
1951	1	20	15	0	0	1013.80	
1951	1	20	18	0	0	1015.00	
1951	1	20	21	0	0	1016.40	
1951	1	21	0	0	0	1017.30	
1951	1	21	3	0	0	1017.00	
1951	1	21	6	0	0	1016.60	
1951	1	21	9	0	0	1018.00	
1951	1	21	12	0	0	1018.50	
1951	1	21	15	0	0	1017.20	
1951	1	21	18	0	0	1016.50	
1951	1	21	21	0	0	1014.90	
1951	1	22	0	0	0	1013.30	
1951	1	22	3	0	0	1012.70	
1951	1	22	6	0	0	1012.00	
1951	1	22	9	0	0	1012.50	
1951	1	22	12	0	0	1013.00	
1951	1	22	15	0	0	1011.70	
1951	1	22	18	0	0	1012.20	
1951	1	22	21	0	0	1012.30	
1951	1	23	0	0	0	1012.90	
1951	1	23	3	0	0	1013.20	
1951	1	23	6	0	0	1013.70	
1951	1	23	9	0	0	1015.60	
1951	1	23	12	0	0	1016.90	
1951	1	23	15	0	0	1018.30	
1951	1	23	18	0	0	1020.60	
1951	1	23	21	0	0	1022.00	
1951	1	24	0	0	0	1023.20	
1951	1	24	3	0	0	1023.80	
1951	1	24	6	0	0	1023.80	
1951	1	24	9	0	0	1023.70	
1951	1	24	12	0	0	1022.90	
1951	1	24	15	0	0	1021.10	
1951	1	24	18	0	0	1020.40	
1951	1	24	21	0	0	1019.90	
1951	1	25	0	0	0	1018.40	
1951	1	25	3	0	0	1016.70	
1951	1	25	6	0	0	1014.50	
1951	1	25	9	0	0	1013.50	
1951	1	25	12	0	0	1011.60	
1951	1	25	15	0	0	1009.40	
1951	1	25	18	0	0	1008.00	
1951	1	25	21	0	0	1006.40	
1951	1	26	0	0	0	1004.40	
1951	1	26	3	0	0	1002.40	
1951	1	26	6	0	0	1001.30	
1951	1	26	9	0	0	1001.80	
1951	1	26	12	0	0	1002.20	
1951	1	26	15	0	0	1002.40	
1951	1	26	18	0	0	1003.20	
1951	1	26	21	0	0	1003.70	
1951	1	27	0	0	0	1003.20	
1951	1	27	3	0	0	1002.40	
1951	1	27	6	0	0	1001.50	
1951	1	27	9	0	0	1001.40	
1951	1	27	12	0	0	1000.80	
1951	1	27	15	0	0	1000.60	
1951	1	27	18	0	0	1001.70	
1951	1	27	21	0	0	1003.60	
1951	1	28	0	0	0	1004.50	
1951	1	28	3	0	0	1005.60	
1951	1	28	6	0	0	1007.00	
1951	1	28	9	0	0	1008.60	
1951	1	28	12	0	0	1010.30	
1951	1	28	15	0	0	1011.00	
1951	1	28	18	0	0	1013.70	
1951	1	28	21	0	0	1015.80	
1951	1	29	0	0	0	1017.20	
1951	1	29	3	0	0	1018.90	
1951	1	29	6	0	0	1019.90	
1951	1	29	9	0	0	1021.50	
1951	1	29	12	0	0	1021.50	
1951	1	29	15	0	0	1021.30	
1951	1	29	18	0	0	1021.80	
1951	1	29	21	0	0	1021.90	
1951	1	30	0	0	0	1020.90	
1951	1	30	3	0	0	1019.60	
1951	1	30	6	0	0	1017.80	
1951	1	30	9	0	0	1017.60	
1951	1	30	12	0	0	1015.80	
1951	1	30	15	0	0	1013.90	
1951	1	30	18	0	0	1012.90	
1951	1	30	21	0	0	1012.80	
1951	1	31	0	0	0	1012.30	
1951	1	31	3	0	0	1012.30	
1951	1	31	6	0	0	1012.00	
1951	1	31	9	0	0	1012.90	
1951	1	31	12	0	0	1013.10	
1951	1	31	15	0	0	1011.50	
1951	1	31	18	0	0	1012.40	
1951	1	31	21	0	0	1013.70	
1951	2	1	0	0	0	1015.00	
1951	2	1	3	0	0	1016.30	
1951	2	1	6	0	0	1016.00	
1951	2	1	9	0	0	1017.30	
1951	2	1	12	0	0	1017.10	
1951	2	1	15	0	0	1015.60	
1951	2	1	18	0	0	1015.10	
1951	2	1	21	0	0	1014.80	
1951	2	2	0	0	0	1014.70	
1951	2	2	3	0	0	1014.30	
1951	2	2	6	0	0	1013.50	
1951	2	2	9	0	0	1013.50	
1951	2	2	12	0	0	1012.60	
1951	2	2	15	0	0	1010.60	
1951	2	2	18	0	0	1009.00	
1951	2	2	21	0	0	1006.60	
1951	2	3	0	0	0	1005.20	
1951	2	3	3	0	0	1002.60	
1951	2	3	6	0	0	1000.60	
1951	2	3	9	0	0	1000.60	
1951	2	3	12	0	0	999.80	
1951	2	3	15	0	0	997.60	
1951	2	3	18	0	0	995.30	
1951	2	3	21	0	0	992.70	
1951	2	4	0	0	0	988.60	
1951	2	4	3	0	0	983.00	
1951	2	4	6	0	0	976.40	
1951	2	4	9	0	0	970.10	
1951	2	4	12	0	0	963.70	
1951	2	4	15	0	0	958.50	
1951	2	4	18	0	0	956.70	
1951	2	4	21	0	0	956.20	
1951	2	5	0	0	0	955.60	
1951	2	5	3	0	0	955.70	
1951	2	5	6	0	0	956.20	
1951	2	5	9	0	0	960.70	
1951	2	5	12	0	0	963.70	
1951	2	5	15	0	0	967.10	
1951	2	5	18	0	0	970.70	
1951	2	5	21	0	0	974.70	
1951	2	6	0	0	0	977.30	
1951	2	6	3	0	0	978.40	
1951	2	6	6	0	0	979.60	
1951	2	6	9	0	0	981.30	
1951	2	6	12	0	0	982.40	
1951	2	6	15	0	0	983.60	
1951	2	6	18	0	0	985.30	
1951	2	6	21	0	0	986.80	
1951	2	7	0	0	0	988.60	
1951	2	7	3	0	0	990.30	
1951	2	7	6	0	0	991.30	
1951	2	7	9	0	0	993.20	
1951	2	7	12	0	0	994.00	
1951	2	7	15	0	0	993.70	
1951	2	7	18	0	0	993.90	
1951	2	7	21	0	0	993.80	
1951	2	8	0	0	0	993.10	
1951	2	8	3	0	0	989.90	
1951	2	8	6	0	0	985.00	
1951	2	8	9	0	0	982.50	
1951	2	8	12	0	0	981.20	
1951	2	8	15	0	0	979.60	
1951	2	8	18	0	0	979.60	
1951	2	8	21	0	0	980.80	
1951	2	9	0	0	0	984.20	
1951	2	9	3	0	0	985.50	
1951	2	9	6	0	0	988.70	
1951	2	9	9	0	0	992.50	
1951	2	9	12	0	0	995.40	
1951	2	9	15	0	0	996.80	
1951	2	9	18	0	0	999.60	
1951	2	9	21	0	0	1001.80	
1951	2	10	0	0	0	1003.70	
1951	2	10	3	0	0	1004.80	
1951	2	10	6	0	0	1006.70	
1951	2	10	9	0	0	1009.00	
1951	2	10	12	0	0	1010.60	
1951	2	10	15	0	0	1010.50	
1951	2	10	18	0	0	1012.00	
1951	2	10	21	0	0	1013.30	
1951	2	11	0	0	0	1013.40	
1951	2	11	3	0	0	1012.00	
1951	2	11	6	0	0	1012.70	
1951	2	11	9	0	0	1012.40	
1951	2	11	12	0	0	1010.90	
1951	2	11	15	0	0	1008.90	
1951	2	11	18	0	0	1006.90	
1951	2	11	21	0	0	1005.00	
1951	2	12	0	0	0	1002.90	
1951	2	12	3	0	0	1003.00	
1951	2	12	6	0	0	1004.40	
1951	2	12	9	0	0	1006.70	
1951	2	12	12	0	0	1007.40	
1951	2	12	15	0	0	1007.00	
1951	2	12	18	0	0	1008.80	
1951	2	12	21	0	0	1009.60	
1951	2	13	0	0	0	1010.20	
1951	2	13	3	0	0	1010.30	
1951	2	13	6	0	0	1010.40	
1951	2	13	9	0	0	1011.30	
1951	2	13	12	0	0	1011.50	
1951	2	13	15	0	0	1010.40	
1951	2	13	18	0	0	1011.00	
1951	2	13	21	0	0	1011.30	
1951	2	14	0	0	0	1011.00	
1951	2	14	3	0	0	1010.20	
1951	2	14	6	0	0	1009.80	
1951	2	14	9	0	0	1010.30	
1951	2	14	12	0	0	1010.50	
1951	2	14	15	0	0	1009.90	
1951	2	14	18	0	0	1010.40	
1951	2	14	21	0	0	1010.40	
1951	2	15	0	0	0	1010.30	
1951	2	15	3	0	0	1009.60	
1951	2	15	6	0	0	1008.80	
1951	2	15	9	0	0	1008.80	
1951	2	15	12	0	0	1008.80	
1951	2	15	15	0	0	1008.20	
1951	2	15	18	0	0	1008.30	
1951	2	15	21	0	0	1008.10	
1951	2	16	0	0	0	1008.80	
1951	2	16	3	0	0	1007.60	
1951	2	16	6	0	0	1005.60	
1951	2	16	9	0	0	1003.30	
1951	2	16	12	0	0	1000.60	
1951	2	16	15	0	0	997.90	
1951	2	16	18	0	0	998.60	
1951	2	16	21	0	0	998.10	
1951	2	17	0	0	0	997.00	
1951	2	17	3	0	0	994.00	
1951	2	17	6	0	0	990.90	
1951	2	17	9	0	0	992.10	
1951	2	17	12	0	0	991.70	
1951	2	17	15	0	0	989.80	
1951	2	17	18	0	0	989.70	
1951	2	17	21	0	0	990.90	
1951	2	18	0	0	0	992.30	
1951	2	18	3	0	0	992.20	
1951	2	18	6	0	0	992.20	
1951	2	18	9	0	0	992.60	
1951	2	18	12	0	0	992.60	
1951	2	18	15	0	0	990.70	
1951	2	18	18	0	0	989.00	
1951	2	18	21	0	0	987.70	
1951	2	19	0	0	0	987.60	
1951	2	19	3	0	0	987.10	
1951	2	19	6	0	0	987.00	
1951	2	19	9	0	0	987.20	
1951	2	19	12	0	0	986.90	
1951	2	19	15	0	0	988.60	
1951	2	19	18	0	0	990.40	
1951	2	19	21	0	0	991.90	
1951	2	20	0	0	0	993.40	
1951	2	20	3	0	0	992.80	
1951	2	20	6	0	0	989.10	
1951	2	20	9	0	0	983.30	
1951	2	20	12	0	0	980.30	
1951	2	20	15	0	0	978.20	
1951	2	20	18	0	0	976.90	
1951	2	20	21	0	0	977.10	
1951	2	21	0	0	0	977.10	
1951	2	21	3	0	0	976.20	
1951	2	21	6	0	0	977.10	
1951	2	21	9	0	0	980.40	
1951	2	21	12	0	0	981.60	
1951	2	21	15	0	0	984.00	
1951	2	21	18	0	0	986.10	
1951	2	21	21	0	0	987.70	
1951	2	22	0	0	0	989.10	
1951	2	22	3	0	0	989.70	
1951	2	22	6	0	0	990.80	
1951	2	22	9	0	0	991.60	
1951	2	22	12	0	0	993.00	
1951	2	22	15	0	0	994.10	
1951	2	22	18	0	0	995.80	
1951	2	22	21	0	0	998.20	
1951	2	23	0	0	0	1000.00	
1951	2	23	3	0	0	1001.50	
1951	2	23	6	0	0	1002.90	
1951	2	23	9	0	0	1005.30	
1951	2	23	12	0	0	1005.60	
1951	2	23	15	0	0	1005.00	
1951	2	23	18	0	0	1004.70	
1951	2	23	21	0	0	1004.60	
1951	2	24	0	0	0	1004.60	
1951	2	24	3	0	0	1003.50	
1951	2	24	6	0	0	1003.40	
1951	2	24	9	0	0	1004.30	
1951	2	24	12	0	0	1005.10	
1951	2	24	15	0	0	1005.20	
1951	2	24	18	0	0	1007.10	
1951	2	24	21	0	0	1008.60	
1951	2	25	0	0	0	1010.40	
1951	2	25	3	0	0	1011.40	
1951	2	25	6	0	0	1012.10	
1951	2	25	9	0	0	1015.30	
1951	2	25	12	0	0	1015.90	
1951	2	25	15	0	0	1016.50	
1951	2	25	18	0	0	1017.20	
1951	2	25	21	0	0	1017.20	
1951	2	26	0	0	0	1016.50	
1951	2	26	3	0	0	1014.70	
1951	2	26	6	0	0	1012.20	
1951	2	26	9	0	0	1011.20	
1951	2	26	12	0	0	1009.80	
1951	2	26	15	0	0	1008.80	
1951	2	26	18	0	0	1009.20	
1951	2	26	21	0	0	1010.60	
1951	2	27	0	0	0	1012.50	
1951	2	27	3	0	0	1014.60	
1951	2	27	6	0	0	1016.50	
1951	2	27	9	0	0	1018.70	
1951	2	27	12	0	0	1020.30	
1951	2	27	15	0	0	1020.60	
1951	2	27	18	0	0	1022.30	
1951	2	27	21	0	0	1023.50	
1951	2	28	0	0	0	1024.00	
1951	2	28	3	0	0	1024.40	
1951	2	28	6	0	0	1024.50	
1951	2	28	9	0	0	1025.50	
1951	2	28	12	0	0	1025.60	
1951	2	28	15	0	0	1025.00	
1951	2	28	18	0	0	1025.40	
1951	2	28	21	0	0	1025.80	
1951	3	1	0	0	0	1025.80	
1951	3	1	3	0	0	1025.80	
1951	3	1	6	0	0	1025.20	
1951	3	1	9	0	0	1025.90	
1951	3	1	12	0	0	1025.40	
1951	3	1	15	0	0	1024.20	
1951	3	1	18	0	0	1024.00	
1951	3	1	21	0	0	1024.30	
1951	3	2	0	0	0	1023.50	
1951	3	2	3	0	0	1022.20	
1951	3	2	6	0	0	1022.10	
1951	3	2	9	0	0	1022.80	
1951	3	2	12	0	0	1023.50	
1951	3	2	15	0	0	1023.50	
1951	3	2	18	0	0	1024.60	
1951	3	2	21	0	0	1026.20	
1951	3	3	0	0	0	1028.00	
1951	3	3	3	0	0	1028.80	
1951	3	3	6	0	0	1030.00	
1951	3	3	9	0	0	1032.00	
1951	3	3	12	0	0	1032.10	
1951	3	3	15	0	0	1031.60	
1951	3	3	18	0	0	1031.90	
1951	3	3	21	0	0	1032.30	
1951	3	4	0	0	0	1032.30	
1951	3	4	3	0	0	1031.00	
1951	3	4	6	0	0	1029.90	
1951	3	4	9	0	0	1029.20	
1951	3	4	12	0	0	1027.60	
1951	3	4	15	0	0	1024.60	
1951	3	4	18	0	0	1023.40	
1951	3	4	21	0	0	1022.60	
1951	3	5	0	0	0	1020.90	
1951	3	5	3	0	0	1018.60	
1951	3	5	6	0	0	1017.10	
1951	3	5	9	0	0	1016.20	
1951	3	5	12	0	0	1015.30	
1951	3	5	15	0	0	1013.40	
1951	3	5	18	0	0	1013.10	
1951	3	5	21	0	0	1012.80	
1951	3	6	0	0	0	1012.20	
1951	3	6	3	0	0	1010.70	
1951	3	6	6	0	0	1009.90	
1951	3	6	9	0	0	1008.60	
1951	3	6	12	0	0	1006.30	
1951	3	6	15	0	0	1003.50	
1951	3	6	18	0	0	1001.20	
1951	3	6	21	0	0	1000.10	
1951	3	7	0	0	0	999.40	
1951	3	7	3	0	0	998.30	
1951	3	7	6	0	0	998.20	
1951	3	7	9	0	0	996.90	
1951	3	7	12	0	0	996.20	
1951	3	7	15	0	0	995.80	
1951	3	7	18	0	0	998.70	
1951	3	7	21	0	0	1001.50	
1951	3	8	0	0	0	1002.50	
1951	3	8	3	0	0	1003.40	
1951	3	8	6	0	0	1004.70	
1951	3	8	9	0	0	1006.70	
1951	3	8	12	0	0	1008.00	
1951	3	8	15	0	0	1008.40	
1951	3	8	18	0	0	1009.60	
1951	3	8	21	0	0	1010.80	
1951	3	9	0	0	0	1010.90	
1951	3	9	3	0	0	1009.60	
1951	3	9	6	0	0	1009.80	
1951	3	9	9	0	0	1009.90	
1951	3	9	12	0	0	1009.30	
1951	3	9	15	0	0	1007.80	
1951	3	9	18	0	0	1006.90	
1951	3	9	21	0	0	1005.90	
1951	3	10	0	0	0	1004.60	
1951	3	10	3	0	0	1003.00	
1951	3	10	6	0	0	1001.90	
1951	3	10	9	0	0	1001.40	
1951	3	10	12	0	0	1000.20	
1951	3	10	15	0	0	999.00	
1951	3	10	18	0	0	998.10	
1951	3	10	21	0	0	998.00	
1951	3	11	0	0	0	997.50	
1951	3	11	3	0	0	996.30	
1951	3	11	6	0	0	995.10	
1951	3	11	9	0	0	994.60	
1951	3	11	12	0	0	993.40	
1951	3	11	15	0	0	992.50	
1951	3	11	18	0	0	992.20	
1951	3	11	21	0	0	992.50	
1951	3	12	0	0	0	992.10	
1951	3	12	3	0	0	991.70	
1951	3	12	6	0	0	991.10	
1951	3	12	9	0	0	991.40	
1951	3	12	12	0	0	991.40	
1951	3	12	15	0	0	991.20	
1951	3	12	18	0	0	992.20	
1951	3	12	21	0	0	993.40	
1951	3	13	0	0	0	992.50	
1951	3	13	3	0	0	991.20	
1951	3	13	6	0	0	989.20	
1951	3	13	9	0	0	988.30	
1951	3	13	12	0	0	987.20	
1951	3	13	15	0	0	983.70	
1951	3	13	18	0	0	979.80	
1951	3	13	21	0	0	975.00	
1951	3	14	0	0	0	970.50	
1951	3	14	3	0	0	969.20	
1951	3	14	6	0	0	970.00	
1951	3	14	9	0	0	973.30	
1951	3	14	12	0	0	977.90	
1951	3	14	15	0	0	982.40	
1951	3	14	18	0	0	986.60	
1951	3	14	21	0	0	991.00	
1951	3	15	0	0	0	994.60	
1951	3	15	3	0	0	997.90	
1951	3	15	6	0	0	1000.70	
1951	3	15	9	0	0	1003.00	
1951	3	15	12	0	0	1006.20	
1951	3	15	15	0	0	1006.90	
1951	3	15	18	0	0	1008.10	
1951	3	15	21	0	0	1009.00	
1951	3	16	0	0	0	1010.80	
1951	3	16	3	0	0	1010.30	
1951	3	16	6	0	0	1010.30	
1951	3	16	9	0	0	1009.50	
1951	3	16	12	0	0	1007.90	
1951	3	16	15	0	0	1004.90	
1951	3	16	18	0	0	1002.60	
1951	3	16	21	0	0	1000.00	
1951	3	17	0	0	0	998.40	
1951	3	17	3	0	0	997.70	
1951	3	17	6	0	0	997.80	
1951	3	17	9	0	0	998.50	
1951	3	17	12	0	0	997.80	
1951	3	17	15	0	0	996.10	
1951	3	17	18	0	0	994.30	
1951	3	17	21	0	0	991.60	
1951	3	18	0	0	0	989.60	
1951	3	18	3	0	0	988.80	
1951	3	18	6	0	0	990.20	
1951	3	18	9	0	0	991.80	
1951	3	18	12	0	0	992.50	
1951	3	18	15	0	0	993.00	
1951	3	18	18	0	0	994.00	
1951	3	18	21	0	0	996.10	
1951	3	19	0	0	0	997.80	
1951	3	19	3	0	0	998.30	
1951	3	19	6	0	0	998.80	
1951	3	19	9	0	0	1000.30	
1951	3	19	12	0	0	1002.50	
1951	3	19	15	0	0	1003.80	
1951	3	19	18	0	0	1007.30	
1951	3	19	21	0	0	1011.10	
1951	3	20	0	0	0	1013.80	
1951	3	20	3	0	0	1016.20	
1951	3	20	6	0	0	1017.60	
1951	3	20	9	0	0	1019.80	
1951	3	20	12	0	0	1021.50	
1951	3	20	15	0	0	1021.80	
1951	3	20	18	0	0	1023.20	
1951	3	20	21	0	0	1024.90	
1951	3	21	0	0	0	1025.80	
1951	3	21	3	0	0	1026.30	
1951	3	21	6	0	0	1026.50	
1951	3	21	9	0	0	1025.50	
1951	3	21	12	0	0	1022.80	
1951	3	21	15	0	0	1019.50	
1951	3	21	18	0	0	1016.60	
1951	3	21	21	0	0	1014.10	
1951	3	22	0	0	0	1010.70	
1951	3	22	3	0	0	1008.00	
1951	3	22	6	0	0	1006.80	
1951	3	22	9	0	0	1005.60	
1951	3	22	12	0	0	1004.50	
1951	3	22	15	0	0	1001.90	
1951	3	22	18	0	0	999.90	
1951	3	22	21	0	0	997.20	
1951	3	23	0	0	0	995.20	
1951	3	23	3	0	0	995.50	
1951	3	23	6	0	0	997.60	
1951	3	23	9	0	0	998.10	
1951	3	23	12	0	0	997.00	
1951	3	23	15	0	0	995.90	
1951	3	23	18	0	0	996.70	
1951	3	23	21	0	0	1000.10	
1951	3	24	0	0	0	1003.70	
1951	3	24	3	0	0	1006.40	
1951	3	24	6	0	0	1008.10	
1951	3	24	9	0	0	1010.80	
1951	3	24	12	0	0	1012.60	
1951	3	24	15	0	0	1013.80	
1951	3	24	18	0	0	1015.30	
1951	3	24	21	0	0	1016.40	
1951	3	25	0	0	0	1017.20	
1951	3	25	3	0	0	1017.00	
1951	3	25	6	0	0	1016.10	
1951	3	25	9	0	0	1015.90	
1951	3	25	12	0	0	1014.60	
1951	3	25	15	0	0	1011.00	
1951	3	25	18	0	0	1007.10	
1951	3	25	21	0	0	1006.40	
1951	3	26	0	0	0	1008.10	
1951	3	26	3	0	0	1007.90	
1951	3	26	6	0	0	1007.10	
1951	3	26	9	0	0	1005.40	
1951	3	26	12	0	0	1003.20	
1951	3	26	15	0	0	999.50	
1951	3	26	18	0	0	996.40	
1951	3	26	21	0	0	995.60	
1951	3	27	0	0	0	997.60	
1951	3	27	3	0	0	999.60	
1951	3	27	6	0	0	1002.70	
1951	3	27	9	0	0	1005.20	
1951	3	27	12	0	0	1007.00	
1951	3	27	15	0	0	1008.60	
1951	3	27	18	0	0	1009.60	
1951	3	27	21	0	0	1011.00	
1951	3	28	0	0	0	1011.60	
1951	3	28	3	0	0	1012.10	
1951	3	28	6	0	0	1012.30	
1951	3	28	9	0	0	1012.20	
1951	3	28	12	0	0	1012.50	
1951	3	28	15	0	0	1011.00	
1951	3	28	18	0	0	1009.60	
1951	3	28	21	0	0	1008.30	
1951	3	29	0	0	0	1006.10	
1951	3	29	3	0	0	1003.20	
1951	3	29	6	0	0	1002.70	
1951	3	29	9	0	0	1002.90	
1951	3	29	12	0	0	1003.00	
1951	3	29	15	0	0	1003.80	
1951	3	29	18	0	0	1004.90	
1951	3	29	21	0	0	1006.70	
1951	3	30	0	0	0	1007.40	
1951	3	30	3	0	0	1007.60	
1951	3	30	6	0	0	1008.40	
1951	3	30	9	0	0	1009.40	
1951	3	30	12	0	0	1009.30	
1951	3	30	15	0	0	1008.70	
1951	3	30	18	0	0	1009.20	
1951	3	30	21	0	0	1009.70	
1951	3	31	0	0	0	1008.80	
1951	3	31	3	0	0	1006.70	
1951	3	31	6	0	0	1004.70	
1951	3	31	9	0	0	1001.40	
1951	3	31	12	0	0	998.40	
1951	3	31	15	0	0	996.60	
1951	3	31	18	0	0	996.10	
1951	3	31	21	0	0	996.60	
1951	4	1	0	0	0	997.20	
1951	4	1	3	0	0	995.40	
1951	4	1	6	0	0	996.00	
1951	4	1	9	0	0	995.20	
1951	4	1	12	0	0	993.70	
1951	4	1	15	0	0	992.50	
1951	4	1	18	0	0	992.90	
1951	4	1	21	0	0	994.80	
1951	4	2	0	0	0	996.60	
1951	4	2	3	0	0	998.50	
1951	4	2	6	0	0	1001.30	
1951	4	2	9	0	0	1004.20	
1951	4	2	12	0	0	1006.30	
1951	4	2	15	0	0	1007.60	
1951	4	2	18	0	0	1010.30	
1951	4	2	21	0	0	1011.90	
1951	4	3	0	0	0	1012.30	
1951	4	3	3	0	0	1013.20	
1951	4	3	6	0	0	1014.40	
1951	4	3	9	0	0	1015.80	
1951	4	3	12	0	0	1015.30	
1951	4	3	15	0	0	1015.10	
1951	4	3	18	0	0	1013.40	
1951	4	3	21	0	0	1011.00	
1951	4	4	0	0	0	1007.40	
1951	4	4	3	0	0	1001.70	
1951	4	4	6	0	0	1001.10	
1951	4	4	9	0	0	1003.70	
1951	4	4	12	0	0	1005.20	
1951	4	4	15	0	0	1006.60	
1951	4	4	18	0	0	1008.20	
1951	4	4	21	0	0	1010.50	
1951	4	5	0	0	0	1011.80	
1951	4	5	3	0	0	1013.20	
1951	4	5	6	0	0	1013.70	
1951	4	5	9	0	0	1014.90	
1951	4	5	12	0	0	1015.90	
1951	4	5	15	0	0	1015.70	
1951	4	5	18	0	0	1015.80	
1951	4	5	21	0	0	1015.30	
1951	4	6	0	0	0	1014.10	
1951	4	6	3	0	0	1011.80	
1951	4	6	6	0	0	1009.40	
1951	4	6	9	0	0	1007.50	
1951	4	6	12	0	0	1004.70	
1951	4	6	15	0	0	1001.60	
1951	4	6	18	0	0	999.30	
1951	4	6	21	0	0	996.90	
1951	4	7	0	0	0	994.80	
1951	4	7	3	0	0	992.30	
1951	4	7	6	0	0	991.60	
1951	4	7	9	0	0	991.10	
1951	4	7	12	0	0	990.90	
1951	4	7	15	0	0	990.40	
1951	4	7	18	0	0	990.60	
1951	4	7	21	0	0	992.40	
1951	4	8	0	0	0	993.00	
1951	4	8	3	0	0	993.20	
1951	4	8	6	0	0	993.50	
1951	4	8	9	0	0	994.60	
1951	4	8	12	0	0	995.60	
1951	4	8	15	0	0	995.50	
1951	4	8	18	0	0	995.40	
1951	4	8	21	0	0	994.90	
1951	4	9	0	0	0	993.70	
1951	4	9	3	0	0	991.90	
1951	4	9	6	0	0	991.00	
1951	4	9	9	0	0	991.60	
1951	4	9	12	0	0	992.30	
1951	4	9	15	0	0	993.50	
1951	4	9	18	0	0	995.10	
1951	4	9	21	0	0	998.10	
1951	4	10	0	0	0	1000.10	
1951	4	10	3	0	0	1002.00	
1951	4	10	6	0	0	1003.20	
1951	4	10	9	0	0	1005.50	
1951	4	10	12	0	0	1009.00	
1951	4	10	15	0	0	1010.20	
1951	4	10	18	0	0	1011.90	
1951	4	10	21	0	0	1013.60	
1951	4	11	0	0	0	1014.50	
1951	4	11	3	0	0	1015.00	
1951	4	11	6	0	0	1015.90	
1951	4	11	9	0	0	1016.70	
1951	4	11	12	0	0	1016.10	
1951	4	11	15	0	0	1014.70	
1951	4	11	18	0	0	1012.90	
1951	4	11	21	0	0	1011.70	
1951	4	12	0	0	0	1008.50	
1951	4	12	3	0	0	1005.30	
1951	4	12	6	0	0	1002.30	
1951	4	12	9	0	0	999.90	
1951	4	12	12	0	0	998.90	
1951	4	12	15	0	0	997.20	
1951	4	12	18	0	0	996.60	
1951	4	12	21	0	0	997.30	
1951	4	13	0	0	0	997.70	
1951	4	13	3	0	0	998.30	
1951	4	13	6	0	0	998.90	
1951	4	13	9	0	0	1000.50	
1951	4	13	12	0	0	1000.90	
1951	4	13	15	0	0	1002.30	
1951	4	13	18	0	0	1003.00	
1951	4	13	21	0	0	1005.50	
1951	4	14	0	0	0	1007.30	
1951	4	14	3	0	0	1009.50	
1951	4	14	6	0	0	1011.40	
1951	4	14	9	0	0	1013.40	
1951	4	14	12	0	0	1015.40	
1951	4	14	15	0	0	1017.10	
1951	4	14	18	0	0	1019.20	
1951	4	14	21	0	0	1021.10	
1951	4	15	0	0	0	1020.90	
1951	4	15	3	0	0	1020.70	
1951	4	15	6	0	0	1020.30	
1951	4	15	9	0	0	1010.10	
1951	4	15	12	0	0	1007.80	
1951	4	15	15	0	0	1015.10	
1951	4	15	18	0	0	1012.40	
1951	4	15	21	0	0	1009.90	
1951	4	16	0	0	0	1008.00	
1951	4	16	3	0	0	1008.90	
1951	4	16	6	0	0	1009.00	
1951	4	16	9	0	0	1009.00	
1951	4	16	12	0	0	1009.30	
1951	4	16	15	0	0	1010.10	
1951	4	16	18	0	0	1011.10	
1951	4	16	21	0	0	1012.30	
1951	4	17	0	0	0	1013.90	
1951	4	17	3	0	0	1014.50	
1951	4	17	6	0	0	1016.50	
1951	4	17	9	0	0	1018.50	
1951	4	17	12	0	0	1019.70	
1951	4	17	15	0	0	1020.10	
1951	4	17	18	0	0	1020.30	
1951	4	17	21	0	0	1020.60	
1951	4	18	0	0	0	1020.20	
1951	4	18	3	0	0	1018.60	
1951	4	18	6	0	0	1017.20	
1951	4	18	9	0	0	1015.60	
1951	4	18	12	0	0	1013.40	
1951	4	18	15	0	0	1012.00	
1951	4	18	18	0	0	1012.20	
1951	4	18	21	0	0	1013.30	
1951	4	19	0	0	0	1014.80	
1951	4	19	3	0	0	1016.30	
1951	4	19	6	0	0	1019.00	
1951	4	19	9	0	0	1021.10	
1951	4	19	12	0	0	1022.90	
1951	4	19	15	0	0	1023.90	
1951	4	19	18	0	0	1024.80	
1951	4	19	21	0	0	1026.20	
1951	4	20	0	0	0	1026.20	
1951	4	20	3	0	0	1025.60	
1951	4	20	6	0	0	1025.10	
1951	4	20	9	0	0	1024.30	
1951	4	20	12	0	0	1022.60	
1951	4	20	15	0	0	1021.50	
1951	4	20	18	0	0	1022.00	
1951	4	20	21	0	0	1024.30	
1951	4	21	0	0	0	1024.90	
1951	4	21	3	0	0	1024.60	
1951	4	21	6	0	0	1025.60	
1951	4	21	9	0	0	1026.10	
1951	4	21	12	0	0	1025.80	
1951	4	21	15	0	0	1025.70	
1951	4	21	18	0	0	1025.90	
1951	4	21	21	0	0	1027.60	
1951	4	22	0	0	0	1028.50	
1951	4	22	3	0	0	1028.00	
1951	4	22	6	0	0	1027.90	
1951	4	22	9	0	0	1028.00	
1951	4	22	12	0	0	1026.20	
1951	4	22	15	0	0	1024.70	
1951	4	22	18	0	0	1023.70	
1951	4	22	21	0	0	1024.80	
1951	4	23	0	0	0	1024.10	
1951	4	23	3	0	0	1023.40	
1951	4	23	6	0	0	1022.20	
1951	4	23	15	0	0	1020.60	
1951	4	23	18	0	0	1020.80	
1951	4	23	21	0	0	1021.80	
1951	4	24	0	0	0	1022.20	
1951	4	24	3	0	0	1022.30	
1951	4	24	6	0	0	1022.40	
1951	4	24	9	0	0	1022.70	
1951	4	24	12	0	0	1021.90	
1951	4	24	15	0	0	1021.00	
1951	4	24	18	0	0	1021.30	
1951	4	24	21	0	0	1022.40	
1951	4	25	0	0	0	1022.50	
1951	4	25	3	0	0	1022.70	
1951	4	25	6	0	0	1022.70	
1951	4	25	9	0	0	1022.50	
1951	4	25	12	0	0	1021.40	
1951	4	25	15	0	0	1020.30	
1951	4	25	18	0	0	1019.80	
1951	4	25	21	0	0	1019.70	
1951	4	26	0	0	0	1018.10	
1951	4	26	3	0	0	1015.20	
1951	4	26	6	0	0	1015.50	
1951	4	26	9	0	0	1015.00	
1951	4	26	12	0	0	1014.20	
1951	4	26	15	0	0	1014.00	
1951	4	26	18	0	0	1015.30	
1951	4	26	21	0	0	1016.70	
1951	4	27	0	0	0	1016.90	
1951	4	27	3	0	0	1016.60	
1951	4	27	6	0	0	1017.00	
1951	4	27	9	0	0	1018.20	
1951	4	27	12	0	0	1018.50	
1951	4	27	15	0	0	1019.50	
1951	4	27	18	0	0	1020.90	
1951	4	27	21	0	0	1022.20	
1951	4	28	0	0	0	1022.90	
1951	4	28	3	0	0	1022.30	
1951	4	28	6	0	0	1021.90	
1951	4	28	9	0	0	1021.30	
1951	4	28	12	0	0	1020.50	
1951	4	28	15	0	0	1020.10	
1951	4	28	18	0	0	1020.00	
1951	4	28	21	0	0	1019.80	
1951	4	29	0	0	0	1019.40	
1951	4	29	3	0	0	1018.10	
1951	4	29	6	0	0	1017.30	
1951	4	29	9	0	0	1017.20	
1951	4	29	12	0	0	1017.40	
1951	4	29	15	0	0	1016.80	
1951	4	29	18	0	0	1017.80	
1951	4	29	21	0	0	1019.20	
1951	4	30	0	0	0	1019.10	
1951	4	30	3	0	0	1019.20	
1951	4	30	6	0	0	1019.00	
1951	4	30	9	0	0	1020.70	
1951	4	30	12	0	0	1021.20	
1951	4	30	15	0	0	1020.90	
1951	4	30	18	0	0	1022.80	
1951	4	30	21	0	0	1024.10	
1951	5	1	0	0	0	1023.50	
1951	5	1	3	0	0	1021.90	
1951	5	1	6	0	0	1020.40	
1951	5	1	9	0	0	1018.70	
1951	5	1	12	0	0	1016.90	
1951	5	1	15	0	0	1014.90	
1951	5	1	18	0	0	1014.70	
1951	5	1	21	0	0	1015.70	
1951	5	2	0	0	0	1014.90	
1951	5	2	3	0	0	1012.80	
1951	5	2	6	0	0	1010.60	
1951	5	2	9	0	0	1009.70	
1951	5	2	12	0	0	1010.20	
1951	5	2	15	0	0	1010.30	
1951	5	2	18	0	0	1011.60	
1951	5	2	21	0	0	1012.80	
1951	5	3	0	0	0	1013.80	
1951	5	3	3	0	0	1014.40	
1951	5	3	6	0	0	1016.20	
1951	5	3	9	0	0	1016.10	
1951	5	3	12	0	0	1015.20	
1951	5	3	15	0	0	1015.00	
1951	5	3	18	0	0	1014.90	
1951	5	3	21	0	0	1015.50	
1951	5	4	0	0	0	1015.10	
1951	5	4	3	0	0	1013.00	
1951	5	4	6	0	0	1012.70	
1951	5	4	9	0	0	1011.70	
1951	5	4	12	0	0	1010.70	
1951	5	4	15	0	0	1009.90	
1951	5	4	18	0	0	1010.40	
1951	5	4	21	0	0	1010.70	
1951	5	5	0	0	0	1010.50	
1951	5	5	3	0	0	1012.90	
1951	5	5	6	0	0	1012.60	
1951	5	5	9	0	0	1012.20	
1951	5	5	12	0	0	1012.10	
1951	5	5	15	0	0	1012.40	
1951	5	5	18	0	0	1012.70	
1951	5	5	21	0	0	1013.10	
1951	5	6	0	0	0	1013.20	
1951	5	6	3	0	0	1013.00	
1951	5	6	6	0	0	1013.70	
1951	5	6	9	0	0	1015.30	
1951	5	6	12	0	0	1015.40	
1951	5	6	15	0	0	1015.80	
1951	5	6	18	0	0	1016.20	
1951	5	6	21	0	0	1017.30	
1951	5	7	0	0	0	1017.90	
1951	5	7	3	0	0	1017.50	
1951	5	7	6	0	0	1017.70	
1951	5	7	9	0	0	1018.30	
1951	5	7	12	0	0	1018.20	
1951	5	7	15	0	0	1018.20	
1951	5	7	18	0	0	1018.40	
1951	5	7	21	0	0	1019.00	
1951	5	8	0	0	0	1019.10	
1951	5	8	3	0	0	1017.80	
1951	5	8	6	0	0	1018.20	
1951	5	8	9	0	0	1018.00	
1951	5	8	12	0	0	1015.90	
1951	5	8	15	0	0	1014.60	
1951	5	8	18	0	0	1015.20	
1951	5	8	21	0	0	1016.30	
1951	5	9	0	0	0	1016.30	
1951	5	9	3	0	0	1016.00	
1951	5	9	6	0	0	1017.20	
1951	5	9	9	0	0	1018.60	
1951	5	9	12	0	0	1020.20	
1951	5	9	15	0	0	1020.80	
1951	5	9	18	0	0	1022.20	
1951	5	9	21	0	0	1028.90	
1951	5	10	0	0	0	1029.20	
1951	5	10	3	0	0	1024.80	
1951	5	10	6	0	0	1025.10	
1951	5	10	9	0	0	1025.70	
1951	5	10	12	0	0	1025.80	
1951	5	10	15	0	0	1025.60	
1951	5	10	18	0	0	1025.90	
1951	5	10	21	0	0	1026.40	
1951	5	11	0	0	0	1026.60	
1951	5	11	3	0	0	1026.50	
1951	5	11	6	0	0	1026.80	
1951	5	11	9	0	0	1027.10	
1951	5	11	12	0	0	1026.50	
1951	5	11	15	0	0	1025.40	
1951	5	11	18	0	0	1024.90	
1951	5	11	21	0	0	1026.10	
1951	5	12	0	0	0	1025.80	
1951	5	12	3	0	0	1025.00	
1951	5	12	6	0	0	1024.40	
1951	5	12	9	0	0	1023.50	
1951	5	12	12	0	0	1022.00	
1951	5	12	15	0	0	1020.50	
1951	5	12	18	0	0	1018.70	
1951	5	12	21	0	0	1019.20	
1951	5	13	0	0	0	1019.10	
1951	5	13	3	0	0	1018.90	
1951	5	13	6	0	0	1018.70	
1951	5	13	9	0	0	1019.00	
1951	5	13	12	0	0	1019.70	
1951	5	13	15	0	0	1020.30	
1951	5	13	18	0	0	1021.40	
1951	5	13	21	0	0	1023.00	
1951	5	14	0	0	0	1024.00	
1951	5	14	3	0	0	1024.50	
1951	5	14	6	0	0	1024.70	
1951	5	14	9	0	0	1025.90	
1951	5	14	12	0	0	1025.50	
1951	5	14	15	0	0	1024.20	
1951	5	14	18	0	0	1022.60	
1951	5	14	21	0	0	1022.20	
1951	5	15	0	0	0	1021.70	
1951	5	15	3	0	0	1021.20	
1951	5	15	6	0	0	1021.70	
1951	5	15	9	0	0	1022.80	
1951	5	15	12	0	0	1021.00	
1951	5	15	15	0	0	1019.30	
1951	5	15	18	0	0	1018.30	
1951	5	15	21	0	0	1018.60	
1951	5	16	0	0	0	1017.90	
1951	5	16	3	0	0	1018.20	
1951	5	16	6	0	0	1019.30	
1951	5	16	9	0	0	1020.70	
1951	5	16	12	0	0	1020.90	
1951	5	16	15	0	0	1021.70	
1951	5	16	18	0	0	1022.60	
1951	5	16	21	0	0	1024.00	
1951	5	17	0	0	0	1024.20	
1951	5	17	3	0	0	1023.60	
1951	5	17	6	0	0	1024.50	
1951	5	17	9	0	0	1024.90	
1951	5	17	12	0	0	1024.40	
1951	5	17	15	0	0	1024.30	
1951	5	17	18	0	0	1024.80	
1951	5	17	21	0	0	1025.60	
1951	5	18	0	0	0	1026.10	
1951	5	18	3	0	0	1025.60	
1951	5	18	6	0	0	1025.10	
1951	5	18	9	0	0	1024.70	
1951	5	18	12	0	0	1022.90	
1951	5	18	15	0	0	1021.40	
1951	5	18	18	0	0	1021.20	
1951	5	18	21	0	0	1021.30	
1951	5	19	0	0	0	1020.20	
1951	5	19	3	0	0	1018.00	
1951	5	19	6	0	0	1016.80	
1951	5	19	9	0	0	1015.80	
1951	5	19	12	0	0	1014.50	
1951	5	19	15	0	0	1013.00	
1951	5	19	18	0	0	1011.90	
1951	5	19	21	0	0	1012.00	
1951	5	20	0	0	0	1010.80	
1951	5	20	3	0	0	1009.90	
1951	5	20	6	0	0	1009.00	
1951	5	20	9	0	0	1009.00	
1951	5	20	12	0	0	1008.20	
1951	5	20	15	0	0	1007.60	
1951	5	20	18	0	0	1007.00	
1951	5	20	21	0	0	1007.10	
1951	5	21	0	0	0	1008.20	
1951	5	21	3	0	0	1007.20	
1951	5	21	6	0	0	1006.80	
1951	5	21	9	0	0	1007.30	
1951	5	21	12	0	0	1007.30	
1951	5	21	15	0	0	1008.60	
1951	5	21	18	0	0	1008.80	
1951	5	21	21	0	0	1010.70	
1951	5	22	0	0	0	1010.30	
1951	5	22	3	0	0	1009.10	
1951	5	22	6	0	0	1008.70	
1951	5	22	9	0	0	1007.30	
1951	5	22	12	0	0	1006.90	
1951	5	22	15	0	0	1007.30	
1951	5	22	18	0	0	1006.10	
1951	5	22	21	0	0	1006.00	
1951	5	23	0	0	0	1006.40	
1951	5	23	3	0	0	1007.90	
1951	5	23	6	0	0	1010.30	
1951	5	23	9	0	0	1011.70	
1951	5	23	12	0	0	1012.20	
1951	5	23	15	0	0	1012.90	
1951	5	23	18	0	0	1013.00	
1951	5	23	21	0	0	1014.50	
1951	5	24	0	0	0	1015.10	
1951	5	24	3	0	0	1014.90	
1951	5	24	6	0	0	1014.00	
1951	5	24	9	0	0	1013.20	
1951	5	24	12	0	0	1012.80	
1951	5	24	15	0	0	1013.30	
1951	5	24	18	0	0	1013.50	
1951	5	24	21	0	0	1014.70	
1951	5	25	0	0	0	1015.60	
1951	5	25	3	0	0	1014.90	
1951	5	25	6	0	0	1014.40	
1951	5	25	9	0	0	1014.00	
1951	5	25	12	0	0	1013.00	
1951	5	25	15	0	0	1012.20	
1951	5	25	18	0	0	1012.20	
1951	5	25	21	0	0	1013.40	
1951	5	26	0	0	0	1013.40	
1951	5	26	3	0	0	1012.70	
1951	5	26	6	0	0	1012.90	
1951	5	26	9	0	0	1012.00	
1951	5	26	12	0	0	1010.90	
1951	5	26	15	0	0	1009.60	
1951	5	26	18	0	0	1008.60	
1951	5	26	21	0	0	1007.70	
1951	5	27	0	0	0	1005.30	
1951	5	27	3	0	0	1002.20	
1951	5	27	6	0	0	1000.40	
1951	5	27	9	0	0	998.40	
1951	5	27	12	0	0	997.70	
1951	5	27	15	0	0	998.80	
1951	5	27	18	0	0	1000.30	
1951	5	27	21	0	0	1002.50	
1951	5	28	0	0	0	1003.80	
1951	5	28	3	0	0	1004.70	
1951	5	28	6	0	0	1005.80	
1951	5	28	9	0	0	1007.20	
1951	5	28	12	0	0	1009.00	
1951	5	28	15	0	0	1010.60	
1951	5	28	18	0	0	1012.70	
1951	5	28	21	0	0	1015.50	
1951	5	29	0	0	0	1017.20	
1951	5	29	3	0	0	1019.30	
1951	5	29	6	0	0	1021.00	
1951	5	29	9	0	0	1021.50	
1951	5	29	12	0	0	1022.40	
1951	5	29	15	0	0	1022.20	
1951	5	29	18	0	0	1022.30	
1951	5	29	21	0	0	1023.50	
1951	5	30	0	0	0	1024.30	
1951	5	30	3	0	0	1024.10	
1951	5	30	6	0	0	1024.50	
1951	5	30	9	0	0	1024.80	
1951	5	30	12	0	0	1025.00	
1951	5	30	15	0	0	1024.80	
1951	5	30	18	0	0	1025.20	
1951	5	30	21	0	0	1026.10	
1951	5	31	0	0	0	1027.00	
1951	5	31	3	0	0	1027.00	
1951	5	31	6	0	0	1027.00	
1951	5	31	9	0	0	1026.60	
1951	5	31	12	0	0	1025.90	
1951	5	31	15	0	0	1024.80	
1951	5	31	18	0	0	1024.50	
1951	5	31	21	0	0	1025.00	
1951	6	1	0	0	0	1025.10	
1951	6	1	3	0	0	1024.20	
1951	6	1	6	0	0	1024.10	
1951	6	1	9	0	0	1023.60	
1951	6	1	12	0	0	1021.90	
1951	6	1	15	0	0	1020.60	
1951	6	1	18	0	0	1020.10	
1951	6	1	21	0	0	1020.20	
1951	6	2	0	0	0	1019.80	
1951	6	2	3	0	0	1018.70	
1951	6	2	6	0	0	1017.90	
1951	6	2	9	0	0	1017.20	
1951	6	2	12	0	0	1015.80	
1951	6	2	15	0	0	1014.80	
1951	6	2	18	0	0	1014.40	
1951	6	2	21	0	0	1015.90	
1951	6	3	0	0	0	1015.90	
1951	6	3	3	0	0	1015.90	
1951	6	3	6	0	0	1015.90	
1951	6	3	9	0	0	1016.70	
1951	6	3	12	0	0	1015.80	
1951	6	3	15	0	0	1015.70	
1951	6	3	18	0	0	1016.80	
1951	6	3	21	0	0	1018.30	
1951	6	4	0	0	0	1019.30	
1951	6	4	3	0	0	1019.00	
1951	6	4	6	0	0	1019.70	
1951	6	4	9	0	0	1020.00	
1951	6	4	12	0	0	1019.50	
1951	6	4	15	0	0	1019.70	
1951	6	4	18	0	0	1019.80	
1951	6	4	21	0	0	1021.10	
1951	6	5	0	0	0	1021.30	
1951	6	5	3	0	0	1021.20	
1951	6	5	6	0	0	1021.20	
1951	6	5	9	0	0	1020.60	
1951	6	5	12	0	0	1020.00	
1951	6	5	15	0	0	1019.70	
1951	6	5	18	0	0	1019.30	
1951	6	5	21	0	0	1019.40	
1951	6	6	0	0	0	1019.60	
1951	6	6	3	0	0	1019.00	
1951	6	6	6	0	0	1018.70	
1951	6	6	9	0	0	1018.00	
1951	6	6	12	0	0	1017.70	
1951	6	6	15	0	0	1017.50	
1951	6	6	18	0	0	1017.70	
1951	6	6	21	0	0	1019.60	
1951	6	7	0	0	0	1020.10	
1951	6	7	3	0	0	1019.70	
1951	6	7	6	0	0	1019.70	
1951	6	7	9	0	0	1019.90	
1951	6	7	12	0	0	1019.70	
1951	6	7	15	0	0	1019.20	
1951	6	7	18	0	0	1018.70	
1951	6	7	21	0	0	1019.10	
1951	6	8	0	0	0	1018.30	
1951	6	8	3	0	0	1017.30	
1951	6	8	6	0	0	1016.40	
1951	6	8	9	0	0	1015.60	
1951	6	8	12	0	0	1014.70	
1951	6	8	15	0	0	1013.90	
1951	6	8	18	0	0	1013.60	
1951	6	8	21	0	0	1013.80	
1951	6	9	0	0	0	1013.30	
1951	6	9	3	0	0	1012.50	
1951	6	9	6	0	0	1012.00	
1951	6	9	9	0	0	1009.00	
1951	6	9	12	0	0	1007.30	
1951	6	9	15	0	0	1007.90	
1951	6	9	18	0	0	1006.90	
1951	6	9	21	0	0	1007.00	
1951	6	10	0	0	0	1007.00	
1951	6	10	3	0	0	1006.90	
1951	6	10	6	0	0	1007.90	
1951	6	10	9	0	0	1009.70	
1951	6	10	12	0	0	1011.00	
1951	6	10	15	0	0	1012.20	
1951	6	10	18	0	0	1013.80	
1951	6	10	21	0	0	1016.50	
1951	6	11	0	0	0	1017.50	
1951	6	11	3	0	0	1017.40	
1951	6	11	6	0	0	1018.20	
1951	6	11	9	0	0	1019.10	
1951	6	11	12	0	0	1018.60	
1951	6	11	15	0	0	1017.10	
1951	6	11	18	0	0	1015.40	
1951	6	11	21	0	0	1013.90	
1951	6	12	0	0	0	1011.70	
1951	6	12	3	0	0	1009.80	
1951	6	12	6	0	0	1008.70	
1951	6	12	9	0	0	1007.90	
1951	6	12	12	0	0	1006.70	
1951	6	12	15	0	0	1006.20	
1951	6	12	18	0	0	1006.10	
1951	6	12	21	0	0	1010.50	
1951	6	13	0	0	0	1009.00	
1951	6	13	3	0	0	1010.80	
1951	6	13	6	0	0	1011.80	
1951	6	13	9	0	0	1014.00	
1951	6	13	12	0	0	1013.90	
1951	6	13	15	0	0	1013.30	
1951	6	13	18	0	0	1011.60	
1951	6	13	21	0	0	1011.50	
1951	6	14	0	0	0	1011.30	
1951	6	14	3	0	0	1011.10	
1951	6	14	6	0	0	1011.50	
1951	6	14	9	0	0	1011.80	
1951	6	14	12	0	0	1012.30	
1951	6	14	15	0	0	1011.90	
1951	6	14	18	0	0	1012.50	
1951	6	14	21	0	0	1013.90	
1951	6	15	0	0	0	1014.90	
1951	6	15	3	0	0	1015.10	
1951	6	15	6	0	0	1015.60	
1951	6	15	9	0	0	1016.40	
1951	6	15	12	0	0	1017.10	
1951	6	15	15	0	0	1017.30	
1951	6	15	18	0	0	1018.00	
1951	6	15	21	0	0	1018.90	
1951	6	16	0	0	0	1019.20	
1951	6	16	3	0	0	1019.10	
1951	6	16	6	0	0	1019.70	
1951	6	16	9	0	0	1019.60	
1951	6	16	12	0	0	1018.80	
1951	6	16	15	0	0	1017.70	
1951	6	16	18	0	0	1016.50	
1951	6	16	21	0	0	1012.70	
1951	6	17	0	0	0	1014.40	
1951	6	17	3	0	0	1012.70	
1951	6	17	6	0	0	1011.30	
1951	6	17	9	0	0	1009.70	
1951	6	17	12	0	0	1008.80	
1951	6	17	15	0	0	1009.20	
1951	6	17	18	0	0	1009.30	
1951	6	17	21	0	0	1011.40	
1951	6	18	0	0	0	1013.40	
1951	6	18	3	0	0	1013.80	
1951	6	18	6	0	0	1014.80	
1951	6	18	9	0	0	1015.00	
1951	6	18	12	0	0	1014.60	
1951	6	18	15	0	0	1014.50	
1951	6	18	18	0	0	1014.90	
1951	6	18	21	0	0	1016.50	
1951	6	19	0	0	0	1017.00	
1951	6	19	3	0	0	1017.20	
1951	6	19	6	0	0	1017.90	
1951	6	19	9	0	0	1018.30	
1951	6	19	12	0	0	1018.30	
1951	6	19	15	0	0	1018.00	
1951	6	19	18	0	0	1018.50	
1951	6	19	21	0	0	1019.00	
1951	6	20	0	0	0	1019.90	
1951	6	20	3	0	0	1019.40	
1951	6	20	6	0	0	1019.50	
1951	6	20	9	0	0	1019.90	
1951	6	20	12	0	0	1020.20	
1951	6	20	15	0	0	1020.40	
1951	6	20	18	0	0	1020.10	
1951	6	20	21	0	0	1021.00	
1951	6	21	0	0	0	1020.90	
1951	6	21	3	0	0	1020.20	
1951	6	21	6	0	0	1020.30	
1951	6	21	9	0	0	1020.00	
1951	6	21	12	0	0	1018.80	
1951	6	21	15	0	0	1017.20	
1951	6	21	18	0	0	1016.50	
1951	6	21	21	0	0	1017.30	
1951	6	22	0	0	0	1016.60	
1951	6	22	3	0	0	1015.30	
1951	6	22	6	0	0	1015.20	
1951	6	22	9	0	0	1014.40	
1951	6	22	12	0	0	1014.10	
1951	6	22	15	0	0	1013.60	
1951	6	22	18	0	0	1013.50	
1951	6	22	21	0	0	1014.40	
1951	6	23	0	0	0	1014.30	
1951	6	23	3	0	0	1013.70	
1951	6	23	6	0	0	1013.00	
1951	6	23	9	0	0	1012.80	
1951	6	23	12	0	0	1011.70	
1951	6	23	15	0	0	1011.30	
1951	6	23	18	0	0	1010.20	
1951	6	23	21	0	0	1010.20	
1951	6	24	0	0	0	1009.40	
1951	6	24	3	0	0	1008.80	
1951	6	24	6	0	0	1008.30	
1951	6	24	9	0	0	1008.20	
1951	6	24	12	0	0	1007.70	
1951	6	24	15	0	0	1007.00	
1951	6	24	18	0	0	1006.90	
1951	6	24	21	0	0	1006.70	
1951	6	25	0	0	0	1006.40	
1951	6	25	3	0	0	1005.40	
1951	6	25	6	0	0	1005.20	
1951	6	25	9	0	0	1005.40	
1951	6	25	12	0	0	1005.00	
1951	6	25	15	0	0	1004.90	
1951	6	25	18	0	0	1007.50	
1951	6	25	21	0	0	1006.60	
1951	6	26	0	0	0	1006.80	
1951	6	26	3	0	0	1007.00	
1951	6	26	6	0	0	1006.70	
1951	6	26	9	0	0	1007.00	
1951	6	26	12	0	0	1007.70	
1951	6	26	15	0	0	1008.50	
1951	6	26	18	0	0	1009.40	
1951	6	26	21	0	0	1010.60	
1951	6	27	0	0	0	1011.60	
1951	6	27	3	0	0	1011.70	
1951	6	27	6	0	0	1012.70	
1951	6	27	9	0	0	1013.70	
1951	6	27	12	0	0	1014.50	
1951	6	27	15	0	0	1014.50	
1951	6	27	18	0	0	1015.50	
1951	6	27	21	0	0	1016.80	
1951	6	28	0	0	0	1017.70	
1951	6	28	3	0	0	1017.90	
1951	6	28	6	0	0	1019.20	
1951	6	28	9	0	0	1019.90	
1951	6	28	12	0	0	1019.40	
1951	6	28	15	0	0	1019.20	
1951	6	28	18	0	0	1019.30	
1951	6	28	21	0	0	1020.80	
1951	6	29	0	0	0	1021.30	
1951	6	29	3	0	0	1021.50	
1951	6	29	6	0	0	1022.60	
1951	6	29	9	0	0	1023.90	
1951	6	29	12	0	0	1024.60	
1951	6	29	15	0	0	1024.70	
1951	6	29	18	0	0	1025.60	
1951	6	29	21	0	0	1027.10	
1951	6	30	0	0	0	1027.50	
1951	6	30	3	0	0	1027.40	
1951	6	30	6	0	0	1028.00	
1951	6	30	9	0	0	1028.00	
1951	6	30	12	0	0	1026.80	
1951	6	30	15	0	0	1025.30	
1951	6	30	18	0	0	1025.30	
1951	6	30	21	0	0	1026.10	
1951	7	1	0	0	0	1026.60	
1951	7	1	3	0	0	1026.20	
1951	7	1	6	0	0	1026.00	
1951	7	1	9	0	0	1025.70	
1951	7	1	12	0	0	1024.50	
1951	7	1	15	0	0	1023.50	
1951	7	1	18	0	0	1023.60	
1951	7	1	21	0	0	1023.60	
1951	7	2	0	0	0	1023.30	
1951	7	2	3	0	0	1022.10	
1951	7	2	6	0	0	1021.60	
1951	7	2	9	0	0	1022.10	
1951	7	2	12	0	0	1022.40	
1951	7	2	15	0	0	1021.70	
1951	7	2	18	0	0	1020.80	
1951	7	2	21	0	0	1020.80	
1951	7	3	0	0	0	1019.40	
1951	7	3	3	0	0	1016.80	
1951	7	3	6	0	0	1015.70	
1951	7	3	9	0	0	1015.50	
1951	7	3	12	0	0	1016.00	
1951	7	3	15	0	0	1015.40	
1951	7	3	18	0	0	1015.40	
1951	7	3	21	0	0	1015.00	
1951	7	4	0	0	0	1015.00	
1951	7	4	3	0	0	1013.70	
1951	7	4	6	0	0	1013.80	
1951	7	4	9	0	0	1016.10	
1951	7	4	12	0	0	1017.80	
1951	7	4	15	0	0	1018.80	
1951	7	4	18	0	0	1019.80	
1951	7	4	21	0	0	1020.90	
1951	7	5	0	0	0	1021.30	
1951	7	5	3	0	0	1021.10	
1951	7	5	6	0	0	1021.40	
1951	7	5	9	0	0	1020.50	
1951	7	5	12	0	0	1019.30	
1951	7	5	15	0	0	1017.50	
1951	7	5	18	0	0	1016.40	
1951	7	5	21	0	0	1015.00	
1951	7	6	0	0	0	1012.40	
1951	7	6	3	0	0	1010.60	
1951	7	6	6	0	0	1011.10	
1951	7	6	9	0	0	1012.00	
1951	7	6	12	0	0	1012.40	
1951	7	6	15	0	0	1012.60	
1951	7	6	18	0	0	1012.90	
1951	7	6	21	0	0	1012.50	
1951	7	7	0	0	0	1012.40	
1951	7	7	3	0	0	1011.40	
1951	7	7	6	0	0	1011.00	
1951	7	7	9	0	0	1011.20	
1951	7	7	12	0	0	1010.80	
1951	7	7	15	0	0	1010.80	
1951	7	7	18	0	0	1010.60	
1951	7	7	21	0	0	1011.20	
1951	7	8	0	0	0	1011.40	
1951	7	8	3	0	0	1010.40	
1951	7	8	6	0	0	1010.40	
1951	7	8	9	0	0	1009.10	
1951	7	8	12	0	0	1007.40	
1951	7	8	15	0	0	1006.30	
1951	7	8	18	0	0	1005.00	
1951	7	8	21	0	0	1005.60	
1951	7	9	0	0	0	1005.20	
1951	7	9	3	0	0	1004.70	
1951	7	9	6	0	0	1004.90	
1951	7	9	9	0	0	1005.40	
1951	7	9	12	0	0	1005.00	
1951	7	9	15	0	0	1004.50	
1951	7	9	18	0	0	1003.20	
1951	7	9	21	0	0	1001.80	
1951	7	10	0	0	0	1000.80	
1951	7	10	3	0	0	1000.40	
1951	7	10	6	0	0	999.90	
1951	7	10	9	0	0	1000.30	
1951	7	10	12	0	0	999.30	
1951	7	10	15	0	0	1000.00	
1951	7	10	18	0	0	999.90	
1951	7	10	21	0	0	1000.90	
1951	7	11	0	0	0	1001.50	
1951	7	11	3	0	0	1001.50	
1951	7	11	6	0	0	1001.80	
1951	7	11	9	0	0	1001.80	
1951	7	11	12	0	0	1001.20	
1951	7	11	15	0	0	1000.80	
1951	7	11	18	0	0	1001.40	
1951	7	11	21	0	0	1002.80	
1951	7	12	0	0	0	1003.30	
1951	7	12	3	0	0	1003.40	
1951	7	12	6	0	0	1005.20	
1951	7	12	9	0	0	1007.60	
1951	7	12	12	0	0	1008.80	
1951	7	12	15	0	0	1009.80	
1951	7	12	18	0	0	1010.80	
1951	7	12	21	0	0	1012.50	
1951	7	13	0	0	0	1012.90	
1951	7	13	3	0	0	1012.90	
1951	7	13	6	0	0	1013.10	
1951	7	13	9	0	0	1014.40	
1951	7	13	12	0	0	1015.60	
1951	7	13	15	0	0	1016.30	
1951	7	13	18	0	0	1016.50	
1951	7	13	21	0	0	1017.90	
1951	7	14	0	0	0	1018.20	
1951	7	14	3	0	0	1018.50	
1951	7	14	6	0	0	1018.90	
1951	7	14	9	0	0	1019.50	
1951	7	14	12	0	0	1019.50	
1951	7	14	15	0	0	1018.80	
1951	7	14	18	0	0	1019.10	
1951	7	14	21	0	0	1020.80	
1951	7	15	0	0	0	1021.40	
1951	7	15	3	0	0	1021.80	
1951	7	15	6	0	0	1021.90	
1951	7	15	9	0	0	1022.20	
1951	7	15	12	0	0	1022.20	
1951	7	15	15	0	0	1022.80	
1951	7	15	18	0	0	1022.90	
1951	7	15	21	0	0	1029.10	
1951	7	16	0	0	0	1029.30	
1951	7	16	3	0	0	1024.30	
1951	7	16	6	0	0	1024.40	
1951	7	16	9	0	0	1025.90	
1951	7	16	12	0	0	1025.20	
1951	7	16	15	0	0	1024.30	
1951	7	16	18	0	0	1024.60	
1951	7	16	21	0	0	1025.70	
1951	7	17	0	0	0	1025.40	
1951	7	17	3	0	0	1024.70	
1951	7	17	6	0	0	1024.90	
1951	7	17	9	0	0	1024.50	
1951	7	17	12	0	0	1023.80	
1951	7	17	15	0	0	1022.90	
1951	7	17	18	0	0	1022.60	
1951	7	17	21	0	0	1022.30	
1951	7	18	0	0	0	1021.90	
1951	7	18	3	0	0	1021.30	
1951	7	18	6	0	0	1022.20	
1951	7	18	9	0	0	1023.50	
1951	7	18	12	0	0	1024.90	
1951	7	18	15	0	0	1024.90	
1951	7	18	18	0	0	1024.60	
1951	7	19	0	0	0	1015.30	
1951	7	19	3	0	0	1024.00	
1951	7	19	6	0	0	1023.00	
1951	7	19	9	0	0	1021.90	
1951	7	19	12	0	0	1021.20	
1951	7	19	15	0	0	1020.70	
1951	7	19	18	0	0	1019.90	
1951	7	19	21	0	0	1020.10	
1951	7	20	0	0	0	1020.20	
1951	7	20	3	0	0	1019.60	
1951	7	20	6	0	0	1020.80	
1951	7	20	9	0	0	1022.00	
1951	7	20	12	0	0	1022.20	
1951	7	20	15	0	0	1022.40	
1951	7	20	18	0	0	1022.80	
1951	7	20	21	0	0	1024.20	
1951	7	21	0	0	0	1025.00	
1951	7	21	3	0	0	1024.80	
1951	7	21	6	0	0	1024.90	
1951	7	21	9	0	0	1024.50	
1951	7	21	12	0	0	1022.70	
1951	7	21	15	0	0	1021.00	
1951	7	21	18	0	0	1019.20	
1951	7	21	21	0	0	1018.70	
1951	7	22	0	0	0	1018.00	
1951	7	22	3	0	0	1016.90	
1951	7	22	6	0	0	1014.40	
1951	7	22	9	0	0	1012.70	
1951	7	22	12	0	0	1009.40	
1951	7	22	15	0	0	1006.50	
1951	7	22	18	0	0	1005.50	
1951	7	22	21	0	0	1005.10	
1951	7	23	0	0	0	1004.30	
1951	7	23	3	0	0	1003.90	
1951	7	23	6	0	0	1004.80	
1951	7	23	9	0	0	1007.20	
1951	7	23	12	0	0	1009.20	
1951	7	23	15	0	0	1011.50	
1951	7	23	18	0	0	1013.20	
1951	7	23	21	0	0	1014.50	
1951	7	24	0	0	0	1015.40	
1951	7	24	3	0	0	1016.20	
1951	7	24	6	0	0	1017.60	
1951	7	24	9	0	0	1018.50	
1951	7	24	12	0	0	1020.00	
1951	7	24	15	0	0	1020.90	
1951	7	24	18	0	0	1022.00	
1951	7	24	21	0	0	1023.60	
1951	7	25	0	0	0	1023.70	
1951	7	25	3	0	0	1023.90	
1951	7	25	6	0	0	1024.40	
1951	7	25	9	0	0	1024.50	
1951	7	25	12	0	0	1024.00	
1951	7	25	15	0	0	1024.20	
1951	7	25	18	0	0	1023.70	
1951	7	25	21	0	0	1022.90	
1951	7	26	0	0	0	1023.60	
1951	7	26	3	0	0	1023.70	
1951	7	26	6	0	0	1023.20	
1951	7	26	9	0	0	1022.30	
1951	7	26	12	0	0	1021.30	
1951	7	26	15	0	0	1021.30	
1951	7	26	18	0	0	1020.80	
1951	7	26	21	0	0	1020.70	
1951	7	27	0	0	0	1020.20	
1951	7	27	3	0	0	1019.00	
1951	7	27	6	0	0	1018.90	
1951	7	27	9	0	0	1019.50	
1951	7	27	12	0	0	1018.80	
1951	7	27	15	0	0	1018.70	
1951	7	27	18	0	0	1018.90	
1951	7	27	21	0	0	1019.40	
1951	7	28	0	0	0	1019.60	
1951	7	28	3	0	0	1019.30	
1951	7	28	6	0	0	1019.10	
1951	7	28	9	0	0	1019.40	
1951	7	28	12	0	0	1019.40	
1951	7	28	15	0	0	1019.80	
1951	7	28	18	0	0	1020.40	
1951	7	28	21	0	0	1022.30	
1951	7	29	0	0	0	1023.10	
1951	7	29	3	0	0	1023.30	
1951	7	29	6	0	0	1023.60	
1951	7	29	9	0	0	1023.30	
1951	7	29	12	0	0	1023.40	
1951	7	29	15	0	0	1022.40	
1951	7	29	18	0	0	1022.10	
1951	7	29	21	0	0	1023.30	
1951	7	30	0	0	0	1023.60	
1951	7	30	3	0	0	1022.40	
1951	7	30	6	0	0	1022.30	
1951	7	30	9	0	0	1021.40	
1951	7	30	12	0	0	1019.40	
1951	7	30	15	0	0	1017.50	
1951	7	30	18	0	0	1016.30	
1951	7	30	21	0	0	1015.70	
