SEF	1.0.0
ID	BELFAST-ALDERGROVE
Name	BELFAST-ALDERGROVE
Lat	54.6500
Lon	-6.2200
Alt	0.0
Source	ISPDv4
Link	
Vbl	mslp
Stat	point
Units	hPa
Meta	
Year	Month	Day	Hour	Minute	Period	Value	Meta
1930	2	28	13	0	0	1033.60	
1930	2	28	18	0	0	1034.80	
1930	3	1	7	0	0	1036.80	
1930	3	1	13	0	0	1035.50	
1930	3	1	18	0	0	1033.10	
1930	3	2	7	0	0	1029.60	
1930	3	2	13	0	0	1027.40	
1930	3	2	18	0	0	1023.70	
1930	3	3	7	0	0	1021.90	
1930	3	3	13	0	0	1022.20	
1930	3	3	18	0	0	1021.40	
1930	3	4	7	0	0	1025.40	
1930	3	4	13	0	0	1027.90	
1930	3	4	18	0	0	1027.50	
1930	3	5	7	0	0	1023.70	
1930	3	5	13	0	0	1024.40	
1930	3	5	18	0	0	1024.00	
1930	3	6	7	0	0	1020.30	
1930	3	6	13	0	0	1017.90	
1930	3	6	18	0	0	1016.30	
1930	3	7	7	0	0	1017.60	
1930	3	7	13	0	0	1018.00	
1930	3	7	18	0	0	1017.60	
1930	3	8	7	0	0	1013.90	
1930	3	8	13	0	0	1010.90	
1930	3	8	18	0	0	1007.00	
1930	3	9	7	0	0	999.90	
1930	3	9	13	0	0	1000.90	
1930	3	9	18	0	0	1002.50	
1930	3	10	7	0	0	1006.50	
1930	3	10	13	0	0	1005.20	
1930	3	10	18	0	0	1000.50	
1930	3	11	7	0	0	1001.70	
1930	3	11	13	0	0	1003.10	
1930	3	11	18	0	0	999.50	
1930	3	12	7	0	0	1000.60	
1930	3	12	13	0	0	1002.20	
1930	3	12	18	0	0	1003.20	
1930	3	13	7	0	0	1001.60	
1930	3	13	13	0	0	996.80	
1930	3	13	18	0	0	993.50	
1930	3	14	7	0	0	993.50	
1930	3	14	13	0	0	993.70	
1930	3	14	18	0	0	993.70	
1930	3	15	7	0	0	995.20	
1930	3	15	13	0	0	995.20	
1930	3	15	18	0	0	995.50	
1930	3	16	7	0	0	994.50	
1930	3	16	13	0	0	993.70	
1930	3	16	18	0	0	994.60	
1930	3	17	7	0	0	997.00	
1930	3	17	13	0	0	996.50	
1930	3	17	18	0	0	994.40	
1930	3	18	7	0	0	994.00	
1930	3	18	13	0	0	995.40	
1930	3	18	18	0	0	996.30	
1930	3	19	7	0	0	1001.60	
1930	3	19	13	0	0	1003.30	
1930	3	19	18	0	0	1004.40	
1930	3	20	7	0	0	996.30	
1930	3	20	13	0	0	995.60	
1930	3	20	18	0	0	998.30	
1930	3	21	7	0	0	994.70	
1930	3	21	13	0	0	999.20	
1930	3	21	18	0	0	1001.40	
1930	3	22	7	0	0	1012.50	
1930	3	22	13	0	0	1016.40	
1930	3	22	18	0	0	1016.20	
1930	3	23	7	0	0	1010.80	
1930	3	23	13	0	0	1011.70	
1930	3	23	18	0	0	1014.50	
1930	3	24	7	0	0	1024.40	
1930	3	24	13	0	0	1026.10	
1930	3	24	18	0	0	1024.50	
1930	3	25	7	0	0	1019.60	
1930	3	25	13	0	0	1019.50	
1930	3	25	18	0	0	1021.60	
1930	3	26	7	0	0	1025.60	
1930	3	26	13	0	0	1025.10	
1930	3	26	18	0	0	1024.20	
1930	3	27	7	0	0	1021.50	
1930	3	27	13	0	0	1019.00	
1930	3	27	18	0	0	1015.20	
1930	3	28	7	0	0	1003.20	
1930	3	28	13	0	0	995.40	
1930	3	28	18	0	0	988.50	
1930	3	29	7	0	0	991.10	
1930	3	29	13	0	0	995.50	
1930	3	29	18	0	0	1000.50	
1930	3	30	7	0	0	1008.00	
1930	3	30	13	0	0	1006.10	
1930	3	30	18	0	0	1003.80	
1930	3	31	7	0	0	996.80	
1930	3	31	13	0	0	995.80	
1930	3	31	18	0	0	997.00	
1930	4	1	7	0	0	993.50	
1930	4	1	13	0	0	990.00	
1930	4	1	18	0	0	991.40	
1930	4	2	7	0	0	994.30	
1930	4	2	13	0	0	995.00	
1930	4	2	18	0	0	997.20	
1930	4	3	7	0	0	1002.20	
1930	4	3	13	0	0	1000.40	
1930	4	3	18	0	0	998.20	
1930	4	4	7	0	0	1001.00	
1930	4	4	13	0	0	1004.50	
1930	4	4	18	0	0	1006.40	
1930	4	5	7	0	0	1010.70	
1930	4	5	13	0	0	1012.20	
1930	4	5	18	0	0	1012.70	
1930	4	6	7	0	0	1015.90	
1930	4	6	13	0	0	1017.10	
1930	4	6	18	0	0	1018.60	
1930	4	7	7	0	0	1023.40	
1930	4	7	13	0	0	1022.80	
1930	4	7	18	0	0	1022.00	
1930	4	8	7	0	0	1017.10	
1930	4	8	13	0	0	1013.60	
1930	4	8	18	0	0	1011.90	
1930	4	9	7	0	0	1011.90	
1930	4	9	13	0	0	1011.80	
1930	4	9	18	0	0	1011.30	
1930	4	10	7	0	0	1014.00	
1930	4	10	13	0	0	1014.00	
1930	4	10	18	0	0	1015.30	
1930	4	11	7	0	0	1015.20	
1930	4	11	13	0	0	1010.00	
1930	4	11	18	0	0	1006.60	
1930	4	12	7	0	0	1000.20	
1930	4	12	13	0	0	1002.50	
1930	4	12	18	0	0	1002.60	
1930	4	13	7	0	0	998.40	
1930	4	13	13	0	0	995.80	
1930	4	13	18	0	0	996.40	
1930	4	14	7	0	0	1002.70	
1930	4	14	13	0	0	1007.90	
1930	4	14	18	0	0	1012.80	
1930	4	15	7	0	0	1020.30	
1930	4	15	13	0	0	1021.60	
1930	4	15	18	0	0	1022.90	
1930	4	16	7	0	0	1023.20	
1930	4	16	13	0	0	1021.70	
1930	4	16	18	0	0	1022.00	
1930	4	17	7	0	0	1020.30	
1930	4	17	13	0	0	1019.50	
1930	4	17	18	0	0	1020.80	
1930	4	18	7	0	0	1024.20	
1930	4	18	13	0	0	1023.20	
1930	4	18	18	0	0	1021.60	
1930	4	19	7	0	0	1018.20	
1930	4	19	13	0	0	1013.40	
1930	4	19	18	0	0	1013.00	
1930	4	20	7	0	0	1015.40	
1930	4	20	13	0	0	1015.80	
1930	4	20	18	0	0	1015.30	
1930	4	21	7	0	0	1012.10	
1930	4	21	13	0	0	1013.30	
1930	4	21	18	0	0	1012.90	
1930	4	22	7	0	0	1011.30	
1930	4	22	13	0	0	1008.80	
1930	4	22	18	0	0	1005.60	
1930	4	23	7	0	0	1000.50	
1930	4	23	13	0	0	997.50	
1930	4	23	18	0	0	994.70	
1930	4	24	7	0	0	994.20	
1930	4	24	13	0	0	996.90	
1930	4	24	18	0	0	999.00	
1930	4	25	7	0	0	1003.50	
1930	4	25	13	0	0	1005.50	
1930	4	25	18	0	0	1007.60	
1930	4	26	7	0	0	1014.00	
1930	4	26	13	0	0	1017.80	
1930	4	26	18	0	0	1019.90	
1930	4	27	7	0	0	1020.30	
1930	4	27	13	0	0	1021.60	
1930	4	27	18	0	0	1020.30	
1930	4	28	7	0	0	1016.60	
1930	4	28	13	0	0	1014.30	
1930	4	28	18	0	0	1011.70	
1930	4	29	7	0	0	1010.80	
1930	4	29	13	0	0	1011.80	
1930	4	29	18	0	0	1011.80	
1930	4	30	7	0	0	1016.80	
1930	4	30	13	0	0	1017.60	
1930	4	30	18	0	0	1018.50	
1930	5	1	7	0	0	1022.30	
1930	5	1	13	0	0	1021.50	
1930	5	1	18	0	0	1020.10	
1930	5	2	7	0	0	1019.00	
1930	5	2	13	0	0	1018.60	
1930	5	2	18	0	0	1018.40	
1930	5	3	7	0	0	1021.60	
1930	5	3	13	0	0	1022.40	
1930	5	3	18	0	0	1021.10	
1930	5	4	7	0	0	1018.70	
1930	5	4	13	0	0	1017.10	
1930	5	4	18	0	0	1015.30	
1930	5	5	7	0	0	1011.80	
1930	5	5	13	0	0	1010.40	
1930	5	5	18	0	0	1009.00	
1930	5	6	7	0	0	1013.10	
1930	5	6	13	0	0	1014.00	
1930	5	6	18	0	0	1015.10	
1930	5	7	7	0	0	1018.50	
1930	5	7	13	0	0	1018.10	
1930	5	7	18	0	0	1018.70	
1930	5	8	7	0	0	1018.20	
1930	5	8	13	0	0	1016.10	
1930	5	8	18	0	0	1013.00	
1930	5	9	7	0	0	1006.60	
1930	5	9	13	0	0	1005.00	
1930	5	9	18	0	0	1004.30	
1930	5	10	7	0	0	1005.40	
1930	5	10	13	0	0	1002.60	
1930	5	10	18	0	0	998.70	
1930	5	11	7	0	0	997.10	
1930	5	11	13	0	0	1001.40	
1930	5	11	18	0	0	1003.80	
1930	5	12	7	0	0	1007.80	
1930	5	12	13	0	0	1007.60	
1930	5	12	18	0	0	1007.40	
1930	5	13	7	0	0	1001.50	
1930	5	13	13	0	0	1003.10	
1930	5	13	18	0	0	1003.40	
1930	5	14	7	0	0	1009.20	
1930	5	14	13	0	0	1011.70	
1930	5	14	18	0	0	1012.90	
1930	5	15	7	0	0	1010.30	
1930	5	15	13	0	0	1009.40	
1930	5	15	18	0	0	1012.20	
1930	5	16	7	0	0	1018.10	
1930	5	16	13	0	0	1019.00	
1930	5	16	18	0	0	1019.50	
1930	5	17	7	0	0	1015.10	
1930	5	17	13	0	0	1008.00	
1930	5	17	18	0	0	1002.80	
1930	5	18	7	0	0	1008.40	
1930	5	18	13	0	0	1010.60	
1930	5	18	18	0	0	1014.10	
1930	5	19	7	0	0	1016.40	
1930	5	19	13	0	0	1015.80	
1930	5	19	18	0	0	1017.10	
1930	5	20	7	0	0	1019.90	
1930	5	20	13	0	0	1021.20	
1930	5	20	18	0	0	1021.80	
1930	5	21	7	0	0	1024.30	
1930	5	21	13	0	0	1024.00	
1930	5	21	18	0	0	1023.80	
1930	5	22	7	0	0	1024.80	
1930	5	22	13	0	0	1024.50	
1930	5	22	18	0	0	1024.60	
1930	5	23	7	0	0	1027.00	
1930	5	23	13	0	0	1025.80	
1930	5	23	18	0	0	1025.60	
1930	5	24	7	0	0	1023.80	
1930	5	24	13	0	0	1021.80	
1930	5	24	18	0	0	1020.00	
1930	5	25	7	0	0	1016.90	
1930	5	25	13	0	0	1014.50	
1930	5	25	18	0	0	1012.20	
1930	5	26	7	0	0	1008.90	
1930	5	26	13	0	0	1007.40	
1930	5	26	18	0	0	1005.80	
1930	5	27	7	0	0	1005.10	
1930	5	27	13	0	0	1003.50	
1930	5	27	18	0	0	1002.00	
1930	5	28	7	0	0	1007.40	
1930	5	28	13	0	0	1011.40	
1930	5	28	18	0	0	1014.10	
1930	5	29	7	0	0	1017.40	
1930	5	29	13	0	0	1018.40	
1930	5	29	18	0	0	1017.60	
1930	5	30	7	0	0	1018.50	
1930	5	30	13	0	0	1018.40	
1930	5	30	18	0	0	1018.00	
1930	5	31	7	0	0	1020.70	
1930	5	31	13	0	0	1020.20	
1930	5	31	18	0	0	1019.10	
1930	6	1	7	0	0	1015.70	
1930	6	1	13	0	0	1012.70	
1930	6	1	18	0	0	1011.80	
1930	6	2	7	0	0	1013.90	
1930	6	2	13	0	0	1014.30	
1930	6	2	18	0	0	1015.00	
1930	6	3	7	0	0	1017.90	
1930	6	3	13	0	0	1019.00	
1930	6	3	18	0	0	1019.10	
1930	6	4	7	0	0	1023.20	
1930	6	4	13	0	0	1024.00	
1930	6	4	18	0	0	1024.20	
1930	6	5	7	0	0	1024.60	
1930	6	5	13	0	0	1023.10	
1930	6	5	18	0	0	1021.00	
1930	6	6	7	0	0	1019.20	
1930	6	6	13	0	0	1019.10	
1930	6	6	18	0	0	1019.40	
1930	6	7	7	0	0	1023.50	
1930	6	7	13	0	0	1025.70	
1930	6	7	18	0	0	1026.90	
1930	6	8	7	0	0	1026.80	
1930	6	8	13	0	0	1025.80	
1930	6	8	18	0	0	1023.00	
1930	6	9	7	0	0	1014.60	
1930	6	9	13	0	0	1010.10	
1930	6	9	18	0	0	1007.50	
1930	6	10	7	0	0	1004.40	
1930	6	10	13	0	0	1004.10	
1930	6	10	18	0	0	1003.30	
1930	6	11	7	0	0	1005.50	
1930	6	11	13	0	0	1009.10	
1930	6	11	18	0	0	1011.50	
1930	6	12	7	0	0	1017.40	
1930	6	12	13	0	0	1018.50	
1930	6	12	18	0	0	1018.50	
1930	6	13	7	0	0	1021.40	
1930	6	13	13	0	0	1021.50	
1930	6	13	18	0	0	1021.60	
1930	6	14	7	0	0	1024.00	
1930	6	14	13	0	0	1024.20	
1930	6	15	7	0	0	1026.40	
1930	6	15	13	0	0	1026.70	
1930	6	15	18	0	0	1025.40	
1930	6	16	7	0	0	1025.70	
1930	6	16	13	0	0	1025.00	
1930	6	16	18	0	0	1023.30	
1930	6	17	7	0	0	1020.70	
1930	6	17	13	0	0	1017.90	
1930	6	17	18	0	0	1016.30	
1930	6	18	7	0	0	1014.60	
1930	6	18	13	0	0	1012.50	
1930	6	18	18	0	0	1010.90	
1930	6	19	7	0	0	1011.60	
1930	6	19	13	0	0	1009.80	
1930	6	19	18	0	0	1008.00	
1930	6	20	7	0	0	1008.50	
1930	6	20	13	0	0	1007.90	
1930	6	20	18	0	0	1009.00	
1930	6	21	7	0	0	1013.60	
1930	6	21	13	0	0	1012.30	
1930	6	21	18	0	0	1009.10	
1930	6	22	7	0	0	1009.60	
1930	6	22	13	0	0	1007.30	
1930	6	22	18	0	0	1004.60	
1930	6	23	7	0	0	1005.10	
1930	6	23	13	0	0	1002.50	
1930	6	23	18	0	0	1000.50	
1930	6	24	7	0	0	997.00	
1930	6	24	13	0	0	1001.10	
1930	6	24	18	0	0	1003.10	
1930	6	25	7	0	0	1006.70	
1930	6	25	13	0	0	1008.00	
1930	6	25	18	0	0	1008.30	
1930	6	26	7	0	0	1007.20	
1930	6	26	13	0	0	1004.60	
1930	6	26	18	0	0	1002.30	
1930	6	27	7	0	0	1000.80	
1930	6	27	13	0	0	1002.70	
1930	6	27	18	0	0	1005.40	
1930	6	28	7	0	0	1009.20	
1930	6	28	13	0	0	1011.60	
1930	6	28	18	0	0	1013.10	
1930	6	29	7	0	0	1013.10	
1930	6	29	13	0	0	1010.60	
1930	6	29	18	0	0	1008.30	
1930	6	30	7	0	0	1006.20	
1930	6	30	18	0	0	1002.90	
1930	7	1	7	0	0	999.30	
1930	7	1	18	0	0	1000.70	
1930	7	2	7	0	0	1005.60	
1930	7	2	13	0	0	1006.80	
1930	7	2	18	0	0	1006.20	
1930	7	3	7	0	0	1006.30	
1930	7	3	13	0	0	1006.40	
1930	7	3	18	0	0	1006.40	
1930	7	4	7	0	0	1010.40	
1930	7	4	13	0	0	1011.70	
1930	7	4	18	0	0	1012.90	
1930	7	5	7	0	0	1015.20	
1930	7	5	13	0	0	1014.10	
1930	7	5	18	0	0	1012.70	
1930	7	6	7	0	0	1013.00	
1930	7	6	13	0	0	1015.00	
1930	7	7	7	0	0	1022.50	
1930	7	7	13	0	0	1023.40	
1930	7	7	18	0	0	1022.80	
1930	7	8	7	0	0	1021.70	
1930	7	8	13	0	0	1020.20	
1930	7	8	18	0	0	1020.00	
1930	7	9	7	0	0	1024.20	
1930	7	9	13	0	0	1025.60	
1930	7	9	18	0	0	1026.40	
1930	7	10	7	0	0	1027.90	
1930	7	10	13	0	0	1026.10	
1930	7	10	18	0	0	1025.20	
1930	7	11	7	0	0	1019.80	
1930	7	11	13	0	0	1018.80	
1930	7	11	18	0	0	1018.90	
1930	7	12	7	0	0	1017.90	
1930	7	12	13	0	0	1016.40	
1930	7	12	18	0	0	1015.50	
1930	7	13	7	0	0	1012.10	
1930	7	13	13	0	0	1009.20	
1930	7	13	18	0	0	1005.70	
1930	7	14	7	0	0	1004.80	
1930	7	14	13	0	0	1005.80	
1930	7	14	18	0	0	1006.90	
1930	7	15	7	0	0	1005.80	
1930	7	15	13	0	0	1003.20	
1930	7	15	18	0	0	1000.50	
1930	7	16	7	0	0	991.60	
1930	7	16	13	0	0	991.60	
1930	7	16	18	0	0	991.10	
1930	7	17	7	0	0	991.70	
1930	7	17	13	0	0	992.40	
1930	7	17	18	0	0	991.90	
1930	7	18	7	0	0	991.40	
1930	7	18	13	0	0	993.00	
1930	7	18	18	0	0	995.40	
1930	7	19	7	0	0	1000.70	
1930	7	19	13	0	0	1003.60	
1930	7	19	18	0	0	1004.90	
1930	7	20	7	0	0	1005.90	
1930	7	20	13	0	0	1004.80	
1930	7	20	18	0	0	1004.30	
1930	7	21	7	0	0	1010.80	
1930	7	21	13	0	0	1010.20	
1930	7	21	18	0	0	1012.00	
1930	7	22	7	0	0	1015.60	
1930	7	22	13	0	0	1015.50	
1930	7	22	18	0	0	1016.00	
1930	7	23	7	0	0	1014.10	
1930	7	23	13	0	0	1015.50	
1930	7	23	18	0	0	1015.10	
1930	7	24	7	0	0	1014.90	
1930	7	24	13	0	0	1015.00	
1930	7	24	18	0	0	1015.20	
1930	7	25	7	0	0	1015.10	
1930	7	25	13	0	0	1013.00	
1930	7	25	18	0	0	1011.50	
1930	7	26	7	0	0	1003.90	
1930	7	26	13	0	0	1004.50	
1930	7	26	18	0	0	1005.30	
1930	7	27	7	0	0	1006.70	
1930	7	27	13	0	0	1006.70	
1930	7	27	18	0	0	1004.30	
1930	7	28	7	0	0	1001.00	
1930	7	28	13	0	0	999.60	
1930	7	28	18	0	0	998.40	
1930	7	29	7	0	0	999.90	
1930	7	29	13	0	0	1002.60	
1930	7	29	18	0	0	1006.40	
1930	7	30	7	0	0	1013.20	
1930	7	30	13	0	0	1015.20	
1930	7	30	18	0	0	1016.40	
1930	7	31	7	0	0	1016.70	
1930	7	31	13	0	0	1016.30	
1930	7	31	18	0	0	1015.40	
1930	8	1	7	0	0	1012.20	
1930	8	1	13	0	0	1009.20	
1930	8	1	18	0	0	1005.80	
1930	8	2	7	0	0	993.10	
1930	8	2	13	0	0	989.10	
1930	8	2	18	0	0	988.20	
1930	8	3	7	0	0	993.10	
1930	8	3	13	0	0	994.30	
1930	8	3	18	0	0	994.60	
1930	8	4	7	0	0	996.00	
1930	8	4	13	0	0	996.40	
1930	8	4	18	0	0	996.60	
1930	8	5	7	0	0	997.90	
1930	8	5	13	0	0	997.50	
1930	8	5	18	0	0	997.40	
1930	8	6	7	0	0	998.80	
1930	8	6	13	0	0	999.10	
1930	8	6	18	0	0	1001.10	
1930	8	7	7	0	0	1005.60	
1930	8	7	13	0	0	1007.90	
1930	8	7	18	0	0	1010.30	
1930	8	8	7	0	0	1015.40	
1930	8	8	13	0	0	1016.40	
1930	8	8	18	0	0	1015.80	
1930	8	9	7	0	0	1016.60	
1930	8	9	13	0	0	1017.40	
1930	8	9	18	0	0	1016.40	
1930	8	10	7	0	0	1009.60	
1930	8	10	13	0	0	1008.60	
1930	8	10	18	0	0	1008.10	
1930	8	11	7	0	0	1007.20	
1930	8	11	13	0	0	1007.40	
1930	8	11	18	0	0	1007.50	
1930	8	12	7	0	0	1007.50	
1930	8	12	13	0	0	1008.00	
1930	8	12	18	0	0	1009.50	
1930	8	13	7	0	0	1010.40	
1930	8	13	13	0	0	1006.90	
1930	8	13	18	0	0	1001.00	
1930	8	14	7	0	0	1001.20	
1930	8	14	13	0	0	1004.20	
1930	8	14	18	0	0	1006.50	
1930	8	15	7	0	0	1009.90	
1930	8	15	13	0	0	1011.10	
1930	8	15	18	0	0	1015.70	
1930	8	16	7	0	0	1020.20	
1930	8	16	13	0	0	1019.30	
1930	8	16	18	0	0	1017.70	
1930	8	17	7	0	0	1016.50	
1930	8	17	13	0	0	1016.00	
1930	8	17	18	0	0	1013.70	
1930	8	18	7	0	0	1004.70	
1930	8	18	13	0	0	1003.00	
1930	8	18	18	0	0	1003.40	
1930	8	19	13	0	0	1007.50	
1930	8	19	18	0	0	1008.70	
1930	8	20	7	0	0	1010.00	
1930	8	20	13	0	0	1008.00	
1930	8	20	18	0	0	1005.40	
1930	8	21	7	0	0	988.40	
1930	8	21	13	0	0	987.40	
1930	8	21	18	0	0	990.70	
1930	8	22	7	0	0	1008.30	
1930	8	22	13	0	0	1011.00	
1930	8	22	18	0	0	1010.20	
1930	8	23	7	0	0	1005.40	
1930	8	23	13	0	0	1004.30	
1930	8	23	18	0	0	1006.70	
1930	8	24	7	0	0	1012.30	
1930	8	24	13	0	0	1015.30	
1930	8	24	18	0	0	1017.20	
1930	8	25	7	0	0	1021.10	
1930	8	25	13	0	0	1019.60	
1930	8	25	18	0	0	1014.70	
1930	8	26	7	0	0	1013.70	
1930	8	26	13	0	0	1015.00	
1930	8	26	18	0	0	1015.40	
1930	8	27	7	0	0	1015.90	
1930	8	27	13	0	0	1014.10	
1930	8	27	18	0	0	1015.40	
1930	8	28	7	0	0	1020.10	
1930	8	28	13	0	0	1020.00	
1930	8	28	18	0	0	1020.90	
1930	8	29	7	0	0	1020.30	
1930	8	29	13	0	0	1021.30	
1930	8	29	18	0	0	1020.80	
1930	8	30	7	0	0	1022.10	
1930	8	30	13	0	0	1022.80	
1930	8	30	18	0	0	1022.60	
1930	8	31	7	0	0	1025.60	
1930	8	31	13	0	0	1027.00	
1930	8	31	18	0	0	1027.60	
1930	9	1	7	0	0	1028.80	
1930	9	1	13	0	0	1028.80	
1930	9	1	18	0	0	1028.20	
1930	9	2	7	0	0	1029.10	
1930	9	2	13	0	0	1028.80	
1930	9	2	18	0	0	1027.60	
1930	9	3	7	0	0	1028.00	
1930	9	3	13	0	0	1026.30	
1930	9	3	18	0	0	1024.30	
1930	9	4	7	0	0	1019.80	
1930	9	4	13	0	0	1017.70	
1930	9	4	18	0	0	1015.30	
1930	9	5	7	0	0	1011.50	
1930	9	5	13	0	0	1011.00	
1930	9	5	18	0	0	1010.60	
1930	9	6	7	0	0	1009.30	
1930	9	6	13	0	0	1006.90	
1930	9	6	18	0	0	1006.80	
1930	9	7	7	0	0	1010.20	
1930	9	7	13	0	0	1012.30	
1930	9	7	18	0	0	1011.80	
1930	9	8	7	0	0	1012.10	
1930	9	8	13	0	0	1011.60	
1930	9	8	18	0	0	1010.20	
1930	9	9	7	0	0	1006.70	
1930	9	9	13	0	0	1006.90	
1930	9	9	18	0	0	1007.00	
1930	9	10	7	0	0	1010.00	
1930	9	10	13	0	0	1010.90	
1930	9	10	18	0	0	1011.50	
1930	9	11	7	0	0	1014.40	
1930	9	11	13	0	0	1014.10	
1930	9	11	18	0	0	1014.50	
1930	9	12	7	0	0	1016.00	
1930	9	12	13	0	0	1015.30	
1930	9	12	18	0	0	1013.90	
1930	9	13	7	0	0	1006.60	
1930	9	13	13	0	0	1005.10	
1930	9	13	18	0	0	1006.30	
1930	9	14	7	0	0	1013.50	
1930	9	14	13	0	0	1016.10	
1930	9	14	18	0	0	1019.10	
1930	9	15	7	0	0	1022.60	
1930	9	15	13	0	0	1022.30	
1930	9	15	18	0	0	1021.00	
1930	9	16	7	0	0	1014.80	
1930	9	16	13	0	0	1013.50	
1930	9	16	18	0	0	1013.20	
1930	9	17	7	0	0	1012.10	
1930	9	17	13	0	0	1009.00	
1930	9	17	18	0	0	1004.70	
1930	9	18	7	0	0	999.20	
1930	9	18	13	0	0	1001.80	
1930	9	18	18	0	0	1003.40	
1930	9	19	7	0	0	992.00	
1930	9	19	13	0	0	984.10	
1930	9	19	18	0	0	979.70	
1930	9	20	7	0	0	979.50	
1930	9	20	13	0	0	983.80	
1930	9	20	18	0	0	987.80	
1930	9	21	7	0	0	1003.00	
1930	9	21	13	0	0	1007.60	
1930	9	21	18	0	0	1010.50	
1930	9	22	7	0	0	1010.70	
1930	9	22	13	0	0	1010.40	
1930	9	22	18	0	0	1010.30	
1930	9	23	7	0	0	1006.10	
1930	9	23	13	0	0	1004.10	
1930	9	23	18	0	0	1003.40	
1930	9	24	7	0	0	1004.90	
1930	9	24	13	0	0	1005.90	
1930	9	24	18	0	0	1005.80	
1930	9	25	7	0	0	1011.90	
1930	9	25	13	0	0	1015.50	
1930	9	25	18	0	0	1017.40	
1930	9	26	7	0	0	1020.20	
1930	9	26	13	0	0	1021.60	
1930	9	26	18	0	0	1022.70	
1930	9	27	7	0	0	1025.70	
1930	9	27	13	0	0	1026.10	
1930	9	27	18	0	0	1027.40	
1930	9	28	13	0	0	1028.40	
1930	9	28	18	0	0	1029.40	
1930	9	29	7	0	0	1027.80	
1930	9	29	13	0	0	1026.80	
1930	9	29	18	0	0	1025.90	
1930	9	30	7	0	0	1024.90	
1930	9	30	13	0	0	1025.20	
1930	9	30	18	0	0	1026.10	
1930	10	1	7	0	0	1028.70	
1930	10	1	13	0	0	1029.50	
1930	10	1	18	0	0	1029.20	
1930	10	2	7	0	0	1030.00	
1930	10	2	13	0	0	1030.00	
1930	10	2	18	0	0	1029.60	
1930	10	3	7	0	0	1026.70	
1930	10	3	13	0	0	1026.30	
1930	10	3	18	0	0	1022.50	
1930	10	4	7	0	0	1012.60	
1930	10	4	13	0	0	1007.00	
1930	10	4	18	0	0	996.80	
1930	10	5	7	0	0	1001.30	
1930	10	5	13	0	0	998.60	
1930	10	5	18	0	0	996.80	
1930	10	6	7	0	0	996.60	
1930	10	6	13	0	0	997.20	
1930	10	6	18	0	0	997.60	
1930	10	7	7	0	0	1002.40	
1930	10	7	13	0	0	1001.90	
1930	10	7	18	0	0	998.40	
1930	10	8	7	0	0	977.80	
1930	10	8	13	0	0	982.20	
1930	10	8	18	0	0	991.10	
1930	10	9	7	0	0	1007.10	
1930	10	9	13	0	0	1010.50	
1930	10	9	18	0	0	1011.10	
1930	10	10	7	0	0	1010.80	
1930	10	10	13	0	0	1009.60	
1930	10	10	18	0	0	1007.10	
1930	10	11	7	0	0	1002.90	
1930	10	11	13	0	0	999.00	
1930	10	11	18	0	0	996.10	
1930	10	12	13	0	0	1004.90	
1930	10	12	18	0	0	1005.90	
1930	10	13	7	0	0	1006.60	
1930	10	13	13	0	0	1005.80	
1930	10	13	18	0	0	1004.90	
1930	10	14	7	0	0	1001.50	
1930	10	14	13	0	0	996.80	
1930	10	14	18	0	0	1000.10	
1930	10	15	7	0	0	995.30	
1930	10	15	13	0	0	994.80	
1930	10	15	18	0	0	996.40	
1930	10	16	7	0	0	1001.00	
1930	10	16	13	0	0	1002.40	
1930	10	16	18	0	0	999.80	
1930	10	17	7	0	0	1006.30	
1930	10	17	13	0	0	998.20	
1930	10	17	18	0	0	990.20	
1930	10	18	7	0	0	997.20	
1930	10	18	13	0	0	1001.20	
1930	10	18	18	0	0	1004.40	
1930	10	19	7	0	0	1000.60	
1930	10	19	13	0	0	993.70	
1930	10	19	18	0	0	992.60	
1930	10	20	7	0	0	995.60	
1930	10	20	13	0	0	997.20	
1930	10	20	18	0	0	998.60	
1930	10	21	7	0	0	993.10	
1930	10	21	13	0	0	993.60	
1930	10	21	18	0	0	998.20	
1930	10	22	7	0	0	1009.20	
1930	10	22	13	0	0	1009.70	
1930	10	22	18	0	0	1004.80	
1930	10	23	7	0	0	1005.20	
1930	10	23	13	0	0	1005.00	
1930	10	23	18	0	0	1003.70	
1930	10	24	7	0	0	1000.50	
1930	10	24	13	0	0	998.20	
1930	10	24	18	0	0	997.50	
1930	10	25	7	0	0	1005.20	
1930	10	25	13	0	0	1008.70	
1930	10	25	18	0	0	1011.40	
1930	10	26	7	0	0	1015.10	
1930	10	26	13	0	0	1017.10	
1930	10	26	18	0	0	1018.60	
1930	10	27	7	0	0	1016.50	
1930	10	27	13	0	0	1015.00	
1930	10	27	18	0	0	1013.40	
1930	10	28	7	0	0	1008.60	
1930	10	28	13	0	0	1008.90	
1930	10	28	18	0	0	1011.00	
1930	10	29	7	0	0	1006.60	
1930	10	29	13	0	0	1005.10	
1930	10	29	18	0	0	1003.10	
1930	10	30	7	0	0	1003.60	
1930	10	30	13	0	0	1005.00	
1930	10	30	18	0	0	1008.80	
1930	10	31	7	0	0	1016.80	
1930	10	31	13	0	0	1016.80	
1930	10	31	18	0	0	1015.10	
1930	11	1	7	0	0	1005.30	
1930	11	1	13	0	0	1003.90	
1930	11	1	18	0	0	1001.80	
1930	11	2	7	0	0	975.60	
1930	11	2	13	0	0	971.40	
1930	11	2	18	0	0	977.10	
1930	11	3	7	0	0	993.80	
1930	11	3	13	0	0	993.40	
1930	11	3	18	0	0	995.10	
1930	11	4	7	0	0	1004.20	
1930	11	4	13	0	0	1010.50	
1930	11	4	18	0	0	1009.50	
1930	11	5	7	0	0	1002.30	
1930	11	5	13	0	0	1002.70	
1930	11	5	18	0	0	1005.40	
1930	11	6	7	0	0	1011.90	
1930	11	6	13	0	0	1012.60	
1930	11	6	18	0	0	1012.80	
1930	11	7	7	0	0	1013.80	
1930	11	7	13	0	0	1009.40	
1930	11	7	18	0	0	999.90	
1930	11	8	7	0	0	1015.60	
1930	11	8	13	0	0	1020.20	
1930	11	8	18	0	0	1019.60	
1930	11	9	7	0	0	1016.00	
1930	11	9	13	0	0	1020.20	
1930	11	9	18	0	0	1022.90	
1930	11	10	7	0	0	1026.10	
1930	11	10	13	0	0	1027.40	
1930	11	10	18	0	0	1028.80	
1930	11	11	7	0	0	1034.50	
1930	11	11	13	0	0	1037.40	
1930	11	11	18	0	0	1039.00	
1930	11	12	7	0	0	1037.10	
1930	11	12	13	0	0	1034.70	
1930	11	12	18	0	0	1032.90	
1930	11	13	7	0	0	1030.20	
1930	11	13	13	0	0	1029.10	
1930	11	13	18	0	0	1027.80	
1930	11	14	7	0	0	1021.00	
1930	11	14	13	0	0	1018.00	
1930	11	14	18	0	0	1014.00	
1930	11	15	7	0	0	1009.00	
1930	11	15	13	0	0	1014.10	
1930	11	15	18	0	0	1017.60	
1930	11	16	7	0	0	1024.30	
1930	11	16	13	0	0	1025.30	
1930	11	16	18	0	0	1027.10	
1930	11	17	7	0	0	1028.10	
1930	11	17	13	0	0	1028.60	
1930	11	17	18	0	0	1028.10	
1930	11	18	7	0	0	1018.90	
1930	11	18	13	0	0	1010.60	
1930	11	18	18	0	0	1000.60	
1930	11	19	7	0	0	999.60	
1930	11	19	13	0	0	1007.50	
1930	11	19	18	0	0	1010.00	
1930	11	20	7	0	0	994.20	
1930	11	20	13	0	0	985.50	
1930	11	20	18	0	0	982.70	
1930	11	21	7	0	0	986.50	
1930	11	21	13	0	0	984.40	
1930	11	21	18	0	0	980.40	
1930	11	22	7	0	0	978.10	
1930	11	22	13	0	0	979.80	
1930	11	22	18	0	0	991.80	
1930	11	23	7	0	0	1013.40	
1930	11	23	13	0	0	1016.40	
1930	11	23	18	0	0	1014.90	
1930	11	24	7	0	0	991.50	
1930	11	24	13	0	0	974.80	
1930	11	24	18	0	0	980.30	
1930	11	25	7	0	0	987.90	
1930	11	25	13	0	0	979.60	
1930	11	25	18	0	0	976.70	
1930	11	26	7	0	0	984.30	
1930	11	26	13	0	0	986.30	
1930	11	26	18	0	0	989.20	
1930	11	27	7	0	0	1000.50	
1930	11	27	13	0	0	1004.60	
1930	11	27	18	0	0	1008.10	
1930	11	28	7	0	0	1010.10	
1930	11	28	13	0	0	1010.10	
1930	11	28	18	0	0	1011.90	
1930	11	29	7	0	0	1016.90	
1930	11	29	13	0	0	1017.60	
1930	11	29	18	0	0	1019.80	
1930	11	30	7	0	0	1024.80	
1930	11	30	13	0	0	1024.40	
1930	11	30	18	0	0	1023.00	
1930	12	1	7	0	0	1022.10	
1930	12	1	13	0	0	1022.40	
1930	12	1	18	0	0	1021.60	
1930	12	2	7	0	0	1023.60	
1930	12	2	13	0	0	1026.10	
1930	12	2	18	0	0	1028.40	
1930	12	3	7	0	0	1031.80	
1930	12	3	13	0	0	1032.30	
1930	12	3	18	0	0	1032.60	
1930	12	4	7	0	0	1029.30	
1930	12	4	13	0	0	1026.40	
1930	12	4	18	0	0	1024.50	
1930	12	5	7	0	0	1022.10	
1930	12	5	13	0	0	1022.10	
1930	12	5	18	0	0	1021.10	
1930	12	6	7	0	0	1014.40	
1930	12	6	13	0	0	1010.90	
1930	12	6	18	0	0	1008.10	
1930	12	7	7	0	0	1008.10	
1930	12	7	13	0	0	1008.00	
1930	12	7	18	0	0	1006.70	
1930	12	8	7	0	0	996.90	
1930	12	8	13	0	0	998.20	
1930	12	8	18	0	0	999.30	
1930	12	9	7	0	0	1001.30	
1930	12	9	13	0	0	1005.40	
1930	12	9	18	0	0	1008.60	
1930	12	10	7	0	0	1010.40	
1930	12	10	13	0	0	1008.40	
1930	12	10	18	0	0	1005.20	
1930	12	11	7	0	0	982.10	
1930	12	11	13	0	0	983.60	
1930	12	11	18	0	0	992.00	
1930	12	12	7	0	0	998.60	
1930	12	12	13	0	0	997.50	
1930	12	12	18	0	0	990.30	
1930	12	13	7	0	0	982.50	
1930	12	13	13	0	0	984.10	
1930	12	13	18	0	0	988.00	
1930	12	14	7	0	0	995.30	
1930	12	14	13	0	0	996.50	
1930	12	14	18	0	0	1000.50	
1930	12	15	7	0	0	1007.60	
1930	12	15	13	0	0	1008.10	
1930	12	15	18	0	0	1005.00	
1930	12	16	7	0	0	1000.10	
1930	12	16	13	0	0	1005.00	
1930	12	16	18	0	0	1010.00	
1930	12	17	7	0	0	1018.70	
1930	12	17	13	0	0	1021.00	
1930	12	17	18	0	0	1022.50	
1930	12	18	7	0	0	1023.40	
1930	12	18	13	0	0	1024.70	
1930	12	18	18	0	0	1027.40	
1930	12	19	7	0	0	1030.30	
1930	12	19	13	0	0	1032.50	
1930	12	19	18	0	0	1030.30	
1930	12	20	7	0	0	1029.30	
1930	12	20	13	0	0	1031.20	
1930	12	20	18	0	0	1032.60	
1930	12	21	7	0	0	1035.00	
1930	12	21	13	0	0	1035.10	
1930	12	21	18	0	0	1035.10	
1930	12	22	7	0	0	1034.60	
1930	12	22	13	0	0	1033.10	
1930	12	22	18	0	0	1030.10	
1930	12	23	7	0	0	1016.50	
1930	12	23	13	0	0	1013.50	
1930	12	23	18	0	0	1012.40	
1930	12	24	7	0	0	1008.30	
1930	12	24	13	0	0	1005.10	
1930	12	24	18	0	0	1001.90	
1930	12	25	7	0	0	1000.90	
1930	12	25	13	0	0	1001.70	
1930	12	25	18	0	0	1001.40	
1930	12	26	13	0	0	984.30	
1930	12	26	18	0	0	991.40	
1930	12	27	7	0	0	984.00	
1930	12	27	13	0	0	982.60	
1930	12	27	18	0	0	985.50	
1930	12	28	7	0	0	998.30	
1930	12	28	13	0	0	997.40	
1930	12	28	18	0	0	985.00	
1930	12	29	7	0	0	985.70	
1930	12	29	13	0	0	990.60	
1930	12	29	18	0	0	995.00	
1930	12	30	7	0	0	991.90	
1930	12	30	13	0	0	986.90	
1930	12	30	18	0	0	983.80	
1930	12	31	7	0	0	989.00	
1930	12	31	13	0	0	990.70	
1930	12	31	18	0	0	990.60	
1931	1	1	7	0	0	990.20	
1931	1	1	13	0	0	989.90	
1931	1	1	18	0	0	990.50	
1931	1	2	7	0	0	996.10	
1931	1	2	13	0	0	997.60	
1931	1	2	18	0	0	996.30	
1931	1	3	7	0	0	996.60	
1931	1	3	13	0	0	995.90	
1931	1	3	18	0	0	994.90	
1931	1	4	7	0	0	1004.50	
1931	1	4	13	0	0	1009.40	
1931	1	4	18	0	0	1013.20	
1931	1	5	7	0	0	1018.90	
1931	1	5	13	0	0	1022.10	
1931	1	5	18	0	0	1022.90	
1931	1	6	7	0	0	1028.00	
1931	1	6	13	0	0	1029.70	
1931	1	6	18	0	0	1030.90	
1931	1	7	7	0	0	1033.30	
1931	1	7	13	0	0	1034.40	
1931	1	7	18	0	0	1033.80	
1931	1	8	7	0	0	1031.30	
1931	1	8	13	0	0	1028.70	
1931	1	8	18	0	0	1027.10	
1931	1	9	7	0	0	1030.60	
1931	1	9	13	0	0	1030.80	
1931	1	9	18	0	0	1030.40	
1931	1	10	7	0	0	1028.80	
1931	1	10	13	0	0	1027.70	
1931	1	10	18	0	0	1026.90	
1931	1	11	7	0	0	1020.00	
1931	1	11	13	0	0	1015.30	
1931	1	11	18	0	0	1013.40	
1931	1	12	7	0	0	1005.80	
1931	1	12	13	0	0	1005.00	
1931	1	12	18	0	0	1006.30	
1931	1	13	7	0	0	1018.10	
1931	1	13	13	0	0	1021.20	
1931	1	13	18	0	0	1022.90	
1931	1	14	7	0	0	1022.80	
1931	1	14	13	0	0	1019.80	
1931	1	14	18	0	0	1017.20	
1931	1	15	7	0	0	1015.20	
1931	1	15	13	0	0	1016.20	
1931	1	15	18	0	0	1016.40	
1931	1	16	7	0	0	1008.80	
1931	1	16	13	0	0	1002.60	
1931	1	16	18	0	0	999.90	
1931	1	17	7	0	0	1003.50	
1931	1	17	13	0	0	1008.10	
1931	1	17	18	0	0	1011.50	
1931	1	18	7	0	0	1014.00	
1931	1	18	13	0	0	1012.30	
1931	1	18	18	0	0	1010.60	
1931	1	19	7	0	0	1009.30	
1931	1	19	13	0	0	1011.20	
1931	1	19	18	0	0	1010.70	
1931	1	20	7	0	0	1012.60	
1931	1	20	13	0	0	1017.20	
1931	1	20	18	0	0	1018.30	
1931	1	21	7	0	0	1013.00	
1931	1	21	13	0	0	1011.10	
1931	1	21	18	0	0	1009.30	
1931	1	22	7	0	0	1009.00	
1931	1	22	13	0	0	1006.50	
1931	1	22	18	0	0	998.40	
1931	1	23	7	0	0	986.70	
1931	1	23	13	0	0	981.00	
1931	1	23	18	0	0	973.30	
1931	1	24	7	0	0	986.60	
1931	1	24	13	0	0	991.30	
1931	1	24	18	0	0	995.10	
1931	1	25	7	0	0	1003.70	
1931	1	25	13	0	0	1005.50	
1931	1	25	18	0	0	1007.50	
1931	1	26	7	0	0	1017.70	
1931	1	26	13	0	0	1020.10	
1931	1	26	18	0	0	1022.80	
1931	1	27	7	0	0	1020.30	
1931	1	27	13	0	0	1013.20	
1931	1	27	18	0	0	1004.00	
1931	1	28	7	0	0	1005.50	
1931	1	28	13	0	0	1006.80	
1931	1	28	18	0	0	1003.90	
1931	1	29	7	0	0	997.20	
1931	1	29	13	0	0	998.70	
1931	1	29	18	0	0	1003.60	
1931	1	30	7	0	0	1013.90	
1931	1	30	13	0	0	1017.60	
1931	1	30	18	0	0	1018.30	
1931	1	31	7	0	0	1004.90	
1931	1	31	13	0	0	992.90	
1931	1	31	18	0	0	988.10	
1931	2	1	7	0	0	1006.20	
1931	2	1	13	0	0	1011.50	
1931	2	1	18	0	0	1014.10	
1931	2	2	7	0	0	1013.70	
1931	2	2	13	0	0	1017.00	
1931	2	2	18	0	0	1017.90	
1931	2	3	7	0	0	1026.60	
1931	2	3	13	0	0	1027.40	
1931	2	3	18	0	0	1026.90	
1931	2	4	7	0	0	1024.30	
1931	2	4	13	0	0	1024.30	
1931	2	4	18	0	0	1026.20	
1931	2	5	7	0	0	1022.30	
1931	2	5	13	0	0	1017.30	
1931	2	5	18	0	0	1011.80	
1931	2	6	7	0	0	1008.50	
1931	2	6	13	0	0	1011.80	
1931	2	6	18	0	0	1012.20	
1931	2	7	7	0	0	1011.30	
1931	2	7	13	0	0	1009.80	
1931	2	7	18	0	0	1008.50	
1931	2	8	7	0	0	997.90	
1931	2	8	13	0	0	997.40	
1931	2	9	7	0	0	1006.30	
1931	2	9	13	0	0	1008.20	
1931	2	9	18	0	0	1003.40	
1931	2	10	7	0	0	999.70	
1931	2	10	13	0	0	1006.40	
1931	2	10	18	0	0	1011.50	
1931	2	11	7	0	0	1004.70	
1931	2	11	13	0	0	992.90	
1931	2	11	18	0	0	990.50	
1931	2	12	7	0	0	997.80	
1931	2	12	13	0	0	1000.20	
1931	2	12	18	0	0	1000.10	
1931	2	13	7	0	0	997.80	
1931	2	13	13	0	0	1005.50	
1931	2	13	18	0	0	1009.70	
1931	2	14	7	0	0	1017.10	
1931	2	14	13	0	0	1016.70	
1931	2	14	18	0	0	1012.10	
1931	2	15	7	0	0	1007.20	
1931	2	15	13	0	0	1005.90	
1931	2	15	18	0	0	1001.80	
1931	2	16	7	0	0	989.30	
1931	2	16	13	0	0	991.70	
1931	2	16	18	0	0	993.20	
1931	2	17	7	0	0	1004.60	
1931	2	17	13	0	0	1009.60	
1931	2	17	18	0	0	1015.50	
1931	2	18	7	0	0	1021.20	
1931	2	18	13	0	0	1021.20	
1931	2	18	18	0	0	1021.10	
1931	2	19	7	0	0	1013.00	
1931	2	19	13	0	0	1011.20	
1931	2	19	18	0	0	1009.70	
1931	2	20	7	0	0	997.40	
1931	2	20	13	0	0	998.40	
1931	2	21	7	0	0	1000.40	
1931	2	21	13	0	0	1007.30	
1931	2	21	18	0	0	1009.50	
1931	2	22	7	0	0	1014.10	
1931	2	22	13	0	0	1013.20	
1931	2	22	18	0	0	1014.70	
1931	2	23	7	0	0	1017.80	
1931	2	23	13	0	0	1020.60	
1931	2	23	18	0	0	1023.30	
1931	2	24	7	0	0	1023.30	
1931	2	24	13	0	0	1019.50	
1931	2	24	18	0	0	1017.90	
1931	2	25	7	0	0	1016.60	
1931	2	25	13	0	0	1014.20	
1931	2	25	18	0	0	1013.00	
1931	2	26	7	0	0	1011.10	
1931	2	26	13	0	0	1014.60	
1931	2	26	18	0	0	1016.10	
1931	2	27	7	0	0	1014.40	
1931	2	27	13	0	0	1009.90	
1931	2	27	18	0	0	1004.80	
1931	2	28	7	0	0	994.80	
1931	2	28	13	0	0	995.40	
1931	2	28	18	0	0	988.60	
1931	3	1	7	0	0	1005.90	
1931	3	1	13	0	0	1011.20	
1931	3	1	18	0	0	1014.20	
1931	3	2	7	0	0	1013.10	
1931	3	2	13	0	0	1011.00	
1931	3	2	18	0	0	1009.60	
1931	3	3	7	0	0	1008.30	
1931	3	3	13	0	0	1008.50	
1931	3	3	18	0	0	1008.00	
1931	3	4	7	0	0	1010.20	
1931	3	4	13	0	0	1011.80	
1931	3	4	18	0	0	1013.30	
1931	3	5	7	0	0	1013.30	
1931	3	5	13	0	0	1012.60	
1931	3	5	18	0	0	1010.90	
1931	3	6	7	0	0	1011.50	
1931	3	6	13	0	0	1011.70	
1931	3	6	18	0	0	1011.70	
1931	3	7	7	0	0	1012.20	
1931	3	7	13	0	0	1012.00	
1931	3	7	18	0	0	1011.80	
1931	3	8	7	0	0	1015.10	
1931	3	8	13	0	0	1015.00	
1931	3	8	18	0	0	1015.10	
1931	3	9	7	0	0	1013.90	
1931	3	9	13	0	0	1014.10	
1931	3	9	18	0	0	1013.50	
1931	3	10	7	0	0	1009.20	
1931	3	10	13	0	0	1009.60	
1931	3	10	18	0	0	1010.10	
1931	3	11	7	0	0	1014.90	
1931	3	11	13	0	0	1015.10	
1931	3	11	18	0	0	1014.30	
1931	3	12	7	0	0	1012.00	
1931	3	12	13	0	0	1010.70	
1931	3	12	18	0	0	1008.20	
1931	3	13	7	0	0	999.70	
1931	3	13	13	0	0	998.00	
1931	3	13	18	0	0	996.70	
1931	3	14	18	0	0	1002.80	
1931	3	15	7	0	0	1007.10	
1931	3	15	13	0	0	1008.90	
1931	3	16	7	0	0	1011.40	
1931	3	16	13	0	0	1011.30	
1931	3	16	18	0	0	1010.80	
1931	3	17	7	0	0	1009.90	
1931	3	17	13	0	0	1010.30	
1931	3	17	18	0	0	1009.80	
1931	3	18	7	0	0	1008.40	
1931	3	18	13	0	0	1007.20	
1931	3	18	18	0	0	1005.80	
1931	3	19	7	0	0	1007.40	
1931	3	19	13	0	0	1005.70	
1931	3	19	18	0	0	1004.30	
1931	3	20	7	0	0	1004.70	
1931	3	20	13	0	0	1004.30	
1931	3	20	18	0	0	1003.60	
1931	3	21	7	0	0	1002.60	
1931	3	21	13	0	0	1004.10	
1931	3	21	18	0	0	1005.90	
1931	3	22	7	0	0	1009.80	
1931	3	22	13	0	0	1011.40	
1931	3	22	18	0	0	1012.10	
1931	3	23	7	0	0	1017.40	
1931	3	23	13	0	0	1020.00	
1931	3	23	18	0	0	1022.30	
1931	3	24	7	0	0	1031.80	
1931	3	24	13	0	0	1033.70	
1931	3	24	18	0	0	1033.80	
1931	3	25	7	0	0	1034.20	
1931	3	25	13	0	0	1033.50	
1931	3	25	18	0	0	1032.00	
1931	3	26	7	0	0	1031.60	
1931	3	26	13	0	0	1030.60	
1931	3	26	18	0	0	1029.30	
1931	3	27	7	0	0	1027.00	
1931	3	27	13	0	0	1024.90	
1931	3	27	18	0	0	1022.70	
1931	3	28	7	0	0	1022.30	
1931	3	28	13	0	0	1024.30	
1931	3	28	18	0	0	1024.20	
1931	3	29	7	0	0	1023.60	
1931	3	29	13	0	0	1022.50	
1931	3	29	18	0	0	1020.10	
1931	3	30	7	0	0	1018.70	
1931	3	30	13	0	0	1018.70	
1931	3	30	18	0	0	1017.90	
1931	3	31	7	0	0	1017.30	
1931	3	31	13	0	0	1017.00	
1931	3	31	18	0	0	1015.40	
1931	4	1	7	0	0	1011.30	
1931	4	1	13	0	0	1010.20	
1931	4	1	18	0	0	1007.20	
1931	4	2	7	0	0	1002.20	
1931	4	2	13	0	0	1003.00	
1931	4	2	18	0	0	1005.00	
1931	4	3	7	0	0	1009.20	
1931	4	3	13	0	0	1012.00	
1931	4	3	18	0	0	1014.20	
1931	4	4	7	0	0	1015.90	
1931	4	4	13	0	0	1013.70	
1931	4	4	18	0	0	1011.60	
1931	4	5	7	0	0	1009.40	
1931	4	5	13	0	0	1008.50	
1931	4	5	18	0	0	1006.50	
1931	4	6	7	0	0	1007.40	
1931	4	6	13	0	0	1008.10	
1931	4	6	18	0	0	1007.70	
1931	4	7	7	0	0	1005.90	
1931	4	7	13	0	0	1004.40	
1931	4	7	18	0	0	1004.30	
1931	4	8	7	0	0	1005.90	
1931	4	8	13	0	0	1006.20	
1931	4	8	18	0	0	1006.70	
1931	4	9	7	0	0	1014.40	
1931	4	9	13	0	0	1017.80	
1931	4	9	18	0	0	1019.70	
1931	4	10	7	0	0	1024.70	
1931	4	10	13	0	0	1024.00	
1931	4	10	18	0	0	1022.60	
1931	4	11	7	0	0	1019.60	
1931	4	11	13	0	0	1015.90	
1931	4	11	18	0	0	1013.10	
1931	4	12	7	0	0	1017.00	
1931	4	12	13	0	0	1016.30	
1931	4	12	18	0	0	1017.90	
1931	4	13	7	0	0	1027.10	
1931	4	13	13	0	0	1026.50	
1931	4	13	18	0	0	1025.00	
1931	4	14	7	0	0	1025.40	
1931	4	14	13	0	0	1025.80	
1931	4	14	18	0	0	1025.40	
1931	4	15	7	0	0	1019.30	
1931	4	15	13	0	0	1018.20	
1931	4	15	18	0	0	1021.10	
1931	4	16	7	0	0	1025.00	
1931	4	16	13	0	0	1022.50	
1931	4	16	18	0	0	1018.90	
1931	4	17	7	0	0	1010.20	
1931	4	17	13	0	0	1008.70	
1931	4	17	18	0	0	1010.20	
1931	4	18	7	0	0	1016.00	
1931	4	18	13	0	0	1016.90	
1931	4	18	18	0	0	1018.50	
1931	4	19	7	0	0	1022.80	
1931	4	19	13	0	0	1022.90	
1931	4	19	18	0	0	1022.00	
1931	4	20	7	0	0	1022.40	
1931	4	20	13	0	0	1020.90	
1931	4	20	18	0	0	1019.60	
1931	4	21	7	0	0	1018.40	
1931	4	21	13	0	0	1016.50	
1931	4	21	18	0	0	1015.20	
1931	4	22	7	0	0	1011.60	
1931	4	22	13	0	0	1009.10	
1931	4	22	18	0	0	1007.30	
1931	4	23	7	0	0	1000.30	
1931	4	23	13	0	0	997.70	
1931	4	23	18	0	0	996.10	
1931	4	24	7	0	0	994.00	
1931	4	24	13	0	0	990.80	
1931	4	24	18	0	0	988.80	
1931	4	25	7	0	0	988.00	
1931	4	25	13	0	0	988.10	
1931	4	25	18	0	0	988.60	
1931	4	26	7	0	0	991.30	
1931	4	26	13	0	0	995.10	
1931	4	26	18	0	0	999.20	
1931	4	27	7	0	0	1006.30	
1931	4	27	13	0	0	1009.20	
1931	4	27	18	0	0	1012.20	
1931	4	28	7	0	0	1014.40	
1931	4	28	13	0	0	1014.80	
1931	4	28	18	0	0	1016.50	
1931	4	29	7	0	0	1019.40	
1931	4	29	13	0	0	1018.90	
1931	4	29	18	0	0	1018.40	
1931	4	30	7	0	0	1017.20	
1931	4	30	13	0	0	1014.90	
1931	4	30	18	0	0	1014.00	
1931	5	1	7	0	0	1010.30	
1931	5	1	13	0	0	1009.00	
1931	5	1	18	0	0	1008.60	
1931	5	2	7	0	0	1009.20	
1931	5	2	13	0	0	1008.70	
1931	5	2	18	0	0	1008.50	
1931	5	3	7	0	0	1007.70	
1931	5	3	13	0	0	1006.00	
1931	5	3	18	0	0	1004.60	
1931	5	4	7	0	0	1001.50	
1931	5	4	13	0	0	999.50	
1931	5	4	18	0	0	999.50	
1931	5	5	7	0	0	1001.90	
1931	5	5	13	0	0	1003.20	
1931	5	5	18	0	0	1004.40	
1931	5	6	7	0	0	1008.30	
1931	5	6	13	0	0	1009.80	
1931	5	6	18	0	0	1010.40	
1931	5	7	7	0	0	1011.80	
1931	5	7	13	0	0	1012.30	
1931	5	7	18	0	0	1014.20	
1931	5	8	7	0	0	1018.10	
1931	5	8	13	0	0	1020.50	
1931	5	8	18	0	0	1022.30	
1931	5	9	7	0	0	1023.20	
1931	5	9	13	0	0	1021.80	
1931	5	9	18	0	0	1019.40	
1931	5	10	7	0	0	1015.10	
1931	5	10	13	0	0	1011.70	
1931	5	10	18	0	0	1009.00	
1931	5	11	7	0	0	1006.90	
1931	5	11	13	0	0	1009.70	
1931	5	11	18	0	0	1011.90	
1931	5	12	7	0	0	1015.20	
1931	5	12	13	0	0	1013.80	
1931	5	12	18	0	0	1012.90	
1931	5	13	7	0	0	1006.60	
1931	5	13	13	0	0	1003.90	
1931	5	13	18	0	0	1001.40	
1931	5	14	7	0	0	998.20	
1931	5	14	13	0	0	999.70	
1931	5	14	18	0	0	1001.90	
1931	5	15	7	0	0	1003.00	
1931	5	15	13	0	0	1001.90	
1931	5	15	18	0	0	1001.50	
1931	5	16	7	0	0	1003.90	
1931	5	16	13	0	0	1003.20	
1931	5	16	18	0	0	1003.20	
1931	5	17	7	0	0	1003.10	
1931	5	17	13	0	0	1002.40	
1931	5	17	18	0	0	1001.30	
1931	5	18	7	0	0	1002.40	
1931	5	18	13	0	0	1003.70	
1931	5	18	18	0	0	1005.20	
1931	5	19	7	0	0	1010.40	
1931	5	19	13	0	0	1013.90	
1931	5	19	18	0	0	1015.30	
1931	5	20	7	0	0	1018.90	
1931	5	20	13	0	0	1017.40	
1931	5	20	18	0	0	1015.70	
1931	5	21	7	0	0	1013.30	
1931	5	21	13	0	0	1012.50	
1931	5	21	18	0	0	1011.00	
1931	5	22	7	0	0	1010.70	
1931	5	22	13	0	0	1009.90	
1931	5	22	18	0	0	1009.80	
1931	5	23	7	0	0	1008.00	
1931	5	23	13	0	0	1007.50	
1931	5	23	18	0	0	1007.10	
1931	5	24	7	0	0	1003.40	
1931	5	24	13	0	0	1002.30	
1931	5	24	18	0	0	1002.20	
1931	5	25	7	0	0	1009.50	
1931	5	25	13	0	0	1010.90	
1931	5	25	18	0	0	1012.30	
1931	5	26	7	0	0	1015.30	
1931	5	26	13	0	0	1017.10	
1931	5	26	18	0	0	1017.00	
1931	5	27	7	0	0	1017.70	
1931	5	27	13	0	0	1016.20	
1931	5	27	18	0	0	1013.20	
1931	5	28	7	0	0	1007.50	
1931	5	28	13	0	0	1004.10	
1931	5	28	18	0	0	1000.30	
1931	5	29	7	0	0	1006.00	
1931	5	29	13	0	0	1005.70	
1931	5	29	18	0	0	1003.20	
1931	5	30	7	0	0	1002.50	
1931	5	30	13	0	0	1003.80	
1931	5	30	18	0	0	1004.50	
1931	5	31	7	0	0	1005.00	
1931	5	31	13	0	0	1004.90	
1931	5	31	18	0	0	1005.30	
1931	6	1	7	0	0	1008.80	
1931	6	1	13	0	0	1009.70	
1931	6	1	18	0	0	1010.80	
1931	6	2	7	0	0	1014.40	
1931	6	2	13	0	0	1013.20	
1931	6	3	7	0	0	1016.30	
1931	6	3	13	0	0	1017.80	
1931	6	3	18	0	0	1017.70	
1931	6	4	7	0	0	1017.20	
1931	6	4	13	0	0	1016.70	
1931	6	4	18	0	0	1015.40	
1931	6	5	7	0	0	1015.70	
1931	6	5	13	0	0	1014.80	
1931	6	5	18	0	0	1012.40	
1931	6	6	7	0	0	1007.00	
1931	6	6	13	0	0	1006.30	
1931	6	6	18	0	0	1005.40	
1931	6	7	7	0	0	1003.40	
1931	6	7	13	0	0	1002.90	
1931	6	7	18	0	0	1001.80	
1931	6	8	7	0	0	1002.40	
1931	6	8	13	0	0	1004.20	
1931	6	8	18	0	0	1004.50	
1931	6	9	7	0	0	1003.90	
1931	6	9	13	0	0	1002.60	
1931	6	9	18	0	0	1002.20	
1931	6	10	7	0	0	1002.50	
1931	6	10	13	0	0	999.20	
1931	6	10	18	0	0	998.40	
1931	6	11	7	0	0	1008.90	
1931	6	11	13	0	0	1011.70	
1931	6	11	18	0	0	1011.90	
1931	6	12	7	0	0	1014.30	
1931	6	12	13	0	0	1016.70	
1931	6	12	18	0	0	1018.60	
1931	6	13	7	0	0	1019.60	
1931	6	13	13	0	0	1017.80	
1931	6	13	18	0	0	1014.60	
1931	6	14	7	0	0	1004.60	
1931	6	14	13	0	0	1000.80	
1931	6	14	18	0	0	997.90	
1931	6	15	7	0	0	1007.90	
1931	6	15	13	0	0	1007.90	
1931	6	15	18	0	0	1006.00	
1931	6	16	7	0	0	1004.20	
1931	6	16	13	0	0	1006.20	
1931	6	16	18	0	0	1006.70	
1931	6	17	7	0	0	1007.00	
1931	6	17	13	0	0	1006.70	
1931	6	17	18	0	0	1006.20	
1931	6	18	7	0	0	1005.70	
1931	6	18	13	0	0	1005.30	
1931	6	18	18	0	0	1002.90	
1931	6	19	7	0	0	1006.40	
1931	6	19	13	0	0	1011.40	
1931	6	19	18	0	0	1015.30	
1931	6	20	7	0	0	1022.00	
1931	6	20	13	0	0	1022.00	
1931	6	20	18	0	0	1020.50	
1931	6	21	7	0	0	1019.50	
1931	6	21	13	0	0	1019.40	
1931	6	21	18	0	0	1019.10	
1931	6	22	7	0	0	1017.80	
1931	6	22	13	0	0	1018.80	
1931	6	22	18	0	0	1019.60	
1931	6	23	7	0	0	1015.70	
1931	6	23	13	0	0	1015.80	
1931	6	23	18	0	0	1016.20	
1931	6	24	7	0	0	1021.60	
1931	6	24	13	0	0	1023.90	
1931	6	24	18	0	0	1025.40	
1931	6	25	7	0	0	1028.00	
1931	6	25	13	0	0	1027.40	
1931	6	25	18	0	0	1026.40	
1931	6	26	7	0	0	1025.80	
1931	6	26	13	0	0	1025.40	
1931	6	26	18	0	0	1025.00	
1931	6	27	7	0	0	1023.70	
1931	6	27	13	0	0	1024.20	
1931	6	27	18	0	0	1024.40	
1931	6	28	7	0	0	1025.00	
1931	6	28	13	0	0	1025.20	
1931	6	28	18	0	0	1024.60	
1931	6	29	7	0	0	1026.00	
1931	6	29	13	0	0	1025.90	
1931	6	29	18	0	0	1026.30	
1931	6	30	7	0	0	1025.70	
1931	6	30	13	0	0	1023.60	
1931	6	30	18	0	0	1021.20	
1931	7	1	7	0	0	1016.90	
1931	7	1	13	0	0	1014.30	
1931	7	1	18	0	0	1011.90	
1931	7	2	7	0	0	1004.90	
1931	7	2	13	0	0	1004.40	
1931	7	2	18	0	0	1005.90	
1931	7	3	7	0	0	1000.80	
1931	7	3	13	0	0	998.60	
1931	7	3	18	0	0	998.00	
1931	7	4	7	0	0	997.80	
1931	7	4	13	0	0	998.70	
1931	7	4	18	0	0	1000.40	
1931	7	5	7	0	0	1004.80	
1931	7	5	13	0	0	1004.70	
1931	7	5	18	0	0	1005.90	
1931	7	6	7	0	0	1009.00	
1931	7	6	13	0	0	1007.50	
1931	7	6	18	0	0	1008.00	
1931	7	7	7	0	0	1008.80	
1931	7	7	13	0	0	1008.30	
1931	7	7	18	0	0	1008.00	
1931	7	8	7	0	0	1007.20	
1931	7	8	13	0	0	1006.80	
1931	7	8	18	0	0	1007.20	
1931	7	9	7	0	0	1007.40	
1931	7	9	13	0	0	1007.70	
1931	7	9	18	0	0	1008.00	
1931	7	10	7	0	0	1009.00	
1931	7	10	13	0	0	1009.20	
1931	7	10	18	0	0	1009.90	
1931	7	11	7	0	0	1012.10	
1931	7	11	13	0	0	1012.20	
1931	7	11	18	0	0	1010.50	
1931	7	12	7	0	0	1002.90	
1931	7	12	13	0	0	1000.60	
1931	7	12	18	0	0	1000.90	
1931	7	13	7	0	0	1002.60	
1931	7	13	13	0	0	1001.50	
1931	7	13	18	0	0	1001.20	
1931	7	14	7	0	0	998.10	
1931	7	14	13	0	0	997.50	
1931	7	14	18	0	0	998.30	
1931	7	15	7	0	0	1003.30	
1931	7	15	13	0	0	1005.30	
1931	7	15	18	0	0	1007.90	
1931	7	16	7	0	0	1012.00	
1931	7	16	13	0	0	1012.20	
1931	7	16	18	0	0	1011.00	
1931	7	17	7	0	0	1010.10	
1931	7	17	13	0	0	1006.50	
1931	7	17	18	0	0	999.70	
1931	7	18	7	0	0	1006.60	
1931	7	18	13	0	0	1008.30	
1931	7	18	18	0	0	1007.70	
1931	7	19	7	0	0	1007.00	
1931	7	19	13	0	0	1006.10	
1931	7	19	18	0	0	1008.60	
1931	7	20	7	0	0	1015.20	
1931	7	20	13	0	0	1017.70	
1931	7	20	18	0	0	1019.10	
1931	7	21	7	0	0	1019.70	
1931	7	21	13	0	0	1018.40	
1931	7	21	18	0	0	1015.40	
1931	7	22	7	0	0	1011.80	
1931	7	22	13	0	0	1008.10	
1931	7	22	18	0	0	1005.10	
1931	7	23	7	0	0	1007.80	
1931	7	23	13	0	0	1009.40	
1931	7	23	18	0	0	1009.40	
1931	7	24	7	0	0	1006.10	
1931	7	24	13	0	0	1003.00	
1931	7	25	7	0	0	997.90	
1931	7	25	13	0	0	997.90	
1931	7	25	18	0	0	998.10	
1931	7	26	7	0	0	999.90	
1931	7	26	13	0	0	999.50	
1931	7	26	18	0	0	999.60	
1931	7	27	7	0	0	1001.00	
1931	7	27	13	0	0	1001.40	
1931	7	27	18	0	0	1003.50	
1931	7	28	7	0	0	1008.50	
1931	7	28	13	0	0	1012.00	
1931	7	28	18	0	0	1014.20	
1931	7	29	7	0	0	1010.90	
1931	7	29	13	0	0	1006.60	
1931	7	29	18	0	0	1005.00	
1931	7	30	7	0	0	1006.40	
1931	7	30	13	0	0	1008.00	
1931	7	30	18	0	0	1008.30	
1931	7	31	7	0	0	1009.10	
1931	7	31	13	0	0	1009.60	
1931	7	31	18	0	0	1010.60	
1931	8	1	7	0	0	1014.00	
1931	8	1	13	0	0	1015.20	
1931	8	1	18	0	0	1015.70	
1931	8	2	7	0	0	1020.00	
1931	8	2	13	0	0	1021.60	
1931	8	2	18	0	0	1023.20	
1931	8	3	7	0	0	1029.00	
1931	8	3	13	0	0	1028.90	
1931	8	3	18	0	0	1028.50	
1931	8	4	7	0	0	1028.80	
1931	8	4	13	0	0	1027.40	
1931	8	4	18	0	0	1026.00	
1931	8	5	7	0	0	1022.10	
1931	8	5	13	0	0	1019.20	
1931	8	5	18	0	0	1016.50	
1931	8	6	7	0	0	1015.30	
1931	8	6	13	0	0	1014.90	
1931	8	6	18	0	0	1014.70	
1931	8	7	7	0	0	1014.30	
1931	8	7	13	0	0	1012.50	
1931	8	7	18	0	0	1009.40	
1931	8	8	7	0	0	1006.40	
1931	8	8	13	0	0	1008.30	
1931	8	8	18	0	0	1011.10	
1931	8	9	7	0	0	1015.90	
1931	8	9	13	0	0	1017.10	
1931	8	9	18	0	0	1017.60	
1931	8	10	7	0	0	1012.80	
1931	8	10	13	0	0	1015.00	
1931	8	10	18	0	0	1019.10	
1931	8	11	7	0	0	1025.10	
1931	8	11	13	0	0	1025.60	
1931	8	11	18	0	0	1025.60	
1931	8	12	7	0	0	1024.10	
1931	8	12	13	0	0	1021.80	
1931	8	12	18	0	0	1020.20	
1931	8	13	7	0	0	1015.80	
1931	8	13	13	0	0	1012.00	
1931	8	13	18	0	0	1008.80	
1931	8	14	7	0	0	1001.70	
1931	8	14	13	0	0	1000.30	
1931	8	14	18	0	0	998.40	
1931	8	15	7	0	0	994.30	
1931	8	15	13	0	0	994.00	
1931	8	15	18	0	0	993.20	
1931	8	16	7	0	0	989.60	
1931	8	16	13	0	0	988.40	
1931	8	16	18	0	0	987.90	
1931	8	17	7	0	0	998.50	
1931	8	17	13	0	0	1002.70	
1931	8	17	18	0	0	1005.50	
1931	8	18	7	0	0	1008.20	
1931	8	18	13	0	0	1008.00	
1931	8	18	18	0	0	1007.00	
1931	8	19	7	0	0	997.60	
1931	8	19	13	0	0	990.90	
1931	8	19	18	0	0	987.00	
1931	8	20	7	0	0	987.40	
1931	8	20	13	0	0	991.10	
1931	8	20	18	0	0	995.50	
1931	8	21	7	0	0	1005.20	
1931	8	21	13	0	0	1009.00	
1931	8	21	18	0	0	1009.90	
1931	8	22	7	0	0	1011.40	
1931	8	22	13	0	0	1011.40	
1931	8	22	18	0	0	1011.60	
1931	8	23	7	0	0	1010.80	
1931	8	23	13	0	0	1010.70	
1931	8	23	18	0	0	1010.40	
1931	8	24	7	0	0	1009.90	
1931	8	24	13	0	0	1009.90	
1931	8	24	18	0	0	1010.90	
1931	8	25	7	0	0	1016.80	
1931	8	25	13	0	0	1019.80	
1931	8	25	18	0	0	1021.90	
1931	8	26	7	0	0	1027.30	
1931	8	26	13	0	0	1028.10	
1931	8	26	18	0	0	1027.90	
1931	8	27	7	0	0	1027.20	
1931	8	27	13	0	0	1026.70	
1931	8	27	18	0	0	1025.20	
1931	8	28	7	0	0	1025.20	
1931	8	28	13	0	0	1024.50	
1931	8	28	18	0	0	1022.90	
1931	8	29	7	0	0	1023.30	
1931	8	29	13	0	0	1022.90	
1931	8	29	18	0	0	1022.20	
1931	8	30	7	0	0	1022.80	
1931	8	30	13	0	0	1022.10	
1931	8	30	18	0	0	1021.10	
1931	8	31	7	0	0	1020.90	
1931	8	31	13	0	0	1019.30	
1931	8	31	18	0	0	1017.30	
1931	9	1	7	0	0	1013.50	
1931	9	1	13	0	0	1009.90	
1931	9	1	18	0	0	1005.60	
1931	9	2	7	0	0	1000.50	
1931	9	2	13	0	0	999.70	
1931	9	2	18	0	0	999.40	
1931	9	3	7	0	0	1001.30	
1931	9	3	13	0	0	1001.80	
1931	9	3	18	0	0	1002.00	
1931	9	4	7	0	0	1004.10	
1931	9	4	13	0	0	1005.50	
1931	9	4	18	0	0	1006.50	
1931	9	5	7	0	0	1011.90	
1931	9	5	13	0	0	1013.60	
1931	9	5	18	0	0	1016.10	
1931	9	6	7	0	0	1021.20	
1931	9	6	13	0	0	1021.10	
1931	9	6	18	0	0	1021.20	
1931	9	7	7	0	0	1022.60	
1931	9	7	13	0	0	1023.70	
1931	9	7	18	0	0	1023.70	
1931	9	8	7	0	0	1022.90	
1931	9	8	13	0	0	1021.30	
1931	9	8	18	0	0	1020.10	
1931	9	9	7	0	0	1019.30	
1931	9	9	13	0	0	1019.60	
1931	9	9	18	0	0	1020.00	
1931	9	10	7	0	0	1021.70	
1931	9	10	13	0	0	1022.20	
1931	9	10	18	0	0	1023.30	
1931	9	11	7	0	0	1024.10	
1931	9	11	13	0	0	1021.50	
1931	9	11	18	0	0	1019.80	
1931	9	12	7	0	0	1011.00	
1931	9	12	13	0	0	1017.00	
1931	9	12	18	0	0	1021.50	
1931	9	13	7	0	0	1027.70	
1931	9	13	13	0	0	1026.60	
1931	9	13	18	0	0	1026.60	
1931	9	14	7	0	0	1026.00	
1931	9	14	13	0	0	1026.30	
1931	9	14	18	0	0	1026.90	
1931	9	15	7	0	0	1029.90	
1931	9	15	13	0	0	1031.00	
1931	9	15	18	0	0	1029.60	
1931	9	16	7	0	0	1026.30	
1931	9	16	13	0	0	1023.50	
1931	9	16	18	0	0	1020.40	
1931	9	17	7	0	0	1017.10	
1931	9	17	13	0	0	1019.90	
1931	9	17	18	0	0	1020.90	
1931	9	18	7	0	0	1024.10	
1931	9	18	13	0	0	1025.50	
1931	9	18	18	0	0	1026.00	
1931	9	19	7	0	0	1030.40	
1931	9	19	13	0	0	1032.60	
1931	9	19	18	0	0	1034.30	
1931	9	20	7	0	0	1037.90	
1931	9	20	13	0	0	1037.50	
1931	9	20	18	0	0	1036.70	
1931	9	21	7	0	0	1036.30	
1931	9	21	13	0	0	1035.90	
1931	9	21	18	0	0	1035.40	
1931	9	22	7	0	0	1035.40	
1931	9	22	13	0	0	1034.50	
1931	9	22	18	0	0	1032.40	
1931	9	23	7	0	0	1032.00	
1931	9	23	13	0	0	1031.90	
1931	9	23	18	0	0	1032.20	
1931	9	24	7	0	0	1034.20	
1931	9	24	13	0	0	1035.70	
1931	9	24	18	0	0	1035.80	
1931	9	25	7	0	0	1039.00	
1931	9	25	13	0	0	1039.20	
1931	9	25	18	0	0	1038.90	
1931	9	26	7	0	0	1038.90	
1931	9	26	13	0	0	1038.60	
1931	9	26	18	0	0	1037.70	
1931	9	27	7	0	0	1033.80	
1931	9	27	13	0	0	1031.60	
1931	9	27	18	0	0	1029.10	
1931	9	28	7	0	0	1025.10	
1931	9	28	13	0	0	1024.20	
1931	9	28	18	0	0	1022.70	
1931	9	29	7	0	0	1018.30	
1931	9	29	13	0	0	1014.30	
1931	9	29	18	0	0	1011.40	
1931	9	30	7	0	0	1001.70	
1931	9	30	13	0	0	1000.80	
1931	9	30	18	0	0	1002.30	
1931	10	1	7	0	0	1006.70	
1931	10	1	13	0	0	1003.90	
1931	10	1	18	0	0	1003.10	
1931	10	2	7	0	0	1006.10	
1931	10	2	13	0	0	1010.60	
1931	10	2	18	0	0	1014.10	
1931	10	3	7	0	0	1023.10	
1931	10	3	13	0	0	1024.90	
1931	10	3	18	0	0	1023.70	
1931	10	4	7	0	0	1019.70	
1931	10	4	13	0	0	1018.90	
1931	10	4	18	0	0	1017.40	
1931	10	5	7	0	0	1015.20	
1931	10	5	13	0	0	1016.20	
1931	10	5	18	0	0	1013.90	
1931	10	6	7	0	0	1004.60	
1931	10	6	13	0	0	1000.90	
1931	10	6	18	0	0	999.90	
1931	10	7	7	0	0	1000.80	
1931	10	7	13	0	0	1001.50	
1931	10	7	18	0	0	1004.20	
1931	10	8	7	0	0	1009.50	
1931	10	8	13	0	0	1011.80	
1931	10	8	18	0	0	1011.90	
1931	10	9	7	0	0	1006.10	
1931	10	9	13	0	0	1007.30	
1931	10	9	18	0	0	1010.40	
1931	10	10	7	0	0	1020.70	
1931	10	10	13	0	0	1022.80	
1931	10	10	18	0	0	1022.30	
1931	10	11	7	0	0	1021.80	
1931	10	11	13	0	0	1023.00	
1931	10	11	18	0	0	1022.30	
1931	10	12	7	0	0	1013.90	
1931	10	12	13	0	0	1011.30	
1931	10	12	18	0	0	1012.80	
1931	10	13	7	0	0	1024.20	
1931	10	13	13	0	0	1027.00	
1931	10	13	18	0	0	1029.80	
1931	10	14	7	0	0	1036.20	
1931	10	14	13	0	0	1037.60	
1931	10	14	18	0	0	1037.60	
1931	10	15	7	0	0	1038.30	
1931	10	15	13	0	0	1036.80	
1931	10	15	18	0	0	1035.70	
1931	10	16	7	0	0	1033.70	
1931	10	16	13	0	0	1032.70	
1931	10	16	18	0	0	1031.90	
1931	10	17	7	0	0	1031.50	
1931	10	17	13	0	0	1031.20	
1931	10	17	18	0	0	1031.80	
1931	10	18	7	0	0	1033.20	
1931	10	18	13	0	0	1032.80	
1931	10	18	18	0	0	1031.90	
1931	10	19	7	0	0	1028.40	
1931	10	19	13	0	0	1026.30	
1931	10	19	18	0	0	1023.70	
1931	10	20	7	0	0	1022.70	
1931	10	20	13	0	0	1025.10	
1931	10	20	18	0	0	1026.90	
1931	10	21	7	0	0	1027.70	
1931	10	21	13	0	0	1026.60	
1931	10	21	18	0	0	1024.90	
1931	10	22	7	0	0	1019.20	
1931	10	22	13	0	0	1015.60	
1931	10	22	18	0	0	1013.00	
1931	10	23	7	0	0	1006.30	
1931	10	23	13	0	0	1003.60	
1931	10	23	18	0	0	1001.50	
1931	10	25	7	0	0	1017.10	
1931	10	25	13	0	0	1019.20	
1931	10	25	18	0	0	1021.80	
1931	10	26	7	0	0	1025.60	
1931	10	26	13	0	0	1025.70	
1931	10	26	18	0	0	1024.90	
1931	10	27	7	0	0	1020.30	
1931	10	27	13	0	0	1017.90	
1931	10	27	18	0	0	1016.00	
1931	10	28	7	0	0	1015.10	
1931	10	28	13	0	0	1018.00	
1931	10	28	18	0	0	1020.70	
1931	10	29	7	0	0	1020.60	
1931	10	29	13	0	0	1015.60	
1931	10	29	18	0	0	1011.20	
1931	10	30	7	0	0	1021.10	
1931	10	30	13	0	0	1025.40	
1931	10	30	18	0	0	1026.70	
1931	10	31	7	0	0	1023.90	
1931	10	31	13	0	0	1021.90	
1931	10	31	18	0	0	1022.70	
1931	11	1	7	0	0	1020.90	
1931	11	1	13	0	0	1018.90	
1931	11	1	18	0	0	1015.90	
1931	11	2	7	0	0	1009.50	
1931	11	2	13	0	0	1005.90	
1931	11	2	18	0	0	1003.20	
1931	11	3	7	0	0	987.70	
1931	11	3	13	0	0	985.80	
1931	11	3	18	0	0	984.90	
1931	11	4	7	0	0	981.90	
1931	11	4	13	0	0	987.00	
1931	11	4	18	0	0	996.80	
1931	11	5	7	0	0	1001.60	
1931	11	5	13	0	0	1002.40	
1931	11	5	18	0	0	1001.00	
1931	11	6	7	0	0	992.20	
1931	11	6	13	0	0	995.20	
1931	11	6	18	0	0	997.30	
1931	11	7	7	0	0	997.70	
1931	11	7	13	0	0	994.50	
1931	11	7	18	0	0	992.40	
1931	11	8	7	0	0	992.00	
1931	11	8	13	0	0	993.70	
1931	11	8	18	0	0	994.50	
1931	11	9	7	0	0	982.40	
1931	11	9	13	0	0	975.70	
1931	11	9	18	0	0	973.60	
1931	11	10	7	0	0	967.50	
1931	11	10	13	0	0	965.50	
1931	11	10	18	0	0	965.40	
1931	11	11	7	0	0	969.50	
1931	11	11	13	0	0	972.50	
1931	11	11	18	0	0	976.30	
1931	11	12	7	0	0	986.40	
1931	11	12	13	0	0	994.00	
1931	11	12	18	0	0	1001.10	
1931	11	13	7	0	0	1009.10	
1931	11	13	13	0	0	1007.20	
1931	11	13	18	0	0	1002.00	
1931	11	14	7	0	0	1000.30	
1931	11	14	13	0	0	1002.20	
1931	11	14	18	0	0	1005.20	
1931	11	15	7	0	0	1017.60	
1931	11	15	13	0	0	1022.60	
1931	11	15	18	0	0	1025.90	
1931	11	16	7	0	0	1029.70	
1931	11	16	13	0	0	1028.90	
1931	11	16	18	0	0	1027.70	
1931	11	17	7	0	0	1022.60	
1931	11	17	13	0	0	1021.50	
1931	11	17	18	0	0	1018.50	
1931	11	18	7	0	0	1006.10	
1931	11	18	13	0	0	1009.70	
1931	11	18	18	0	0	1010.70	
1931	11	19	7	0	0	1004.90	
1931	11	19	13	0	0	1003.80	
1931	11	19	18	0	0	1003.80	
1931	11	20	7	0	0	1002.10	
1931	11	20	13	0	0	1001.10	
1931	11	20	18	0	0	1000.40	
1931	11	21	7	0	0	1010.00	
1931	11	21	13	0	0	1014.30	
1931	11	21	18	0	0	1017.50	
1931	11	22	7	0	0	1024.80	
1931	11	22	13	0	0	1023.40	
1931	11	22	18	0	0	1017.90	
1931	11	23	7	0	0	1003.10	
1931	11	23	13	0	0	1002.00	
1931	11	23	18	0	0	996.50	
1931	11	24	7	0	0	1002.70	
1931	11	24	13	0	0	1002.30	
1931	11	24	18	0	0	1001.10	
1931	11	25	7	0	0	1004.90	
1931	11	25	13	0	0	1005.70	
1931	11	26	7	0	0	989.60	
1931	11	26	13	0	0	985.60	
1931	11	26	18	0	0	989.60	
1931	11	27	7	0	0	990.20	
1931	11	27	13	0	0	990.10	
1931	11	27	18	0	0	994.00	
1931	11	28	7	0	0	1008.70	
1931	11	28	13	0	0	1012.20	
1931	11	28	18	0	0	1013.70	
1931	11	29	7	0	0	1017.40	
1931	11	29	13	0	0	1020.40	
1931	11	29	18	0	0	1022.70	
1931	11	30	7	0	0	1026.80	
1931	11	30	13	0	0	1028.10	
1931	11	30	18	0	0	1028.70	
1931	12	1	7	0	0	1025.30	
1931	12	1	13	0	0	1025.00	
1931	12	1	18	0	0	1024.80	
1931	12	2	7	0	0	1019.60	
1931	12	2	13	0	0	1013.70	
1931	12	2	18	0	0	1008.90	
1931	12	3	7	0	0	987.90	
1931	12	3	13	0	0	987.90	
1931	12	3	18	0	0	993.60	
1931	12	4	7	0	0	993.60	
1931	12	4	13	0	0	991.90	
1931	12	4	18	0	0	994.90	
1931	12	5	7	0	0	1010.50	
1931	12	5	13	0	0	1004.20	
1931	12	5	18	0	0	999.20	
1931	12	6	7	0	0	1001.20	
1931	12	6	13	0	0	1007.30	
1931	12	6	18	0	0	1012.50	
1931	12	7	7	0	0	1020.20	
1931	12	7	13	0	0	1021.50	
1931	12	7	18	0	0	1018.70	
1931	12	8	7	0	0	1018.60	
1931	12	8	13	0	0	1019.60	
1931	12	8	18	0	0	1021.20	
1931	12	9	7	0	0	1024.40	
1931	12	9	13	0	0	1025.60	
1931	12	9	18	0	0	1026.70	
1931	12	10	7	0	0	1028.10	
1931	12	10	13	0	0	1029.90	
1931	12	10	18	0	0	1031.80	
1931	12	11	7	0	0	1032.70	
1931	12	11	13	0	0	1033.70	
1931	12	11	18	0	0	1034.10	
1931	12	12	7	0	0	1035.10	
1931	12	12	13	0	0	1036.00	
1931	12	12	18	0	0	1035.50	
1931	12	13	7	0	0	1034.00	
1931	12	13	13	0	0	1032.50	
1931	12	13	18	0	0	1030.10	
1931	12	14	7	0	0	1025.80	
1931	12	14	13	0	0	1024.60	
1931	12	14	18	0	0	1022.90	
1931	12	15	7	0	0	1022.30	
1931	12	15	13	0	0	1024.00	
1931	12	15	18	0	0	1025.70	
1931	12	16	7	0	0	1029.20	
1931	12	16	13	0	0	1030.90	
1931	12	16	18	0	0	1032.00	
1931	12	17	7	0	0	1034.00	
1931	12	17	13	0	0	1034.10	
1931	12	17	18	0	0	1034.40	
1931	12	18	7	0	0	1035.10	
1931	12	18	13	0	0	1036.20	
1931	12	18	18	0	0	1036.30	
1931	12	19	7	0	0	1036.60	
1931	12	19	13	0	0	1035.90	
1931	12	19	18	0	0	1036.50	
1931	12	20	7	0	0	1038.30	
1931	12	20	13	0	0	1038.50	
1931	12	20	18	0	0	1037.90	
1931	12	21	7	0	0	1036.40	
1931	12	21	13	0	0	1035.90	
1931	12	21	18	0	0	1035.30	
1931	12	22	7	0	0	1036.20	
1931	12	22	13	0	0	1034.40	
1931	12	22	18	0	0	1033.30	
1931	12	23	7	0	0	1030.30	
1931	12	23	13	0	0	1031.60	
1931	12	23	18	0	0	1027.70	
1931	12	24	7	0	0	1026.40	
1931	12	24	13	0	0	1026.20	
1931	12	24	18	0	0	1027.00	
1931	12	25	7	0	0	1030.60	
1931	12	25	13	0	0	1030.90	
1931	12	26	7	0	0	1026.30	
1931	12	26	13	0	0	1025.50	
1931	12	26	18	0	0	1024.10	
1931	12	27	7	0	0	1020.00	
1931	12	27	13	0	0	1016.40	
1931	12	27	18	0	0	1011.10	
1931	12	28	7	0	0	1004.80	
1931	12	28	13	0	0	1002.70	
1931	12	28	18	0	0	1000.80	
1931	12	29	7	0	0	1000.30	
1931	12	29	13	0	0	1001.80	
1931	12	29	18	0	0	1005.90	
1931	12	30	7	0	0	1013.70	
1931	12	30	13	0	0	1016.20	
1931	12	30	18	0	0	1018.00	
1931	12	31	7	0	0	1018.70	
1931	12	31	13	0	0	1019.00	
1931	12	31	18	0	0	1016.50	
1932	1	1	7	0	0	1006.60	
1932	1	1	13	0	0	1005.50	
1932	1	1	18	0	0	1006.80	
1932	1	2	7	0	0	1006.00	
1932	1	2	13	0	0	1006.30	
1932	1	2	18	0	0	1006.20	
1932	1	3	7	0	0	1007.00	
1932	1	3	13	0	0	1008.90	
1932	1	3	18	0	0	1010.00	
1932	1	4	7	0	0	1012.20	
1932	1	4	13	0	0	1007.50	
1932	1	4	18	0	0	1003.10	
1932	1	5	7	0	0	1007.10	
1932	1	5	13	0	0	996.20	
1932	1	5	18	0	0	995.20	
1932	1	6	7	0	0	987.70	
1932	1	6	13	0	0	981.00	
1932	1	6	18	0	0	980.70	
1932	1	7	7	0	0	993.60	
1932	1	7	13	0	0	994.30	
1932	1	7	18	0	0	993.10	
1932	1	8	7	0	0	998.40	
1932	1	8	13	0	0	1001.10	
1932	1	8	18	0	0	1001.50	
1932	1	9	7	0	0	993.90	
1932	1	9	13	0	0	984.70	
1932	1	9	18	0	0	979.70	
1932	1	10	7	0	0	976.80	
1932	1	10	13	0	0	975.30	
1932	1	10	18	0	0	977.20	
1932	1	11	7	0	0	984.40	
1932	1	11	13	0	0	989.80	
1932	1	11	18	0	0	994.70	
1932	1	12	7	0	0	1003.40	
1932	1	12	13	0	0	1000.30	
1932	1	12	18	0	0	993.20	
1932	1	13	7	0	0	982.10	
1932	1	13	13	0	0	992.40	
1932	1	13	18	0	0	993.90	
1932	1	14	7	0	0	1005.00	
1932	1	14	13	0	0	1000.20	
1932	1	14	18	0	0	994.00	
1932	1	15	7	0	0	1002.90	
1932	1	15	13	0	0	1008.60	
1932	1	15	18	0	0	1005.50	
1932	1	16	7	0	0	1002.00	
1932	1	16	13	0	0	997.70	
1932	1	17	7	0	0	1010.60	
1932	1	17	13	0	0	1013.20	
1932	1	17	18	0	0	1011.70	
1932	1	18	7	0	0	1014.00	
1932	1	18	13	0	0	1018.10	
1932	1	18	18	0	0	1019.10	
1932	1	19	7	0	0	1022.70	
1932	1	19	13	0	0	1023.50	
1932	1	19	18	0	0	1024.00	
1932	1	20	7	0	0	1026.90	
1932	1	20	13	0	0	1026.70	
1932	1	20	18	0	0	1026.20	
1932	1	21	7	0	0	1021.90	
1932	1	21	13	0	0	1020.30	
1932	1	21	18	0	0	1020.70	
1932	1	22	7	0	0	1027.60	
1932	1	22	13	0	0	1030.60	
1932	1	22	18	0	0	1032.30	
1932	1	23	7	0	0	1032.70	
1932	1	23	13	0	0	1034.00	
1932	1	23	18	0	0	1034.20	
1932	1	24	7	0	0	1030.90	
1932	1	24	13	0	0	1027.90	
1932	1	24	18	0	0	1027.80	
1932	1	25	7	0	0	1041.60	
1932	1	25	13	0	0	1044.30	
1932	1	25	18	0	0	1045.50	
1932	1	26	7	0	0	1045.70	
1932	1	26	13	0	0	1046.80	
1932	1	26	18	0	0	1046.10	
1932	1	27	7	0	0	1045.60	
1932	1	27	13	0	0	1044.50	
1932	1	27	18	0	0	1043.20	
1932	1	28	7	0	0	1038.50	
1932	1	28	13	0	0	1036.20	
1932	1	28	18	0	0	1033.30	
1932	1	29	7	0	0	1030.40	
1932	1	29	13	0	0	1032.00	
1932	1	29	18	0	0	1034.10	
1932	1	30	7	0	0	1038.60	
1932	1	30	13	0	0	1041.20	
1932	1	30	18	0	0	1041.70	
1932	1	31	7	0	0	1044.00	
1932	1	31	13	0	0	1045.10	
1932	1	31	18	0	0	1044.50	
1932	2	1	7	0	0	1042.90	
1932	2	1	13	0	0	1042.60	
1932	2	1	18	0	0	1042.80	
1932	2	2	7	0	0	1042.50	
1932	2	2	13	0	0	1042.10	
1932	2	2	18	0	0	1040.70	
1932	2	3	7	0	0	1037.10	
1932	2	3	13	0	0	1036.60	
1932	2	3	18	0	0	1035.40	
1932	2	4	7	0	0	1033.30	
1932	2	4	13	0	0	1032.50	
1932	2	4	18	0	0	1031.50	
1932	2	5	7	0	0	1030.00	
1932	2	5	13	0	0	1030.20	
1932	2	5	18	0	0	1030.40	
1932	2	6	7	0	0	1031.00	
1932	2	6	13	0	0	1028.70	
1932	2	6	18	0	0	1026.90	
1932	2	7	7	0	0	1025.30	
1932	2	7	13	0	0	1029.00	
1932	2	7	18	0	0	1029.50	
1932	2	8	7	0	0	1029.20	
1932	2	8	13	0	0	1027.80	
1932	2	8	18	0	0	1026.10	
1932	2	9	7	0	0	1026.50	
1932	2	9	13	0	0	1027.60	
1932	2	9	18	0	0	1028.90	
1932	2	10	7	0	0	1031.00	
1932	2	10	13	0	0	1037.20	
1932	2	10	18	0	0	1039.00	
1932	2	11	7	0	0	1039.60	
1932	2	11	13	0	0	1037.20	
1932	2	11	18	0	0	1036.30	
1932	2	12	7	0	0	1034.90	
1932	2	12	13	0	0	1035.20	
1932	2	12	18	0	0	1035.50	
1932	2	13	7	0	0	1033.80	
1932	2	13	13	0	0	1032.60	
1932	2	13	18	0	0	1032.10	
1932	2	14	7	0	0	1035.30	
1932	2	14	13	0	0	1037.10	
1932	2	14	18	0	0	1037.80	
1932	2	15	7	0	0	1040.60	
1932	2	15	13	0	0	1041.20	
1932	2	15	18	0	0	1040.40	
1932	2	16	7	0	0	1042.00	
1932	2	16	13	0	0	1042.00	
1932	2	16	18	0	0	1041.00	
1932	2	17	7	0	0	1041.40	
1932	2	17	13	0	0	1040.80	
1932	2	17	18	0	0	1040.10	
1932	2	18	7	0	0	1039.90	
1932	2	18	13	0	0	1040.80	
1932	2	18	18	0	0	1040.60	
1932	2	19	7	0	0	1042.40	
1932	2	19	13	0	0	1042.60	
1932	2	19	18	0	0	1042.80	
1932	2	20	7	0	0	1046.10	
1932	2	20	13	0	0	1047.20	
1932	2	20	18	0	0	1046.40	
1932	2	21	7	0	0	1044.50	
1932	2	21	13	0	0	1043.10	
1932	2	21	18	0	0	1041.10	
1932	2	22	7	0	0	1039.90	
1932	2	22	13	0	0	1040.00	
1932	2	22	18	0	0	1038.70	
1932	2	23	7	0	0	1036.70	
1932	2	23	13	0	0	1035.00	
1932	2	23	18	0	0	1032.30	
1932	2	24	7	0	0	1025.50	
1932	2	24	13	0	0	1027.30	
1932	2	24	18	0	0	1027.70	
1932	2	25	7	0	0	1031.40	
1932	2	25	13	0	0	1032.30	
1932	2	25	18	0	0	1031.50	
1932	2	26	7	0	0	1030.10	
1932	2	26	13	0	0	1030.10	
1932	2	26	18	0	0	1030.70	
1932	2	27	7	0	0	1032.10	
1932	2	27	13	0	0	1032.40	
1932	2	27	18	0	0	1033.00	
1932	2	28	7	0	0	1034.10	
1932	2	28	13	0	0	1034.20	
1932	2	28	18	0	0	1034.10	
1932	2	29	7	0	0	1033.10	
1932	2	29	13	0	0	1030.70	
1932	2	29	18	0	0	1029.10	
1932	3	1	7	0	0	1027.50	
1932	3	1	13	0	0	1024.70	
1932	3	1	18	0	0	1020.60	
1932	3	2	7	0	0	1017.60	
1932	3	2	13	0	0	1016.30	
1932	3	2	18	0	0	1015.40	
1932	3	3	7	0	0	1016.90	
1932	3	3	13	0	0	1017.60	
1932	3	3	18	0	0	1018.30	
1932	3	4	7	0	0	1020.20	
1932	3	4	13	0	0	1019.10	
1932	3	4	18	0	0	1016.00	
1932	3	5	7	0	0	1006.20	
1932	3	5	13	0	0	1001.00	
1932	3	5	18	0	0	999.60	
1932	3	6	7	0	0	1000.30	
1932	3	6	13	0	0	1002.10	
1932	3	6	18	0	0	1003.50	
1932	3	7	7	0	0	1008.90	
1932	3	7	13	0	0	1005.30	
1932	3	7	18	0	0	1003.20	
1932	3	8	7	0	0	1009.90	
1932	3	8	13	0	0	1011.40	
1932	3	8	18	0	0	1012.00	
1932	3	9	7	0	0	1016.60	
1932	3	9	13	0	0	1018.70	
1932	3	9	18	0	0	1019.00	
1932	3	10	7	0	0	1018.60	
1932	3	10	13	0	0	1016.90	
1932	3	10	18	0	0	1016.70	
1932	3	11	7	0	0	1020.40	
1932	3	11	13	0	0	1022.90	
1932	3	11	18	0	0	1024.10	
1932	3	12	7	0	0	1027.00	
1932	3	12	13	0	0	1026.10	
1932	3	12	18	0	0	1024.80	
1932	3	13	7	0	0	1024.20	
1932	3	13	13	0	0	1022.90	
1932	3	13	18	0	0	1022.30	
1932	3	14	7	0	0	1022.00	
1932	3	14	13	0	0	1022.10	
1932	3	14	18	0	0	1022.40	
1932	3	15	7	0	0	1027.00	
1932	3	15	13	0	0	1026.60	
1932	3	15	18	0	0	1025.50	
1932	3	16	7	0	0	1024.20	
1932	3	16	13	0	0	1022.80	
1932	3	16	18	0	0	1021.90	
1932	3	17	7	0	0	1022.80	
1932	3	17	13	0	0	1022.90	
1932	3	17	18	0	0	1022.70	
1932	3	18	7	0	0	1025.40	
1932	3	18	13	0	0	1026.70	
1932	3	18	18	0	0	1026.40	
1932	3	19	7	0	0	1025.20	
1932	3	19	13	0	0	1024.80	
1932	3	19	18	0	0	1024.50	
1932	3	20	7	0	0	1025.20	
1932	3	20	13	0	0	1024.20	
1932	3	20	18	0	0	1023.50	
1932	3	21	7	0	0	1020.10	
1932	3	21	13	0	0	1021.50	
1932	3	21	18	0	0	1022.10	
1932	3	22	7	0	0	1021.70	
1932	3	22	13	0	0	1020.90	
1932	3	22	18	0	0	1020.60	
1932	3	23	7	0	0	1019.20	
1932	3	23	13	0	0	1018.10	
1932	3	23	18	0	0	1016.90	
1932	3	24	7	0	0	1014.30	
1932	3	24	13	0	0	1012.30	
1932	3	24	18	0	0	1009.90	
1932	3	25	7	0	0	1005.30	
1932	3	25	13	0	0	1002.00	
1932	3	25	18	0	0	999.60	
1932	3	26	7	0	0	999.70	
1932	3	26	13	0	0	1001.90	
1932	3	26	18	0	0	1002.60	
1932	3	27	7	0	0	994.80	
1932	3	27	13	0	0	992.50	
1932	3	27	18	0	0	991.80	
1932	3	28	7	0	0	990.20	
1932	3	28	13	0	0	989.30	
1932	3	28	18	0	0	990.20	
1932	3	29	7	0	0	992.50	
1932	3	29	13	0	0	988.80	
1932	3	29	18	0	0	986.50	
1932	3	30	7	0	0	984.10	
1932	3	30	13	0	0	986.50	
1932	3	30	18	0	0	988.20	
1932	3	31	7	0	0	995.70	
1932	3	31	13	0	0	1002.10	
1932	3	31	18	0	0	1005.00	
1932	4	1	7	0	0	1004.20	
1932	4	1	13	0	0	993.10	
1932	4	1	18	0	0	986.90	
1932	4	2	7	0	0	987.70	
1932	4	2	13	0	0	986.90	
1932	4	2	18	0	0	986.30	
1932	4	3	7	0	0	989.80	
1932	4	3	13	0	0	993.70	
1932	4	3	18	0	0	996.50	
1932	4	4	7	0	0	1003.00	
1932	4	4	13	0	0	1005.30	
1932	4	4	18	0	0	1007.20	
1932	4	5	7	0	0	1011.90	
1932	4	5	13	0	0	1011.20	
1932	4	5	18	0	0	1010.50	
1932	4	6	7	0	0	1001.60	
1932	4	6	13	0	0	997.70	
1932	4	6	18	0	0	995.30	
1932	4	7	7	0	0	992.20	
1932	4	7	13	0	0	991.80	
1932	4	7	18	0	0	996.80	
1932	4	8	7	0	0	1012.20	
1932	4	8	13	0	0	1017.20	
1932	4	8	18	0	0	1018.60	
1932	4	9	7	0	0	1004.00	
1932	4	9	13	0	0	999.30	
1932	4	9	18	0	0	994.50	
1932	4	10	7	0	0	981.40	
1932	4	10	13	0	0	988.00	
1932	4	10	18	0	0	994.50	
1932	4	11	7	0	0	1003.60	
1932	4	11	13	0	0	1008.10	
1932	4	11	18	0	0	1012.30	
1932	4	12	7	0	0	1023.90	
1932	4	12	13	0	0	1027.80	
1932	4	12	18	0	0	1030.20	
1932	4	13	7	0	0	1028.10	
1932	4	13	13	0	0	1023.00	
1932	4	13	18	0	0	1016.10	
1932	4	14	7	0	0	1007.30	
1932	4	14	13	0	0	1005.20	
1932	4	14	18	0	0	1003.90	
1932	4	15	7	0	0	1007.80	
1932	4	15	13	0	0	1011.00	
1932	4	15	18	0	0	1014.70	
1932	4	16	7	0	0	1022.00	
1932	4	16	13	0	0	1022.00	
1932	4	16	18	0	0	1020.70	
1932	4	17	7	0	0	1022.10	
1932	4	17	13	0	0	1021.80	
1932	4	17	18	0	0	1021.50	
1932	4	18	7	0	0	1022.40	
1932	4	18	13	0	0	1021.30	
1932	4	18	18	0	0	1019.90	
1932	4	19	7	0	0	1015.30	
1932	4	19	13	0	0	1010.90	
1932	4	19	18	0	0	1005.80	
1932	4	20	7	0	0	998.30	
1932	4	20	13	0	0	995.60	
1932	4	20	18	0	0	995.70	
1932	4	21	7	0	0	999.10	
1932	4	21	13	0	0	1001.00	
1932	4	21	18	0	0	1003.20	
1932	4	22	7	0	0	1007.20	
1932	4	22	13	0	0	1006.40	
1932	4	22	18	0	0	1003.30	
1932	4	23	7	0	0	1006.00	
1932	4	23	13	0	0	1008.20	
1932	4	23	18	0	0	1010.30	
1932	4	24	7	0	0	1015.90	
1932	4	24	13	0	0	1016.60	
1932	4	24	18	0	0	1016.30	
1932	4	25	7	0	0	1016.90	
1932	4	25	13	0	0	1016.70	
1932	4	25	18	0	0	1015.20	
1932	4	26	7	0	0	1012.00	
1932	4	26	13	0	0	1010.40	
1932	4	26	18	0	0	1009.80	
1932	4	27	7	0	0	1008.60	
1932	4	27	13	0	0	1005.20	
1932	4	27	18	0	0	1002.10	
1932	4	28	7	0	0	996.40	
1932	4	28	13	0	0	996.70	
1932	4	28	18	0	0	996.90	
1932	4	29	7	0	0	999.20	
1932	4	29	13	0	0	1000.60	
1932	4	29	18	0	0	1000.90	
1932	4	30	7	0	0	1001.90	
1932	4	30	13	0	0	1004.20	
1932	4	30	18	0	0	1004.50	
1932	5	1	7	0	0	1007.60	
1932	5	1	13	0	0	1008.80	
1932	5	1	18	0	0	1008.80	
1932	5	2	7	0	0	1010.80	
1932	5	2	13	0	0	1012.00	
1932	5	2	18	0	0	1013.30	
1932	5	3	7	0	0	1020.40	
1932	5	3	13	0	0	1022.00	
1932	5	3	18	0	0	1021.90	
1932	5	4	7	0	0	1023.60	
1932	5	4	13	0	0	1021.80	
1932	5	4	18	0	0	1020.00	
1932	5	5	7	0	0	1021.20	
1932	5	5	13	0	0	1018.90	
1932	5	5	18	0	0	1016.40	
1932	5	6	7	0	0	1014.80	
1932	5	6	13	0	0	1012.20	
1932	5	6	18	0	0	1009.70	
1932	5	7	7	0	0	1007.60	
1932	5	7	13	0	0	1006.50	
1932	5	7	18	0	0	1005.60	
1932	5	8	7	0	0	1005.00	
1932	5	8	13	0	0	1005.10	
1932	5	8	18	0	0	1004.40	
1932	5	9	7	0	0	1003.80	
1932	5	9	13	0	0	1006.40	
1932	5	9	18	0	0	1008.10	
1932	5	10	7	0	0	1012.60	
1932	5	10	13	0	0	1013.30	
1932	5	10	18	0	0	1012.10	
1932	5	11	7	0	0	1009.20	
1932	5	11	13	0	0	1008.40	
1932	5	11	18	0	0	1006.30	
1932	5	12	7	0	0	1001.70	
1932	5	12	13	0	0	1000.70	
1932	5	12	18	0	0	998.40	
1932	5	13	7	0	0	1002.10	
1932	5	13	13	0	0	1001.80	
1932	5	13	18	0	0	1002.40	
1932	5	14	7	0	0	1009.40	
1932	5	14	13	0	0	1010.70	
1932	5	14	18	0	0	1011.50	
1932	5	15	7	0	0	1012.30	
1932	5	15	13	0	0	1011.20	
1932	5	15	18	0	0	1009.60	
1932	5	16	7	0	0	1007.80	
1932	5	16	13	0	0	1009.80	
1932	5	16	18	0	0	1011.80	
1932	5	17	7	0	0	1016.70	
1932	5	17	13	0	0	1017.00	
1932	5	17	18	0	0	1016.50	
1932	5	18	7	0	0	1014.00	
1932	5	18	13	0	0	1011.40	
1932	5	18	18	0	0	1009.90	
1932	5	19	7	0	0	1012.10	
1932	5	19	13	0	0	1009.70	
1932	5	19	18	0	0	1004.50	
1932	5	20	7	0	0	1007.70	
1932	5	20	13	0	0	1007.70	
1932	5	20	18	0	0	1007.30	
1932	5	21	7	0	0	1009.20	
1932	5	21	13	0	0	1009.40	
1932	5	21	18	0	0	1010.10	
1932	5	22	7	0	0	1009.00	
1932	5	22	13	0	0	1007.70	
1932	5	22	18	0	0	1007.30	
1932	5	23	7	0	0	1009.10	
1932	5	23	13	0	0	1010.40	
1932	5	23	18	0	0	1010.50	
1932	5	24	7	0	0	1013.60	
1932	5	24	13	0	0	1015.40	
1932	5	24	18	0	0	1016.00	
1932	5	25	7	0	0	1017.40	
1932	5	25	13	0	0	1016.00	
1932	5	25	18	0	0	1014.50	
1932	5	26	7	0	0	1014.20	
1932	5	26	13	0	0	1014.60	
1932	5	26	18	0	0	1016.10	
1932	5	27	7	0	0	1015.70	
1932	5	27	13	0	0	1014.00	
1932	5	27	18	0	0	1013.30	
1932	5	28	7	0	0	1013.70	
1932	5	28	13	0	0	1015.30	
1932	5	28	18	0	0	1015.20	
1932	5	29	7	0	0	1011.80	
1932	5	29	13	0	0	1010.70	
1932	5	29	18	0	0	1010.90	
1932	5	30	7	0	0	1014.60	
1932	5	30	13	0	0	1014.90	
1932	5	30	18	0	0	1014.30	
1932	5	31	7	0	0	1013.80	
1932	5	31	13	0	0	1012.50	
1932	5	31	18	0	0	1011.30	
1932	6	1	7	0	0	1013.00	
1932	6	1	13	0	0	1013.40	
1932	6	1	18	0	0	1013.20	
1932	6	2	7	0	0	1015.20	
1932	6	2	13	0	0	1014.60	
1932	6	2	18	0	0	1013.30	
1932	6	3	7	0	0	1013.60	
1932	6	3	13	0	0	1014.80	
1932	6	3	18	0	0	1014.60	
1932	6	4	7	0	0	1017.70	
1932	6	4	13	0	0	1019.50	
1932	6	4	18	0	0	1019.40	
1932	6	5	7	0	0	1020.70	
1932	6	5	13	0	0	1020.10	
1932	6	5	18	0	0	1020.90	
1932	6	6	7	0	0	1023.20	
1932	6	6	13	0	0	1024.30	
1932	6	6	18	0	0	1024.40	
1932	6	7	7	0	0	1025.20	
1932	6	7	13	0	0	1024.90	
1932	6	7	18	0	0	1024.20	
1932	6	8	7	0	0	1024.00	
1932	6	8	13	0	0	1024.60	
1932	6	8	18	0	0	1023.60	
1932	6	9	7	0	0	1021.30	
1932	6	9	13	0	0	1019.90	
1932	6	9	18	0	0	1018.20	
1932	6	10	7	0	0	1016.80	
1932	6	10	13	0	0	1015.40	
1932	6	10	18	0	0	1014.30	
1932	6	11	7	0	0	1012.80	
1932	6	11	13	0	0	1011.50	
1932	6	11	18	0	0	1010.30	
1932	6	12	7	0	0	1014.10	
1932	6	12	13	0	0	1015.70	
1932	6	12	18	0	0	1017.30	
1932	6	13	7	0	0	1021.50	
1932	6	13	13	0	0	1021.90	
1932	6	13	18	0	0	1022.00	
1932	6	14	7	0	0	1024.50	
1932	6	14	13	0	0	1025.10	
1932	6	14	18	0	0	1024.70	
1932	6	15	7	0	0	1027.20	
1932	6	15	13	0	0	1027.10	
1932	6	15	18	0	0	1026.60	
1932	6	16	7	0	0	1027.10	
1932	6	16	13	0	0	1026.30	
1932	6	16	18	0	0	1025.40	
1932	6	17	7	0	0	1025.50	
1932	6	17	13	0	0	1024.60	
1932	6	17	18	0	0	1023.70	
1932	6	18	7	0	0	1024.10	
1932	6	18	13	0	0	1022.50	
1932	6	18	18	0	0	1020.90	
1932	6	19	7	0	0	1021.10	
1932	6	19	13	0	0	1020.20	
1932	6	19	18	0	0	1019.40	
1932	6	20	7	0	0	1018.80	
1932	6	20	13	0	0	1017.40	
1932	6	20	18	0	0	1016.80	
1932	6	21	7	0	0	1018.90	
1932	6	21	13	0	0	1019.20	
1932	6	21	18	0	0	1019.60	
1932	6	22	7	0	0	1023.90	
1932	6	22	13	0	0	1025.10	
1932	6	22	18	0	0	1026.00	
1932	6	23	7	0	0	1027.50	
1932	6	23	13	0	0	1027.70	
1932	6	23	18	0	0	1026.80	
1932	6	24	7	0	0	1024.40	
1932	6	24	13	0	0	1021.90	
1932	6	24	18	0	0	1020.00	
1932	6	25	7	0	0	1017.30	
1932	6	25	13	0	0	1016.50	
1932	6	25	18	0	0	1015.50	
1932	6	26	7	0	0	1012.90	
1932	6	26	13	0	0	1011.30	
1932	6	26	18	0	0	1008.80	
1932	6	27	7	0	0	1008.10	
1932	6	27	13	0	0	1008.40	
1932	6	27	18	0	0	1008.60	
1932	6	28	7	0	0	1007.40	
1932	6	28	13	0	0	1009.00	
1932	6	28	18	0	0	1010.80	
1932	6	29	7	0	0	1010.20	
1932	6	29	13	0	0	1008.30	
1932	6	29	18	0	0	1006.10	
1932	6	30	7	0	0	998.90	
1932	6	30	13	0	0	998.30	
1932	6	30	18	0	0	995.30	
1932	7	1	7	0	0	987.10	
1932	7	1	13	0	0	990.70	
1932	7	1	18	0	0	994.10	
1932	7	2	7	0	0	1005.10	
1932	7	2	13	0	0	1005.80	
1932	7	2	18	0	0	1005.80	
1932	7	3	7	0	0	1008.90	
1932	7	3	13	0	0	1006.70	
1932	7	3	18	0	0	1004.30	
1932	7	4	7	0	0	1003.20	
1932	7	4	13	0	0	1002.40	
1932	7	4	18	0	0	1005.70	
1932	7	5	7	0	0	1008.10	
1932	7	5	13	0	0	1007.60	
1932	7	5	18	0	0	1007.80	
1932	7	6	7	0	0	1008.00	
1932	7	6	13	0	0	1001.30	qc_reject
1932	7	6	18	0	0	1007.80	
1932	7	7	7	0	0	1013.60	
1932	7	7	13	0	0	1015.50	
1932	7	7	18	0	0	1015.70	
1932	7	8	7	0	0	1017.20	
1932	7	8	13	0	0	1018.20	
1932	7	8	18	0	0	1019.20	
1932	7	9	7	0	0	1020.50	
1932	7	9	13	0	0	1020.90	
1932	7	9	18	0	0	1020.60	
1932	7	10	7	0	0	1018.80	
1932	7	10	13	0	0	1017.00	
1932	7	10	18	0	0	1015.90	
1932	7	11	7	0	0	1016.90	
1932	7	11	13	0	0	1017.00	
1932	7	11	18	0	0	1017.20	
1932	7	12	7	0	0	1018.40	
1932	7	12	13	0	0	1017.60	
1932	7	12	18	0	0	1016.30	
1932	7	13	7	0	0	1012.40	
1932	7	13	13	0	0	1009.80	
1932	7	13	18	0	0	1009.20	
1932	7	14	7	0	0	1011.40	
1932	7	14	13	0	0	1012.70	
1932	7	14	18	0	0	1012.60	
1932	7	15	7	0	0	1010.40	
1932	7	15	13	0	0	1007.40	
1932	7	15	18	0	0	1005.60	
1932	7	16	7	0	0	1004.30	
1932	7	16	13	0	0	1006.30	
1932	7	16	18	0	0	1008.20	
1932	7	17	7	0	0	1018.30	
1932	7	17	13	0	0	1019.90	
1932	7	17	18	0	0	1020.50	
1932	7	18	7	0	0	1023.10	
1932	7	18	13	0	0	1022.80	
1932	7	18	18	0	0	1023.30	
1932	7	19	7	0	0	1023.50	
1932	7	19	13	0	0	1022.10	
1932	7	19	18	0	0	1020.90	
1932	7	20	7	0	0	1017.60	
1932	7	20	13	0	0	1015.80	
1932	7	20	18	0	0	1014.50	
1932	7	21	7	0	0	1014.50	
1932	7	21	13	0	0	1013.80	
1932	7	21	18	0	0	1013.20	
1932	7	22	7	0	0	1010.20	
1932	7	22	13	0	0	1011.40	
1932	7	22	18	0	0	1012.70	
1932	7	23	7	0	0	1014.50	
1932	7	23	13	0	0	1012.60	
1932	7	23	18	0	0	1009.60	
1932	7	24	7	0	0	1006.40	
1932	7	24	13	0	0	1005.10	
1932	7	24	18	0	0	1003.80	
1932	7	25	7	0	0	1000.80	
1932	7	25	13	0	0	999.50	
1932	7	25	18	0	0	997.90	
1932	7	26	7	0	0	996.80	
1932	7	26	13	0	0	998.40	
1932	7	26	18	0	0	998.70	
1932	7	27	7	0	0	996.10	
1932	7	27	13	0	0	1000.50	
1932	7	27	18	0	0	1000.90	
1932	7	28	7	0	0	1002.30	
1932	7	28	13	0	0	1004.50	
1932	7	28	18	0	0	1006.20	
1932	7	29	7	0	0	1005.10	
1932	7	29	13	0	0	1004.90	
1932	7	29	18	0	0	1006.00	
1932	7	30	7	0	0	1004.70	
1932	7	30	13	0	0	1005.00	
1932	7	30	18	0	0	1004.80	
1932	7	31	7	0	0	1005.60	
1932	7	31	13	0	0	1005.00	
1932	7	31	18	0	0	1006.10	
1932	8	1	7	0	0	1012.50	
1932	8	1	13	0	0	1016.10	
1932	8	1	18	0	0	1017.80	
1932	8	2	7	0	0	1016.20	
1932	8	2	13	0	0	1012.80	
1932	8	2	18	0	0	1011.50	
1932	8	3	7	0	0	1014.90	
1932	8	3	13	0	0	1014.30	
1932	8	3	18	0	0	1014.20	
1932	8	4	7	0	0	1014.10	
1932	8	4	13	0	0	1014.50	
1932	8	4	18	0	0	1014.80	
1932	8	5	7	0	0	1016.60	
1932	8	5	13	0	0	1017.90	
1932	8	5	18	0	0	1018.70	
1932	8	6	7	0	0	1017.50	
1932	8	6	13	0	0	1016.00	
1932	8	6	18	0	0	1019.60	
1932	8	7	7	0	0	1024.60	
1932	8	7	13	0	0	1024.20	
1932	8	7	18	0	0	1022.60	
1932	8	8	7	0	0	1020.20	
1932	8	8	13	0	0	1020.20	
1932	8	8	18	0	0	1018.80	
1932	8	9	7	0	0	1020.20	
1932	8	9	13	0	0	1021.40	
1932	8	9	18	0	0	1020.30	
1932	8	10	7	0	0	1016.40	
1932	8	10	13	0	0	1015.50	
1932	8	10	18	0	0	1014.80	
1932	8	11	7	0	0	1011.30	
1932	8	11	13	0	0	1010.40	
1932	8	11	18	0	0	1008.30	
1932	8	12	7	0	0	1004.70	
1932	8	12	13	0	0	1004.40	
1932	8	12	18	0	0	1004.90	
1932	8	13	7	0	0	1009.20	
1932	8	13	13	0	0	1009.60	
1932	8	13	18	0	0	1009.90	
1932	8	14	7	0	0	1013.80	
1932	8	14	13	0	0	1016.10	
1932	8	14	18	0	0	1017.60	
1932	8	15	7	0	0	1023.90	
1932	8	15	13	0	0	1024.30	
1932	8	15	18	0	0	1023.70	
1932	8	16	7	0	0	1022.60	
1932	8	16	13	0	0	1022.70	
1932	8	16	18	0	0	1022.50	
1932	8	17	7	0	0	1021.00	
1932	8	17	13	0	0	1021.90	
1932	8	17	18	0	0	1022.60	
1932	8	18	7	0	0	1025.60	
1932	8	18	13	0	0	1026.60	
1932	8	18	18	0	0	1025.80	
1932	8	19	7	0	0	1022.70	
1932	8	19	13	0	0	1021.70	
1932	8	19	18	0	0	1021.50	
1932	8	20	7	0	0	1018.90	
1932	8	20	13	0	0	1017.10	
1932	8	20	18	0	0	1014.50	
1932	8	21	7	0	0	1015.80	
1932	8	21	13	0	0	1017.10	
1932	8	21	18	0	0	1017.50	
1932	8	22	7	0	0	1022.70	
1932	8	22	13	0	0	1025.40	
1932	8	22	18	0	0	1026.60	
1932	8	23	7	0	0	1030.10	
1932	8	23	13	0	0	1030.10	
1932	8	23	18	0	0	1029.50	
1932	8	24	7	0	0	1029.00	
1932	8	24	13	0	0	1028.30	
1932	8	24	18	0	0	1027.60	
1932	8	25	7	0	0	1027.20	
1932	8	25	13	0	0	1026.30	
1932	8	25	18	0	0	1025.20	
1932	8	26	7	0	0	1021.10	
1932	8	26	13	0	0	1019.30	
1932	8	26	18	0	0	1017.70	
1932	8	27	7	0	0	1019.20	
1932	8	27	13	0	0	1021.50	
1932	8	27	18	0	0	1021.90	
1932	8	28	7	0	0	1020.80	
1932	8	28	13	0	0	1019.20	
1932	8	28	18	0	0	1017.50	
1932	8	29	7	0	0	1014.90	
1932	8	29	13	0	0	1012.80	
1932	8	29	18	0	0	1009.80	
1932	8	30	7	0	0	1005.40	
1932	8	30	13	0	0	1007.00	
1932	8	30	18	0	0	1009.70	
1932	8	31	7	0	0	1015.60	
1932	8	31	13	0	0	1016.70	
1932	8	31	18	0	0	1016.80	
1932	9	1	7	0	0	1011.20	
1932	9	1	13	0	0	1008.90	
1932	9	1	18	0	0	1008.30	
1932	9	2	7	0	0	1009.00	
1932	9	2	13	0	0	1006.10	
1932	9	2	18	0	0	1004.40	
1932	9	3	7	0	0	999.30	
1932	9	3	13	0	0	1000.40	
1932	9	3	18	0	0	1005.10	
1932	9	4	7	0	0	1011.50	
1932	9	4	13	0	0	1013.50	
1932	9	4	18	0	0	1014.00	
1932	9	5	7	0	0	1010.00	
1932	9	5	13	0	0	1007.10	
1932	9	5	18	0	0	1004.30	
1932	9	6	7	0	0	1001.70	
1932	9	7	7	0	0	1001.80	
1932	9	7	13	0	0	1002.60	
1932	9	7	18	0	0	999.90	
1932	9	8	7	0	0	993.40	
1932	9	8	13	0	0	994.70	
1932	9	8	18	0	0	997.70	
1932	9	9	7	0	0	1004.20	
1932	9	9	13	0	0	1005.80	
1932	9	9	18	0	0	1006.10	
1932	9	10	7	0	0	997.70	
1932	9	10	13	0	0	999.60	
1932	9	10	18	0	0	1000.70	
1932	9	11	7	0	0	994.90	
1932	9	11	13	0	0	1001.20	
1932	9	11	18	0	0	1005.30	
1932	9	12	7	0	0	1010.20	
1932	9	12	13	0	0	1013.50	
1932	9	12	18	0	0	1015.30	
1932	9	13	7	0	0	1011.90	
1932	9	13	13	0	0	1012.30	
1932	9	13	18	0	0	1012.50	
1932	9	14	7	0	0	1019.80	
1932	9	14	13	0	0	1022.10	
1932	9	14	18	0	0	1023.30	
1932	9	15	7	0	0	1027.70	
1932	9	15	13	0	0	1030.10	
1932	9	15	18	0	0	1029.40	
1932	9	16	7	0	0	1027.80	
1932	9	16	13	0	0	1026.10	
1932	9	16	18	0	0	1024.50	
1932	9	17	7	0	0	1021.70	
1932	9	17	13	0	0	1018.80	
1932	9	17	18	0	0	1014.20	
1932	9	18	7	0	0	1007.40	
1932	9	18	13	0	0	1007.00	
1932	9	18	18	0	0	1007.10	
1932	9	19	7	0	0	1008.60	
1932	9	19	13	0	0	1012.20	
1932	9	19	18	0	0	1015.10	
1932	9	20	7	0	0	1022.30	
1932	9	20	13	0	0	1023.50	
1932	9	20	18	0	0	1024.10	
1932	9	21	7	0	0	1025.80	
1932	9	21	13	0	0	1025.00	
1932	9	21	18	0	0	1022.60	
1932	9	22	7	0	0	1014.70	
1932	9	22	13	0	0	1010.00	
1932	9	22	18	0	0	1006.80	
1932	9	23	7	0	0	1002.90	
1932	9	23	13	0	0	1003.60	
1932	9	23	18	0	0	1004.10	
1932	9	24	13	0	0	994.70	
1932	9	24	18	0	0	992.60	
1932	9	25	7	0	0	990.30	
1932	9	25	13	0	0	992.20	
1932	9	25	18	0	0	994.40	
1932	9	26	7	0	0	1002.30	
1932	9	26	13	0	0	1007.90	
1932	9	26	18	0	0	1011.30	
1932	9	27	7	0	0	1022.70	
1932	9	27	13	0	0	1026.20	
1932	9	27	18	0	0	1028.20	
1932	9	28	7	0	0	1032.50	
1932	9	28	13	0	0	1031.20	
1932	9	28	18	0	0	1030.00	
1932	9	29	7	0	0	1026.30	
1932	9	29	13	0	0	1023.80	
1932	9	29	18	0	0	1019.00	
1932	9	30	7	0	0	1011.10	
1932	9	30	13	0	0	1009.60	
1932	9	30	18	0	0	1008.70	
1932	10	1	7	0	0	1013.00	
1932	10	1	13	0	0	1016.10	
1932	10	1	18	0	0	1018.10	
1932	10	2	7	0	0	1010.00	
1932	10	2	13	0	0	1012.10	
1932	10	2	18	0	0	1015.10	
1932	10	3	7	0	0	1015.90	
1932	10	3	13	0	0	1020.60	
1932	10	3	18	0	0	1022.40	
1932	10	4	7	0	0	1022.90	
1932	10	4	13	0	0	1021.20	
1932	10	4	18	0	0	1020.10	
1932	10	5	7	0	0	1016.80	
1932	10	5	13	0	0	1015.20	
1932	10	5	18	0	0	1013.90	
1932	10	6	7	0	0	1008.40	
1932	10	6	13	0	0	1004.60	
1932	10	6	18	0	0	1001.60	
1932	10	7	7	0	0	998.50	
1932	10	7	13	0	0	990.60	
1932	10	7	18	0	0	985.80	
1932	10	8	7	0	0	984.40	
1932	10	8	13	0	0	983.80	
1932	10	8	18	0	0	982.90	
1932	10	9	7	0	0	984.90	
1932	10	9	13	0	0	987.00	
1932	10	9	18	0	0	989.50	
1932	10	10	7	0	0	993.10	
1932	10	10	13	0	0	993.30	
1932	10	10	18	0	0	995.60	
1932	10	11	7	0	0	999.10	
1932	10	11	13	0	0	1001.20	
1932	10	11	18	0	0	1003.40	
1932	10	12	7	0	0	1005.30	
1932	10	12	13	0	0	1003.30	
1932	10	12	18	0	0	1001.90	
1932	10	13	7	0	0	994.10	
1932	10	13	13	0	0	995.70	
1932	10	13	18	0	0	997.00	
1932	10	14	7	0	0	995.00	
1932	10	14	13	0	0	999.40	
1932	10	14	18	0	0	1002.90	
1932	10	15	7	0	0	1012.60	
1932	10	15	13	0	0	1013.70	
1932	10	15	18	0	0	1010.70	
1932	10	16	7	0	0	1009.00	
1932	10	16	13	0	0	1008.40	
1932	10	16	18	0	0	1004.50	
1932	10	17	7	0	0	1015.10	
1932	10	17	13	0	0	1016.00	
1932	10	17	18	0	0	1007.80	
1932	10	18	7	0	0	1011.40	
1932	10	18	13	0	0	1017.20	
1932	10	18	18	0	0	1020.00	
1932	10	19	7	0	0	1021.20	
1932	10	19	13	0	0	1015.50	
1932	10	19	18	0	0	1004.20	
1932	10	20	7	0	0	998.10	
1932	10	20	13	0	0	998.60	
1932	10	20	18	0	0	998.00	
1932	10	21	7	0	0	996.80	
1932	10	21	13	0	0	999.40	
1932	10	21	18	0	0	999.80	
1932	10	22	7	0	0	993.90	
1932	10	22	13	0	0	997.90	
1932	10	22	18	0	0	1001.50	
1932	10	23	7	0	0	1003.20	
1932	10	23	13	0	0	1002.10	
1932	10	23	18	0	0	1003.20	
1932	10	24	7	0	0	1002.70	
1932	10	24	13	0	0	1005.60	
1932	10	24	18	0	0	1009.00	
1932	10	25	7	0	0	1008.70	
1932	10	25	13	0	0	1002.90	
1932	10	25	18	0	0	1000.20	
1932	10	26	7	0	0	995.00	
1932	10	26	13	0	0	997.20	
1932	10	26	18	0	0	999.60	
1932	10	27	7	0	0	996.80	
1932	10	27	13	0	0	996.10	
1932	10	27	18	0	0	997.20	
1932	10	28	7	0	0	1008.40	
1932	10	28	13	0	0	1012.00	
1932	10	28	18	0	0	1014.60	
1932	10	29	7	0	0	1006.20	
1932	10	29	13	0	0	991.50	
1932	10	29	18	0	0	989.20	
1932	10	30	7	0	0	990.70	
1932	10	30	13	0	0	996.10	
1932	10	31	7	0	0	1010.90	
1932	10	31	13	0	0	1014.20	
1932	10	31	18	0	0	1015.20	
1932	11	1	7	0	0	1009.10	
1932	11	1	13	0	0	1008.60	
1932	11	1	18	0	0	1010.00	
1932	11	2	7	0	0	1007.50	
1932	11	2	13	0	0	1009.90	
1932	11	2	18	0	0	1010.60	
1932	11	3	7	0	0	1008.90	
1932	11	3	13	0	0	1008.90	
1932	11	3	18	0	0	1006.90	
1932	11	4	7	0	0	1008.90	
1932	11	4	13	0	0	1012.90	
1932	11	4	18	0	0	1018.10	
1932	11	5	7	0	0	1029.60	
1932	11	5	13	0	0	1031.60	
1932	11	5	18	0	0	1032.40	
1932	11	6	7	0	0	1030.70	
1932	11	6	13	0	0	1028.10	
1932	11	6	18	0	0	1026.80	
1932	11	7	7	0	0	1025.30	
1932	11	7	13	0	0	1024.00	
1932	11	7	18	0	0	1023.60	
1932	11	8	7	0	0	1019.70	
1932	11	8	13	0	0	1018.60	
1932	11	8	18	0	0	1017.60	
1932	11	9	7	0	0	1014.20	
1932	11	9	13	0	0	1014.00	
1932	11	9	18	0	0	1014.90	
1932	11	10	7	0	0	1018.90	
1932	11	10	13	0	0	1021.30	
1932	11	10	18	0	0	1021.80	
1932	11	11	7	0	0	1021.70	
1932	11	11	13	0	0	1020.80	
1932	11	11	18	0	0	1021.50	
1932	11	12	7	0	0	1028.10	
1932	11	12	13	0	0	1029.00	
1932	11	12	18	0	0	1030.90	
1932	11	13	7	0	0	1033.50	
1932	11	13	13	0	0	1035.10	
1932	11	13	18	0	0	1034.90	
1932	11	14	7	0	0	1034.80	
1932	11	14	13	0	0	1032.90	
1932	11	14	18	0	0	1031.90	
1932	11	15	7	0	0	1027.90	
1932	11	15	13	0	0	1026.40	
1932	11	15	18	0	0	1024.80	
1932	11	16	7	0	0	1024.50	
1932	11	16	13	0	0	1025.90	
1932	11	16	18	0	0	1026.20	
1932	11	17	7	0	0	1023.00	
1932	11	17	13	0	0	1021.90	
1932	11	17	18	0	0	1019.30	
1932	11	18	7	0	0	1013.20	
1932	11	18	13	0	0	1011.80	
1932	11	18	18	0	0	1011.70	
1932	11	19	7	0	0	1015.10	
1932	11	19	13	0	0	1015.00	
1932	11	19	18	0	0	1013.20	
1932	11	20	7	0	0	1003.40	
1932	11	20	13	0	0	1004.60	
1932	11	20	18	0	0	1005.30	
1932	11	21	7	0	0	1008.40	
1932	11	21	13	0	0	1010.30	
1932	11	21	18	0	0	1011.30	
1932	11	22	7	0	0	994.10	
1932	11	22	13	0	0	991.00	
1932	11	22	18	0	0	997.10	
1932	11	23	7	0	0	995.70	
1932	11	23	13	0	0	997.30	
1932	11	23	18	0	0	1000.70	
1932	11	24	7	0	0	1003.70	
1932	11	24	13	0	0	1006.90	
1932	11	24	18	0	0	1008.50	
1932	11	25	7	0	0	1011.20	
1932	11	25	13	0	0	1010.50	
1932	11	25	18	0	0	1008.50	
1932	11	26	7	0	0	995.20	
1932	11	26	13	0	0	994.70	
1932	11	26	18	0	0	993.70	
1932	11	27	7	0	0	1003.40	
1932	11	27	13	0	0	1012.70	
1932	11	27	18	0	0	1020.80	
1932	11	28	7	0	0	1027.20	
1932	11	28	13	0	0	1027.30	
1932	11	28	18	0	0	1026.10	
1932	11	29	7	0	0	1018.20	
1932	11	29	13	0	0	1012.70	
1932	11	29	18	0	0	1007.00	
1932	11	30	7	0	0	1006.00	
1932	11	30	13	0	0	1001.60	
1932	11	30	18	0	0	999.80	
1932	12	1	7	0	0	1005.70	
1932	12	1	13	0	0	1010.00	
1932	12	1	18	0	0	1009.60	
1932	12	2	7	0	0	990.20	
1932	12	2	13	0	0	992.70	
1932	12	2	18	0	0	988.20	
1932	12	3	7	0	0	989.80	
1932	12	3	13	0	0	990.20	
1932	12	3	18	0	0	993.00	
1932	12	4	7	0	0	1007.00	
1932	12	4	13	0	0	1010.20	
1932	12	4	18	0	0	1011.00	
1932	12	5	7	0	0	1011.20	
1932	12	5	13	0	0	1013.60	
1932	12	5	18	0	0	1015.20	
1932	12	6	7	0	0	1020.90	
1932	12	6	13	0	0	1023.30	
1932	12	6	18	0	0	1025.30	
1932	12	7	7	0	0	1029.10	
1932	12	7	13	0	0	1029.90	
1932	12	7	18	0	0	1030.30	
1932	12	8	7	0	0	1029.70	
1932	12	8	13	0	0	1029.60	
1932	12	8	18	0	0	1029.60	
1932	12	9	7	0	0	1031.00	
1932	12	9	13	0	0	1032.30	
1932	12	9	18	0	0	1032.00	
1932	12	10	7	0	0	1031.10	
1932	12	10	13	0	0	1030.60	
1932	12	10	18	0	0	1028.80	
1932	12	11	7	0	0	1024.80	
1932	12	11	13	0	0	1022.00	
1932	12	11	18	0	0	1019.60	
1932	12	12	7	0	0	1013.80	
1932	12	12	13	0	0	1013.80	
1932	12	12	18	0	0	1013.40	
1932	12	13	7	0	0	1011.30	
1932	12	13	13	0	0	1009.10	
1932	12	13	18	0	0	1006.70	
1932	12	14	7	0	0	1009.20	
1932	12	14	13	0	0	1012.10	
1932	12	14	18	0	0	1014.70	
1932	12	15	7	0	0	1007.40	
1932	12	15	13	0	0	1012.00	
1932	12	15	18	0	0	1015.90	
1932	12	16	7	0	0	1006.90	
1932	12	16	13	0	0	1007.20	
1932	12	16	18	0	0	1010.10	
1932	12	17	7	0	0	1001.50	
1932	12	17	13	0	0	997.90	
1932	12	17	18	0	0	998.80	
1932	12	18	7	0	0	1003.40	
1932	12	18	13	0	0	1000.80	
1932	12	18	18	0	0	999.20	
1932	12	19	7	0	0	1003.40	
1932	12	19	13	0	0	1005.70	
1932	12	19	18	0	0	1006.70	
1932	12	20	7	0	0	1013.80	
1932	12	20	13	0	0	1016.60	
1932	12	20	18	0	0	1015.70	
1932	12	21	7	0	0	1007.30	
1932	12	21	13	0	0	1007.50	
1932	12	21	18	0	0	1006.30	
1932	12	22	7	0	0	1010.00	
1932	12	22	13	0	0	1012.60	
1932	12	22	18	0	0	1008.40	
1932	12	23	7	0	0	1001.00	
1932	12	23	13	0	0	1000.70	
1932	12	23	18	0	0	1003.30	
1932	12	24	7	0	0	1020.50	
1932	12	24	13	0	0	1026.80	
1932	12	24	18	0	0	1032.00	
1932	12	25	7	0	0	1036.70	
1932	12	25	13	0	0	1036.90	
1932	12	25	18	0	0	1035.90	
1932	12	26	7	0	0	1031.80	
1932	12	26	13	0	0	1028.60	
1932	12	26	18	0	0	1025.60	
1932	12	27	7	0	0	1020.20	
1932	12	27	13	0	0	1020.60	
1932	12	27	18	0	0	1020.30	
1932	12	28	7	0	0	1016.00	
1932	12	28	13	0	0	1013.50	
1932	12	28	18	0	0	1009.60	
1932	12	29	7	0	0	1003.30	
1932	12	29	13	0	0	999.40	
1932	12	29	18	0	0	999.30	
1932	12	30	7	0	0	1004.20	
1932	12	30	13	0	0	1004.80	
1932	12	30	18	0	0	1005.10	
1932	12	31	7	0	0	998.60	
1932	12	31	13	0	0	991.80	
1932	12	31	18	0	0	990.90	
1933	1	1	7	0	0	1002.20	
1933	1	1	13	0	0	1004.60	
1933	1	1	18	0	0	1003.40	
1933	1	2	7	0	0	993.50	
1933	1	2	13	0	0	984.00	
1933	1	2	18	0	0	978.30	
1933	1	3	7	0	0	987.80	
1933	1	3	13	0	0	992.40	
1933	1	3	18	0	0	997.30	
1933	1	4	7	0	0	1003.00	
1933	1	4	13	0	0	1002.80	
1933	1	4	18	0	0	1000.70	
1933	1	5	7	0	0	1005.20	
1933	1	5	13	0	0	1008.90	
1933	1	5	18	0	0	1009.10	
1933	1	6	7	0	0	1015.00	
1933	1	6	13	0	0	1019.40	
1933	1	6	18	0	0	1023.20	
1933	1	7	7	0	0	1024.10	
1933	1	7	13	0	0	1019.40	
1933	1	7	18	0	0	1017.50	
1933	1	8	7	0	0	1020.20	
1933	1	8	13	0	0	1018.50	
1933	1	8	18	0	0	1018.60	
1933	1	9	7	0	0	1035.20	
1933	1	9	13	0	0	1038.50	
1933	1	9	18	0	0	1038.70	
1933	1	10	7	0	0	1032.30	
1933	1	10	13	0	0	1027.90	
1933	1	10	18	0	0	1023.80	
1933	1	11	7	0	0	1022.70	
1933	1	11	13	0	0	1026.60	
1933	1	11	18	0	0	1028.40	
1933	1	12	7	0	0	1024.50	
1933	1	12	13	0	0	1022.30	
1933	1	12	18	0	0	1021.20	
1933	1	13	7	0	0	1022.90	
1933	1	13	13	0	0	1024.10	
1933	1	13	18	0	0	1025.60	
1933	1	14	7	0	0	1018.80	
1933	1	14	13	0	0	1012.30	
1933	1	14	18	0	0	1005.40	
1933	1	15	7	0	0	998.20	
1933	1	15	13	0	0	998.80	
1933	1	15	18	0	0	999.50	
1933	1	16	7	0	0	999.00	
1933	1	16	13	0	0	999.30	
1933	1	16	18	0	0	1000.40	
1933	1	17	7	0	0	1001.00	
1933	1	17	13	0	0	999.70	
1933	1	17	18	0	0	999.80	
1933	1	18	7	0	0	998.00	
1933	1	18	13	0	0	997.20	
1933	1	18	18	0	0	998.70	
1933	1	19	7	0	0	1010.70	
1933	1	19	13	0	0	1013.50	
1933	1	19	18	0	0	1014.40	
1933	1	20	7	0	0	1022.10	
1933	1	20	13	0	0	1025.60	
1933	1	20	18	0	0	1028.50	
1933	1	21	7	0	0	1032.00	
1933	1	21	13	0	0	1032.50	
1933	1	21	18	0	0	1032.30	
1933	1	22	7	0	0	1034.30	
1933	1	22	13	0	0	1035.00	
1933	1	22	18	0	0	1035.50	
1933	1	23	7	0	0	1036.80	
1933	1	23	13	0	0	1037.50	
1933	1	23	18	0	0	1038.30	
1933	1	24	7	0	0	1039.50	
1933	1	24	13	0	0	1039.10	
1933	1	24	18	0	0	1039.40	
1933	1	25	7	0	0	1038.90	
1933	1	25	13	0	0	1038.60	
1933	1	25	18	0	0	1037.90	
1933	1	26	7	0	0	1035.40	
1933	1	26	13	0	0	1034.10	
1933	1	26	18	0	0	1032.80	
1933	1	27	7	0	0	1031.40	
1933	1	27	13	0	0	1030.80	
1933	1	27	18	0	0	1030.30	
1933	1	28	7	0	0	1026.90	
1933	1	28	13	0	0	1024.30	
1933	1	28	18	0	0	1021.50	
1933	1	29	7	0	0	1013.10	
1933	1	29	13	0	0	1009.20	
1933	1	29	18	0	0	1006.10	
1933	1	30	7	0	0	999.50	
1933	1	30	13	0	0	999.40	
1933	1	30	18	0	0	1000.40	
1933	1	31	7	0	0	1002.60	
1933	1	31	13	0	0	1000.80	
1933	1	31	18	0	0	993.30	
1933	2	1	7	0	0	981.40	
1933	2	1	13	0	0	991.20	
1933	2	1	18	0	0	993.70	
1933	2	2	7	0	0	1001.20	
1933	2	2	13	0	0	1006.50	
1933	2	2	18	0	0	1011.10	
1933	2	3	7	0	0	1015.40	
1933	2	3	13	0	0	1011.70	
1933	2	3	18	0	0	1003.80	
1933	2	4	7	0	0	1000.10	
1933	2	4	13	0	0	1001.70	
1933	2	4	18	0	0	1001.10	
1933	2	5	7	0	0	993.90	
1933	2	5	13	0	0	998.70	
1933	2	5	18	0	0	1004.10	
1933	2	6	7	0	0	1010.10	
1933	2	6	13	0	0	1008.10	
1933	2	6	18	0	0	1003.40	
1933	2	7	7	0	0	994.80	
1933	2	7	13	0	0	996.90	
1933	2	7	18	0	0	1001.20	
1933	2	8	7	0	0	1002.90	
1933	2	8	13	0	0	1004.00	
1933	2	8	18	0	0	1003.10	
1933	2	9	7	0	0	1005.90	
1933	2	9	13	0	0	1005.60	
1933	2	9	18	0	0	1010.00	
1933	2	10	7	0	0	1015.80	
1933	2	10	13	0	0	1024.60	
1933	2	10	18	0	0	1030.60	
1933	2	11	7	0	0	1038.80	
1933	2	11	13	0	0	1040.30	
1933	2	11	18	0	0	1039.40	
1933	2	12	7	0	0	1036.60	
1933	2	12	13	0	0	1035.60	
1933	2	12	18	0	0	1034.20	
1933	2	13	7	0	0	1037.80	
1933	2	13	13	0	0	1038.30	
1933	2	13	18	0	0	1037.50	
1933	2	14	7	0	0	1034.80	
1933	2	14	13	0	0	1033.10	
1933	2	14	18	0	0	1031.40	
1933	2	15	7	0	0	1026.30	
1933	2	15	13	0	0	1025.20	
1933	2	15	18	0	0	1024.60	
1933	2	16	7	0	0	1024.70	
1933	2	16	13	0	0	1024.50	
1933	2	16	18	0	0	1024.90	
1933	2	17	7	0	0	1028.10	
1933	2	17	13	0	0	1027.50	
1933	2	17	18	0	0	1025.40	
1933	2	18	7	0	0	1022.20	
1933	2	18	13	0	0	1024.00	
1933	2	18	18	0	0	1022.20	
1933	2	19	7	0	0	1022.60	
1933	2	19	13	0	0	1024.40	
1933	2	19	18	0	0	1025.50	
1933	2	20	7	0	0	1025.00	
1933	2	20	13	0	0	1022.70	
1933	2	20	18	0	0	1021.20	
1933	2	21	7	0	0	1021.80	
1933	2	21	13	0	0	1022.60	
1933	2	21	18	0	0	1022.90	
1933	2	22	7	0	0	1023.60	
1933	2	22	13	0	0	1024.20	
1933	2	22	18	0	0	1023.90	
1933	2	23	7	0	0	1018.20	
1933	2	23	13	0	0	1013.10	
1933	2	23	18	0	0	1009.10	
1933	2	24	7	0	0	1002.20	
1933	2	24	13	0	0	1000.70	
1933	2	24	18	0	0	998.60	
1933	2	25	7	0	0	992.60	
1933	2	25	13	0	0	994.90	
1933	2	25	18	0	0	996.80	
1933	2	26	7	0	0	1000.20	
1933	2	26	13	0	0	997.70	
1933	2	26	18	0	0	994.00	
1933	2	27	7	0	0	996.90	
1933	2	27	13	0	0	994.60	
1933	2	27	18	0	0	999.20	
1933	2	28	7	0	0	1001.80	
1933	2	28	13	0	0	1005.20	
1933	2	28	18	0	0	1006.60	
1933	3	1	7	0	0	1003.00	
1933	3	1	13	0	0	1004.90	
1933	3	1	18	0	0	1003.10	
1933	3	2	7	0	0	999.70	
1933	3	2	13	0	0	997.40	
1933	3	2	18	0	0	993.10	
1933	3	3	7	0	0	984.40	
1933	3	3	13	0	0	983.80	
1933	3	3	18	0	0	983.30	
1933	3	4	7	0	0	982.40	
1933	3	4	13	0	0	983.50	
1933	3	4	18	0	0	986.60	
1933	3	5	7	0	0	994.10	
1933	3	5	13	0	0	994.20	
1933	3	5	18	0	0	987.60	
1933	3	6	7	0	0	989.00	
1933	3	6	13	0	0	989.60	
1933	3	6	18	0	0	990.90	
1933	3	7	7	0	0	1001.10	
1933	3	7	13	0	0	1010.00	
1933	3	7	18	0	0	1016.50	
1933	3	8	7	0	0	1022.90	
1933	3	8	13	0	0	1020.20	
1933	3	8	18	0	0	1017.30	
1933	3	9	7	0	0	1016.60	
1933	3	9	13	0	0	1018.20	
1933	3	9	18	0	0	1018.10	
1933	3	10	7	0	0	1018.30	
1933	3	10	13	0	0	1018.20	
1933	3	10	18	0	0	1016.60	
1933	3	11	7	0	0	1014.20	
1933	3	11	13	0	0	1013.70	
1933	3	11	18	0	0	1013.40	
1933	3	12	7	0	0	1017.50	
1933	3	12	13	0	0	1018.00	
1933	3	12	18	0	0	1017.80	
1933	3	13	7	0	0	1019.90	
1933	3	13	13	0	0	1019.90	
1933	3	13	18	0	0	1018.90	
1933	3	14	7	0	0	1019.50	
1933	3	14	13	0	0	1019.90	
1933	3	14	18	0	0	1015.60	
1933	3	15	7	0	0	1012.50	
1933	3	15	13	0	0	1007.60	
1933	3	15	18	0	0	1001.70	
1933	3	16	7	0	0	992.10	
1933	3	16	13	0	0	989.70	
1933	3	16	18	0	0	988.20	
1933	3	17	7	0	0	981.90	
1933	3	17	13	0	0	980.20	
1933	3	17	18	0	0	980.20	
1933	3	18	7	0	0	987.20	
1933	3	18	13	0	0	988.20	
1933	3	18	18	0	0	987.40	
1933	3	19	7	0	0	987.40	
1933	3	19	13	0	0	984.10	
1933	3	19	18	0	0	984.10	
1933	3	20	7	0	0	1002.10	
1933	3	20	13	0	0	1016.60	
1933	3	20	18	0	0	1020.90	
1933	3	21	7	0	0	1022.40	
1933	3	21	13	0	0	1020.90	
1933	3	21	18	0	0	1019.70	
1933	3	22	7	0	0	1017.80	
1933	3	22	13	0	0	1017.00	
1933	3	22	18	0	0	1015.90	
1933	3	23	7	0	0	1018.10	
1933	3	23	13	0	0	1017.60	
1933	3	23	18	0	0	1017.70	
1933	3	24	7	0	0	1022.60	
1933	3	24	13	0	0	1022.80	
1933	3	24	18	0	0	1022.90	
1933	3	25	7	0	0	1021.60	
1933	3	25	13	0	0	1020.30	
1933	3	25	18	0	0	1019.60	
1933	3	26	7	0	0	1025.70	
1933	3	26	13	0	0	1028.70	
1933	3	26	18	0	0	1029.90	
1933	3	27	7	0	0	1030.60	
1933	3	27	13	0	0	1029.30	
1933	3	27	18	0	0	1026.90	
1933	3	28	7	0	0	1022.90	
1933	3	28	13	0	0	1020.00	
1933	3	28	18	0	0	1016.80	
1933	3	29	7	0	0	1011.00	
1933	3	29	13	0	0	1011.50	
1933	3	29	18	0	0	1010.80	
1933	3	30	7	0	0	1010.20	
1933	3	30	13	0	0	1012.20	
1933	3	30	18	0	0	1014.60	
1933	3	31	7	0	0	1015.00	
1933	3	31	13	0	0	1013.50	
1933	3	31	18	0	0	1012.30	
1933	4	1	7	0	0	1020.80	
1933	4	1	13	0	0	1024.90	
1933	4	1	18	0	0	1025.90	
1933	4	2	7	0	0	1022.90	
1933	4	2	13	0	0	1019.60	
1933	4	2	18	0	0	1018.30	
1933	4	3	7	0	0	1019.70	
1933	4	3	13	0	0	1021.10	
1933	4	3	18	0	0	1021.60	
1933	4	4	7	0	0	1023.20	
1933	4	4	13	0	0	1024.30	
1933	4	4	18	0	0	1023.60	
1933	4	5	7	0	0	1023.80	
1933	4	5	13	0	0	1024.40	
1933	4	5	18	0	0	1024.20	
1933	4	6	7	0	0	1024.60	
1933	4	6	13	0	0	1024.30	
1933	4	6	18	0	0	1023.80	
1933	4	7	7	0	0	1022.20	
1933	4	7	13	0	0	1021.10	
1933	4	7	18	0	0	1019.40	
1933	4	8	7	0	0	1020.10	
1933	4	8	13	0	0	1020.40	
1933	4	8	18	0	0	1018.70	
1933	4	9	7	0	0	1012.90	
1933	4	9	13	0	0	1015.10	
1933	4	9	18	0	0	1015.80	
1933	4	10	7	0	0	1015.50	
1933	4	10	13	0	0	1014.80	
1933	4	10	18	0	0	1012.70	
1933	4	11	7	0	0	1011.90	
1933	4	11	13	0	0	1012.50	
1933	4	11	18	0	0	1011.10	
1933	4	12	7	0	0	1015.70	
1933	4	12	13	0	0	1018.80	
1933	4	12	18	0	0	1021.60	
1933	4	13	7	0	0	1029.20	
1933	4	13	13	0	0	1030.30	
1933	4	13	18	0	0	1030.90	
1933	4	14	7	0	0	1032.50	
1933	4	14	13	0	0	1030.80	
1933	4	14	18	0	0	1027.70	
1933	4	15	7	0	0	1023.80	
1933	4	15	13	0	0	1022.60	
1933	4	15	18	0	0	1022.30	
1933	4	16	7	0	0	1021.00	
1933	4	16	13	0	0	1022.10	
1933	4	16	18	0	0	1021.80	
1933	4	17	7	0	0	1022.10	
1933	4	17	13	0	0	1021.70	
1933	4	17	18	0	0	1020.50	
1933	4	18	7	0	0	1022.80	
1933	4	18	13	0	0	1024.90	
1933	4	18	18	0	0	1025.60	
1933	4	19	7	0	0	1028.00	
1933	4	19	13	0	0	1025.90	
1933	4	19	18	0	0	1024.40	
1933	4	20	7	0	0	1023.20	
1933	4	20	13	0	0	1021.40	
1933	4	20	18	0	0	1020.20	
1933	4	21	7	0	0	1023.00	
1933	4	21	13	0	0	1024.00	
1933	4	21	18	0	0	1024.30	
1933	4	22	7	0	0	1024.80	
1933	4	22	13	0	0	1022.90	
1933	4	22	18	0	0	1020.50	
1933	4	23	7	0	0	1012.50	
1933	4	23	13	0	0	1011.10	
1933	4	23	18	0	0	1010.50	
1933	4	24	7	0	0	1010.00	
1933	4	24	13	0	0	1008.40	
1933	4	24	18	0	0	1005.10	
1933	4	25	7	0	0	1004.60	
1933	4	25	13	0	0	1003.30	
1933	4	25	18	0	0	1002.10	
1933	4	26	7	0	0	1002.50	
1933	4	26	13	0	0	1003.70	
1933	4	26	18	0	0	1002.20	
1933	4	27	7	0	0	1003.50	
1933	4	27	13	0	0	1003.90	
1933	4	27	18	0	0	1002.40	
1933	4	28	7	0	0	1005.20	
1933	4	28	13	0	0	1005.40	
1933	4	28	18	0	0	1005.00	
1933	4	29	7	0	0	1007.00	
1933	4	29	13	0	0	1006.30	
1933	4	29	18	0	0	1006.60	
1933	4	30	7	0	0	1008.00	
1933	4	30	13	0	0	1010.50	
1933	4	30	18	0	0	1011.20	
1933	5	1	7	0	0	1013.10	
1933	5	1	13	0	0	1014.70	
1933	5	1	18	0	0	1014.80	
1933	5	2	7	0	0	1015.50	
1933	5	2	13	0	0	1012.80	
1933	5	2	18	0	0	1010.30	
1933	5	3	7	0	0	1008.30	
1933	5	3	13	0	0	1007.00	
1933	5	3	18	0	0	1007.60	
1933	5	4	7	0	0	1007.90	
1933	5	4	13	0	0	1008.40	
1933	5	4	18	0	0	1005.30	
1933	5	5	7	0	0	1006.70	
1933	5	5	13	0	0	1005.50	
1933	5	5	18	0	0	1003.10	
1933	5	6	7	0	0	1002.30	
1933	5	6	13	0	0	1001.10	
1933	5	6	18	0	0	999.10	
1933	5	7	7	0	0	999.10	
1933	5	7	13	0	0	1001.00	
1933	5	7	18	0	0	1003.70	
1933	5	8	7	0	0	1007.00	
1933	5	8	13	0	0	1005.20	
1933	5	8	18	0	0	1004.50	
1933	5	9	7	0	0	1007.80	
1933	5	9	13	0	0	1009.80	
1933	5	9	18	0	0	1009.40	
1933	5	10	7	0	0	1012.30	
1933	5	10	13	0	0	1014.60	
1933	5	10	18	0	0	1015.60	
1933	5	11	7	0	0	1016.30	
1933	5	11	13	0	0	1016.00	
1933	5	11	18	0	0	1016.30	
1933	5	12	7	0	0	1017.20	
1933	5	12	13	0	0	1016.80	
1933	5	12	18	0	0	1016.30	
1933	5	13	7	0	0	1014.20	
1933	5	13	13	0	0	1012.80	
1933	5	13	18	0	0	1011.70	
1933	5	14	7	0	0	1015.70	
1933	5	14	13	0	0	1018.50	
1933	5	14	18	0	0	1019.50	
1933	5	15	7	0	0	1022.50	
1933	5	15	13	0	0	1023.00	
1933	5	15	18	0	0	1022.30	
1933	5	16	7	0	0	1018.20	
1933	5	16	13	0	0	1017.30	
1933	5	16	18	0	0	1017.40	
1933	5	17	7	0	0	1020.10	
1933	5	17	13	0	0	1021.00	
1933	5	17	18	0	0	1021.50	
1933	5	18	7	0	0	1020.70	
1933	5	18	13	0	0	1018.80	
1933	5	18	18	0	0	1017.40	
1933	5	19	7	0	0	1017.70	
1933	5	19	13	0	0	1015.70	
1933	5	19	18	0	0	1012.50	
1933	5	20	7	0	0	1006.90	
1933	5	20	13	0	0	1007.40	
1933	5	20	18	0	0	1008.60	
1933	5	21	7	0	0	1015.00	
1933	5	21	13	0	0	1017.40	
1933	5	21	18	0	0	1018.40	
1933	5	22	7	0	0	1022.10	
1933	5	22	13	0	0	1021.80	
1933	5	22	18	0	0	1022.10	
1933	5	23	7	0	0	1023.70	
1933	5	23	13	0	0	1023.70	
1933	5	23	18	0	0	1023.10	
1933	5	24	7	0	0	1021.10	
1933	5	24	13	0	0	1018.80	
1933	5	24	18	0	0	1018.50	
1933	5	25	7	0	0	1018.10	
1933	5	25	13	0	0	1016.60	
1933	5	25	18	0	0	1016.40	
1933	5	26	7	0	0	1016.50	
1933	5	26	13	0	0	1015.50	
1933	5	26	18	0	0	1015.30	
1933	5	27	7	0	0	1015.80	
1933	5	27	13	0	0	1016.20	
1933	5	27	18	0	0	1016.90	
1933	5	28	7	0	0	1018.60	
1933	5	28	13	0	0	1019.90	
1933	5	28	18	0	0	1019.90	
1933	5	29	7	0	0	1021.20	
1933	5	29	13	0	0	1020.20	
1933	5	29	18	0	0	1018.90	
1933	5	30	7	0	0	1015.70	
1933	5	30	13	0	0	1013.50	
1933	5	30	18	0	0	1011.10	
1933	5	31	7	0	0	1010.40	
1933	5	31	13	0	0	1010.60	
1933	5	31	18	0	0	1010.50	
1933	6	1	7	0	0	1010.90	
1933	6	1	13	0	0	1009.80	
1933	6	1	18	0	0	1008.30	
1933	6	2	7	0	0	1011.20	
1933	6	2	13	0	0	1012.30	
1933	6	2	18	0	0	1012.80	
1933	6	3	7	0	0	1013.80	
1933	6	3	13	0	0	1014.90	
1933	6	3	18	0	0	1013.90	
1933	6	4	7	0	0	1014.60	
1933	6	4	13	0	0	1014.50	
1933	6	4	18	0	0	1013.10	
1933	6	5	7	0	0	1012.80	
1933	6	5	13	0	0	1014.30	
1933	6	5	18	0	0	1015.00	
1933	6	6	7	0	0	1017.30	
1933	6	6	13	0	0	1017.30	
1933	6	6	18	0	0	1016.20	
1933	6	7	7	0	0	1016.10	
1933	6	7	13	0	0	1016.40	
1933	6	7	18	0	0	1018.30	
1933	6	8	7	0	0	1023.90	
1933	6	8	13	0	0	1025.20	
1933	6	8	18	0	0	1026.00	
1933	6	9	7	0	0	1029.30	
1933	6	9	13	0	0	1029.60	
1933	6	9	18	0	0	1030.30	
1933	6	10	7	0	0	1029.80	
1933	6	10	13	0	0	1028.20	
1933	6	10	18	0	0	1026.10	
1933	6	11	7	0	0	1020.50	
1933	6	11	13	0	0	1019.40	
1933	6	11	18	0	0	1018.10	
1933	6	12	7	0	0	1017.40	
1933	6	12	13	0	0	1016.30	
1933	6	12	18	0	0	1014.80	
1933	6	13	7	0	0	1015.10	
1933	6	13	13	0	0	1015.10	
1933	6	13	18	0	0	1015.70	
1933	6	14	7	0	0	1020.00	
1933	6	14	13	0	0	1020.70	
1933	6	14	18	0	0	1020.10	
1933	6	15	7	0	0	1016.70	
1933	6	15	13	0	0	1014.90	
1933	6	15	18	0	0	1013.10	
1933	6	16	7	0	0	1013.00	
1933	6	16	13	0	0	1006.30	
1933	6	16	18	0	0	999.30	
1933	6	17	7	0	0	996.00	
1933	6	17	13	0	0	994.10	
1933	6	17	18	0	0	993.50	
1933	6	18	7	0	0	988.50	
1933	6	18	13	0	0	989.20	
1933	6	18	18	0	0	991.10	
1933	6	19	7	0	0	993.80	
1933	6	19	13	0	0	995.20	
1933	6	19	18	0	0	995.70	
1933	6	20	7	0	0	995.40	
1933	6	20	13	0	0	994.30	
1933	6	20	18	0	0	994.40	
1933	6	21	7	0	0	997.60	
1933	6	21	13	0	0	999.90	
1933	6	21	18	0	0	1001.80	
1933	6	22	7	0	0	1005.60	
1933	6	22	13	0	0	1006.10	
1933	6	22	18	0	0	1007.20	
1933	6	23	7	0	0	1007.60	
1933	6	23	13	0	0	1004.60	
1933	6	23	18	0	0	1003.30	
1933	6	24	7	0	0	1003.40	
1933	6	24	13	0	0	1004.30	
1933	6	24	18	0	0	1005.80	
1933	6	25	7	0	0	1011.80	
1933	6	25	13	0	0	1013.60	
1933	6	25	18	0	0	1014.30	
1933	6	26	7	0	0	1016.70	
1933	6	26	13	0	0	1017.10	
1933	6	26	18	0	0	1017.50	
1933	6	27	7	0	0	1017.60	
1933	6	27	13	0	0	1016.90	
1933	6	27	18	0	0	1015.60	
1933	6	28	7	0	0	1013.60	
1933	6	28	13	0	0	1013.80	
1933	6	28	18	0	0	1013.80	
1933	6	29	7	0	0	1016.70	
1933	6	29	13	0	0	1018.00	
1933	6	29	18	0	0	1018.60	
1933	6	30	7	0	0	1020.10	
1933	6	30	13	0	0	1019.80	
1933	6	30	18	0	0	1019.60	
1933	7	1	7	0	0	1022.10	
1933	7	1	13	0	0	1023.60	
1933	7	1	18	0	0	1024.30	
1933	7	2	7	0	0	1029.10	
1933	7	2	13	0	0	1030.00	
1933	7	2	18	0	0	1031.60	
1933	7	3	7	0	0	1036.10	
1933	7	3	13	0	0	1036.90	
1933	7	3	18	0	0	1037.00	
1933	7	4	7	0	0	1037.30	
1933	7	4	13	0	0	1035.40	
1933	7	4	18	0	0	1032.80	
1933	7	5	7	0	0	1027.50	
1933	7	5	13	0	0	1023.60	
1933	7	5	18	0	0	1021.50	
1933	7	6	7	0	0	1017.20	
1933	7	6	13	0	0	1015.70	
1933	7	6	18	0	0	1013.00	
1933	7	7	7	0	0	1009.40	
1933	7	7	13	0	0	1007.30	
1933	7	7	18	0	0	1006.30	
1933	7	8	7	0	0	1012.50	
1933	7	8	13	0	0	1013.60	
1933	7	8	18	0	0	1012.30	
1933	7	9	7	0	0	1013.90	
1933	7	9	13	0	0	1012.40	
1933	7	9	18	0	0	1008.30	
1933	7	10	7	0	0	1004.50	
1933	7	10	13	0	0	1003.90	
1933	7	10	18	0	0	1004.40	
1933	7	11	7	0	0	1002.70	
1933	7	11	13	0	0	1002.50	
1933	7	11	18	0	0	1001.60	
1933	7	12	7	0	0	1003.90	
1933	7	12	13	0	0	1005.80	
1933	7	12	18	0	0	1007.10	
1933	7	13	7	0	0	999.60	
1933	7	13	13	0	0	993.80	
1933	7	13	18	0	0	993.20	
1933	7	14	7	0	0	997.60	
1933	7	14	13	0	0	1001.30	
1933	7	14	18	0	0	1002.50	
1933	7	15	7	0	0	1003.90	
1933	7	15	13	0	0	1005.20	
1933	7	15	18	0	0	1007.10	
1933	7	16	7	0	0	1014.90	
1933	7	16	13	0	0	1017.40	
1933	7	16	18	0	0	1018.30	
1933	7	17	7	0	0	1019.00	
1933	7	17	13	0	0	1019.00	
1933	7	17	18	0	0	1019.10	
1933	7	18	7	0	0	1020.40	
1933	7	18	13	0	0	1020.30	
1933	7	18	18	0	0	1019.00	
1933	7	19	7	0	0	1014.60	
1933	7	19	13	0	0	1012.40	
1933	7	19	18	0	0	1010.90	
1933	7	20	7	0	0	1012.70	
1933	7	20	13	0	0	1013.90	
1933	7	20	18	0	0	1014.70	
1933	7	21	7	0	0	1017.30	
1933	7	21	13	0	0	1017.90	
1933	7	21	18	0	0	1017.80	
1933	7	22	7	0	0	1019.80	
1933	7	22	13	0	0	1020.90	
1933	7	22	18	0	0	1021.60	
1933	7	23	7	0	0	1023.80	
1933	7	23	13	0	0	1023.80	
1933	7	23	18	0	0	1023.10	
1933	7	24	7	0	0	1022.00	
1933	7	24	13	0	0	1021.50	
1933	7	24	18	0	0	1018.90	
1933	7	25	7	0	0	1014.70	
1933	7	25	13	0	0	1015.00	
1933	7	25	18	0	0	1015.00	
1933	7	26	7	0	0	1013.50	
1933	7	26	13	0	0	1014.70	
1933	7	26	18	0	0	1015.80	
1933	7	27	7	0	0	1016.70	
1933	7	27	13	0	0	1016.30	
1933	7	27	18	0	0	1015.70	
1933	7	28	7	0	0	1015.50	
1933	7	28	13	0	0	1013.10	
1933	7	28	18	0	0	1009.30	
1933	7	29	7	0	0	1006.80	
1933	7	29	13	0	0	1008.70	
1933	7	29	18	0	0	1012.50	
1933	7	30	7	0	0	1017.20	
1933	7	30	13	0	0	1013.00	
1933	7	30	18	0	0	1003.80	
1933	7	31	7	0	0	999.40	
1933	7	31	13	0	0	1010.90	
1933	7	31	18	0	0	1016.60	
1933	8	1	7	0	0	1025.30	
1933	8	1	13	0	0	1026.80	
1933	8	1	18	0	0	1025.70	
1933	8	2	7	0	0	1025.60	
1933	8	2	13	0	0	1026.40	
1933	8	2	18	0	0	1026.80	
1933	8	3	7	0	0	1028.60	
1933	8	3	13	0	0	1028.70	
1933	8	3	18	0	0	1028.40	
1933	8	4	7	0	0	1028.40	
1933	8	4	13	0	0	1027.10	
1933	8	4	18	0	0	1025.50	
1933	8	5	7	0	0	1024.50	
1933	8	5	13	0	0	1022.40	
1933	8	5	18	0	0	1020.30	
1933	8	6	7	0	0	1018.50	
1933	8	6	13	0	0	1019.40	
1933	8	6	18	0	0	1020.80	
1933	8	7	7	0	0	1019.60	
1933	8	7	13	0	0	1016.00	
1933	8	7	18	0	0	1013.10	
1933	8	9	7	0	0	1013.70	
1933	8	9	13	0	0	1016.40	
1933	8	9	18	0	0	1018.10	
1933	8	10	7	0	0	1021.60	
1933	8	10	13	0	0	1022.80	
1933	8	10	18	0	0	1022.80	
1933	8	11	7	0	0	1023.00	
1933	8	11	13	0	0	1023.00	
1933	8	11	18	0	0	1022.80	
1933	8	12	7	0	0	1027.00	
1933	8	12	13	0	0	1026.70	
1933	8	12	18	0	0	1025.50	
1933	8	13	7	0	0	1021.80	
1933	8	13	13	0	0	1019.70	
1933	8	13	18	0	0	1017.40	
1933	8	14	7	0	0	1013.50	
1933	8	14	13	0	0	1012.00	
1933	8	14	18	0	0	1009.50	
1933	8	15	7	0	0	997.50	
1933	8	15	13	0	0	995.30	
1933	8	15	18	0	0	999.50	
1933	8	16	7	0	0	1004.90	
1933	8	16	13	0	0	1007.20	
1933	8	16	18	0	0	1007.20	
1933	8	17	7	0	0	999.20	
1933	8	17	13	0	0	997.80	
1933	8	17	18	0	0	997.60	
1933	8	18	7	0	0	1006.50	
1933	8	18	13	0	0	1007.70	
1933	8	18	18	0	0	1008.40	
1933	8	19	7	0	0	1011.10	
1933	8	19	13	0	0	1011.40	
1933	8	19	18	0	0	1010.60	
1933	8	20	7	0	0	1006.60	
1933	8	20	13	0	0	1006.50	
1933	8	20	18	0	0	1006.70	
1933	8	21	7	0	0	1006.50	
1933	8	21	13	0	0	1006.10	
1933	8	21	18	0	0	1006.20	
1933	8	22	7	0	0	1006.50	
1933	8	22	13	0	0	1005.10	
1933	8	22	18	0	0	1002.80	
1933	8	23	7	0	0	1005.30	
1933	8	23	13	0	0	1008.50	
1933	8	23	18	0	0	1011.10	
1933	8	24	7	0	0	1014.50	
1933	8	24	13	0	0	1014.40	
1933	8	24	18	0	0	1013.70	
1933	8	25	7	0	0	1013.90	
1933	8	25	13	0	0	1015.00	
1933	8	25	18	0	0	1015.70	
1933	8	26	7	0	0	1017.90	
1933	8	26	13	0	0	1017.30	
1933	8	26	18	0	0	1016.00	
1933	8	27	7	0	0	1013.60	
1933	8	27	13	0	0	1015.50	
1933	8	27	18	0	0	1012.60	
1933	8	28	7	0	0	1012.50	
1933	8	28	13	0	0	1016.30	
1933	8	28	18	0	0	1016.40	
1933	8	29	7	0	0	1016.20	
1933	8	29	13	0	0	1015.90	
1933	8	29	18	0	0	1015.80	
1933	8	30	7	0	0	1018.00	
1933	8	30	13	0	0	1020.20	
1933	8	30	18	0	0	1021.50	
1933	8	31	7	0	0	1022.20	
1933	8	31	13	0	0	1020.40	
1933	8	31	18	0	0	1018.10	
1933	9	1	7	0	0	1017.90	
1933	9	1	13	0	0	1019.50	
1933	9	1	18	0	0	1019.60	
1933	9	2	7	0	0	1021.50	
1933	9	2	13	0	0	1022.20	
1933	9	2	18	0	0	1022.30	
1933	9	3	7	0	0	1023.20	
1933	9	3	13	0	0	1024.10	
1933	9	3	18	0	0	1024.10	
1933	9	4	7	0	0	1024.70	
1933	9	4	13	0	0	1024.60	
1933	9	4	18	0	0	1023.20	
1933	9	5	7	0	0	1021.10	
1933	9	5	13	0	0	1019.80	
1933	9	5	18	0	0	1018.60	
1933	9	6	7	0	0	1022.40	
1933	9	6	13	0	0	1026.80	
1933	9	6	18	0	0	1028.80	
1933	9	7	7	0	0	1031.80	
1933	9	7	13	0	0	1032.10	
1933	9	7	18	0	0	1031.70	
1933	9	8	7	0	0	1032.70	
1933	9	8	13	0	0	1031.20	
1933	9	8	18	0	0	1029.90	
1933	9	9	7	0	0	1030.30	
1933	9	9	13	0	0	1029.60	
1933	9	9	18	0	0	1029.30	
1933	9	10	7	0	0	1031.10	
1933	9	10	13	0	0	1030.30	
1933	9	10	18	0	0	1029.00	
1933	9	11	7	0	0	1028.70	
1933	9	11	13	0	0	1027.50	
1933	9	11	18	0	0	1026.30	
1933	9	12	7	0	0	1024.30	
1933	9	12	13	0	0	1023.00	
1933	9	12	18	0	0	1021.70	
1933	9	13	7	0	0	1020.10	
1933	9	13	13	0	0	1019.80	
1933	9	13	18	0	0	1020.90	
1933	9	14	7	0	0	1024.30	
1933	9	14	13	0	0	1025.50	
1933	9	14	18	0	0	1026.10	
1933	9	15	7	0	0	1025.30	
1933	9	15	13	0	0	1023.40	
1933	9	15	18	0	0	1021.40	
1933	9	16	7	0	0	1018.70	
1933	9	16	13	0	0	1016.10	
1933	9	16	18	0	0	1014.20	
1933	9	17	7	0	0	1010.80	
1933	9	17	13	0	0	1007.00	
1933	9	17	18	0	0	1002.80	
1933	9	18	7	0	0	1009.40	
1933	9	18	13	0	0	1012.90	
1933	9	18	18	0	0	1012.70	
1933	9	19	7	0	0	1006.70	
1933	9	19	13	0	0	1003.00	
1933	9	19	18	0	0	1002.60	
1933	9	20	7	0	0	1002.30	
1933	9	20	13	0	0	1001.50	
1933	9	20	18	0	0	1002.30	
1933	9	21	7	0	0	1009.50	
1933	9	21	13	0	0	1011.40	
1933	9	21	18	0	0	1012.80	
1933	9	22	7	0	0	1012.60	
1933	9	22	13	0	0	1009.90	
1933	9	22	18	0	0	1006.50	
1933	9	23	7	0	0	999.00	
1933	9	23	13	0	0	998.00	
1933	9	23	18	0	0	999.00	
1933	9	24	7	0	0	1005.40	
1933	9	24	13	0	0	1006.10	
1933	9	24	18	0	0	1006.60	
1933	9	25	7	0	0	1012.60	
1933	9	25	13	0	0	1014.30	
1933	9	25	18	0	0	1016.30	
1933	9	26	7	0	0	1020.40	
1933	9	26	13	0	0	1020.90	
1933	9	26	18	0	0	1022.00	
1933	9	27	7	0	0	1024.30	
1933	9	27	13	0	0	1024.30	
1933	9	27	18	0	0	1024.50	
1933	9	28	7	0	0	1025.30	
1933	9	28	13	0	0	1023.00	
1933	9	28	18	0	0	1021.00	
1933	9	29	7	0	0	1019.60	
1933	9	29	13	0	0	1020.60	
1933	9	29	18	0	0	1021.20	
1933	9	30	7	0	0	1023.80	
1933	9	30	13	0	0	1025.10	
1933	9	30	18	0	0	1024.80	
1933	10	1	7	0	0	1025.20	
1933	10	1	13	0	0	1025.90	
1933	10	1	18	0	0	1026.60	
1933	10	2	7	0	0	1029.80	
1933	10	2	13	0	0	1031.00	
1933	10	2	18	0	0	1031.20	
1933	10	3	7	0	0	1031.00	
1933	10	3	13	0	0	1030.40	
1933	10	3	18	0	0	1027.40	
1933	10	4	7	0	0	1026.40	
1933	10	4	13	0	0	1025.70	
1933	10	4	18	0	0	1024.30	
1933	10	5	7	0	0	1024.50	
1933	10	5	13	0	0	1024.90	
1933	10	5	18	0	0	1025.10	
1933	10	6	7	0	0	1024.40	
1933	10	6	13	0	0	1023.50	
1933	10	6	18	0	0	1021.70	
1933	10	7	7	0	0	1017.60	
1933	10	7	13	0	0	1014.80	
1933	10	7	18	0	0	1011.10	
1933	10	8	7	0	0	1002.30	
1933	10	8	13	0	0	1000.50	
1933	10	8	18	0	0	999.40	
1933	10	9	7	0	0	993.30	
1933	10	9	13	0	0	986.20	
1933	10	9	18	0	0	988.50	
1933	10	10	7	0	0	990.80	
1933	10	10	13	0	0	990.90	
1933	10	10	18	0	0	990.30	
1933	10	11	7	0	0	991.10	
1933	10	11	13	0	0	997.00	
1933	10	11	18	0	0	1002.60	
1933	10	12	7	0	0	1012.10	
1933	10	12	13	0	0	1015.90	
1933	10	12	18	0	0	1017.50	
1933	10	13	7	0	0	1017.40	
1933	10	13	13	0	0	1015.10	
1933	10	13	18	0	0	1012.50	
1933	10	14	7	0	0	1014.40	
1933	10	14	13	0	0	1016.70	
1933	10	14	18	0	0	1017.90	
1933	10	15	7	0	0	1012.40	
1933	10	15	13	0	0	1007.30	
1933	10	15	18	0	0	1006.70	
1933	10	16	7	0	0	1004.40	
1933	10	16	13	0	0	1006.70	
1933	10	16	18	0	0	1010.00	
1933	10	17	7	0	0	1015.50	
1933	10	17	13	0	0	1015.90	
1933	10	17	18	0	0	1015.10	
1933	10	18	7	0	0	1011.60	
1933	10	18	13	0	0	1008.90	
1933	10	18	18	0	0	1006.20	
1933	10	19	7	0	0	1004.00	
1933	10	19	13	0	0	1005.90	
1933	10	19	18	0	0	1007.30	
1933	10	20	7	0	0	1015.40	
1933	10	20	13	0	0	1019.00	
1933	10	20	18	0	0	1020.40	
1933	10	21	7	0	0	1020.40	
1933	10	21	13	0	0	1017.40	
1933	10	21	18	0	0	1015.60	
1933	10	22	7	0	0	1011.30	
1933	10	22	13	0	0	1012.10	
1933	10	22	18	0	0	1012.90	
1933	10	23	7	0	0	1013.30	
1933	10	23	13	0	0	1014.80	
1933	10	23	18	0	0	1015.00	
1933	10	24	7	0	0	1016.60	
1933	10	24	13	0	0	1017.80	
1933	10	24	18	0	0	1018.90	
1933	10	25	7	0	0	1024.50	
1933	10	25	13	0	0	1026.30	
1933	10	25	18	0	0	1027.00	
1933	10	26	7	0	0	1029.00	
1933	10	26	13	0	0	1026.80	
1933	10	26	18	0	0	1022.40	
1933	10	27	7	0	0	1003.80	
1933	10	27	13	0	0	1001.70	
1933	10	27	18	0	0	998.90	
1933	10	28	7	0	0	992.10	
1933	10	28	13	0	0	993.30	
1933	10	28	18	0	0	998.80	
1933	10	29	7	0	0	1004.80	
1933	10	29	13	0	0	1007.60	
1933	10	29	18	0	0	1009.60	
1933	10	30	7	0	0	1012.60	
1933	10	30	13	0	0	1013.30	
1933	10	30	18	0	0	1012.30	
1933	10	31	7	0	0	1005.60	
1933	10	31	13	0	0	1005.20	
1933	10	31	18	0	0	1006.50	
1933	11	1	7	0	0	1012.60	
1933	11	1	13	0	0	1013.90	
1933	11	1	18	0	0	1013.90	
1933	11	2	7	0	0	1018.10	
1933	11	2	13	0	0	1020.00	
1933	11	2	18	0	0	1021.90	
1933	11	3	7	0	0	1025.40	
1933	11	3	13	0	0	1026.80	
1933	11	3	18	0	0	1027.40	
1933	11	4	7	0	0	1027.40	
1933	11	4	13	0	0	1026.60	
1933	11	4	18	0	0	1025.70	
1933	11	5	7	0	0	1022.00	
1933	11	5	13	0	0	1022.50	
1933	11	5	18	0	0	1022.60	
1933	11	6	7	0	0	1022.30	
1933	11	6	13	0	0	1023.70	
1933	11	6	18	0	0	1024.50	
1933	11	7	7	0	0	1025.60	
1933	11	7	13	0	0	1027.00	
1933	11	7	18	0	0	1026.60	
1933	11	8	7	0	0	1025.40	
1933	11	8	13	0	0	1023.40	
1933	11	8	18	0	0	1021.10	
1933	11	9	7	0	0	1014.80	
1933	11	9	13	0	0	1012.70	
1933	11	9	18	0	0	1012.10	
1933	11	10	7	0	0	1008.70	
1933	11	10	13	0	0	1007.30	
1933	11	10	18	0	0	1007.50	
1933	11	11	7	0	0	1004.40	
1933	11	11	13	0	0	998.90	
1933	11	11	18	0	0	998.00	
1933	11	12	7	0	0	1004.10	
1933	11	12	13	0	0	1006.70	
1933	11	12	18	0	0	1007.50	
1933	11	13	7	0	0	1003.10	
1933	11	13	13	0	0	1002.30	
1933	11	13	18	0	0	1005.30	
1933	11	14	7	0	0	1007.20	
1933	11	14	13	0	0	1001.70	
1933	11	14	18	0	0	994.30	
1933	11	15	7	0	0	988.40	
1933	11	15	13	0	0	990.30	
1933	11	15	18	0	0	994.80	
1933	11	16	7	0	0	1008.80	
1933	11	16	13	0	0	1013.20	
1933	11	16	18	0	0	1017.30	
1933	11	17	7	0	0	1021.70	
1933	11	17	13	0	0	1022.00	
1933	11	17	18	0	0	1022.60	
1933	11	18	7	0	0	1019.70	
1933	11	18	13	0	0	1017.40	
1933	11	18	18	0	0	1014.10	
1933	11	19	7	0	0	1011.70	
1933	11	19	13	0	0	1011.00	
1933	11	19	18	0	0	1010.10	
1933	11	20	7	0	0	1011.30	
1933	11	20	13	0	0	1015.70	
1933	11	20	18	0	0	1018.80	
1933	11	21	7	0	0	1023.60	
1933	11	21	13	0	0	1023.20	
1933	11	21	18	0	0	1022.50	
1933	11	22	7	0	0	1021.50	
1933	11	22	13	0	0	1020.70	
1933	11	22	18	0	0	1020.30	
1933	11	23	7	0	0	1018.60	
1933	11	23	13	0	0	1018.40	
1933	11	23	18	0	0	1018.40	
1933	11	24	7	0	0	1019.90	
1933	11	24	13	0	0	1020.50	
1933	11	24	18	0	0	1020.60	
1933	11	25	7	0	0	1021.30	
1933	11	25	13	0	0	1019.80	
1933	11	25	18	0	0	1018.50	
1933	11	26	7	0	0	1013.30	
1933	11	26	13	0	0	1011.60	
1933	11	26	18	0	0	1010.20	
1933	11	27	7	0	0	1006.70	
1933	11	27	13	0	0	1006.80	
1933	11	27	18	0	0	1007.70	
1933	11	28	7	0	0	1011.50	
1933	11	28	13	0	0	1013.60	
1933	11	28	18	0	0	1015.40	
1933	11	29	7	0	0	1017.40	
1933	11	29	13	0	0	1018.00	
1933	11	29	18	0	0	1018.80	
1933	11	30	7	0	0	1017.90	
1933	11	30	13	0	0	1017.10	
1933	11	30	18	0	0	1015.30	
1933	12	1	7	0	0	1009.50	
1933	12	1	13	0	0	1008.30	
1933	12	1	18	0	0	1011.60	
1933	12	2	7	0	0	1022.40	
1933	12	2	13	0	0	1027.90	
1933	12	2	18	0	0	1032.60	
1933	12	3	7	0	0	1039.80	
1933	12	3	13	0	0	1040.40	
1933	12	3	18	0	0	1040.70	
1933	12	4	7	0	0	1038.10	
1933	12	4	13	0	0	1035.10	
1933	12	4	18	0	0	1032.40	
1933	12	5	7	0	0	1028.90	
1933	12	5	13	0	0	1028.60	
1933	12	5	18	0	0	1028.00	
1933	12	6	7	0	0	1024.80	
1933	12	6	13	0	0	1022.30	
1933	12	6	18	0	0	1021.10	
1933	12	7	7	0	0	1020.10	
1933	12	7	13	0	0	1022.90	
1933	12	7	18	0	0	1025.00	
1933	12	8	7	0	0	1029.60	
1933	12	8	13	0	0	1030.60	
1933	12	8	18	0	0	1030.90	
1933	12	9	7	0	0	1029.60	
1933	12	9	13	0	0	1029.60	
1933	12	9	18	0	0	1029.20	
1933	12	10	7	0	0	1030.50	
1933	12	10	13	0	0	1030.30	
1933	12	10	18	0	0	1030.10	
1933	12	11	7	0	0	1028.50	
1933	12	11	13	0	0	1026.10	
1933	12	11	18	0	0	1021.80	
1933	12	12	7	0	0	1010.20	
1933	12	12	13	0	0	1007.70	
1933	12	12	18	0	0	1007.50	
1933	12	13	7	0	0	1018.20	
1933	12	13	13	0	0	1022.10	
1933	12	13	18	0	0	1025.10	
1933	12	14	7	0	0	1025.70	
1933	12	14	13	0	0	1023.60	
1933	12	14	18	0	0	1021.40	
1933	12	15	7	0	0	1020.40	
1933	12	15	13	0	0	1021.80	
1933	12	15	18	0	0	1022.90	
1933	12	16	7	0	0	1022.20	
1933	12	16	13	0	0	1022.90	
1933	12	16	18	0	0	1023.00	
1933	12	17	7	0	0	1024.70	
1933	12	17	13	0	0	1025.50	
1933	12	17	18	0	0	1025.10	
1933	12	18	7	0	0	1026.10	
1933	12	18	13	0	0	1027.80	
1933	12	18	18	0	0	1029.30	
1933	12	19	7	0	0	1032.50	
1933	12	19	13	0	0	1033.70	
1933	12	19	18	0	0	1034.10	
1933	12	20	7	0	0	1034.20	
1933	12	20	13	0	0	1034.40	
1933	12	20	18	0	0	1034.40	
1933	12	21	7	0	0	1032.40	
1933	12	21	13	0	0	1030.50	
1933	12	21	18	0	0	1031.10	
1933	12	22	7	0	0	1030.80	
1933	12	22	13	0	0	1032.30	
1933	12	22	18	0	0	1033.90	
1933	12	23	7	0	0	1035.20	
1933	12	23	13	0	0	1035.30	
1933	12	23	18	0	0	1033.50	
1933	12	24	7	0	0	1029.00	
1933	12	24	13	0	0	1025.70	
1933	12	24	18	0	0	1023.00	
1933	12	25	7	0	0	1011.80	
1933	12	25	13	0	0	1007.20	
1933	12	25	18	0	0	1003.30	
1933	12	26	7	0	0	1004.70	
1933	12	26	13	0	0	1007.30	
1933	12	26	18	0	0	1008.30	
1933	12	27	7	0	0	1004.80	
1933	12	27	13	0	0	997.10	
1933	12	27	18	0	0	990.20	
1933	12	28	7	0	0	988.90	
1933	12	28	13	0	0	992.40	
1933	12	28	18	0	0	995.60	
1933	12	29	7	0	0	1001.30	
1933	12	29	13	0	0	1001.20	
1933	12	29	18	0	0	1001.00	
1933	12	30	7	0	0	1003.80	
1933	12	30	13	0	0	1005.20	
1933	12	30	18	0	0	1010.20	
1933	12	31	7	0	0	1023.00	
1933	12	31	13	0	0	1023.80	
1933	12	31	18	0	0	1022.90	
1934	1	1	7	0	0	1017.40	
1934	1	1	13	0	0	1017.20	
1934	1	1	18	0	0	1017.20	
1934	1	2	7	0	0	1018.70	
1934	1	2	13	0	0	1018.60	
1934	1	2	18	0	0	1016.30	
1934	1	3	7	0	0	1013.00	
1934	1	3	13	0	0	1010.80	
1934	1	3	18	0	0	1006.60	
1934	1	4	7	0	0	1000.60	
1934	1	4	13	0	0	1000.30	
1934	1	4	18	0	0	1003.70	
1934	1	5	7	0	0	1013.80	
1934	1	5	13	0	0	1020.00	
1934	1	5	18	0	0	1021.90	
1934	1	6	7	0	0	1010.10	
1934	1	6	13	0	0	1009.10	
1934	1	6	18	0	0	1011.60	
1934	1	7	7	0	0	1003.20	
1934	1	7	13	0	0	1002.70	
1934	1	7	18	0	0	1006.50	
1934	1	8	7	0	0	1013.20	
1934	1	8	13	0	0	1016.40	
1934	1	8	18	0	0	1018.70	
1934	1	9	7	0	0	1018.30	
1934	1	9	13	0	0	1015.80	
1934	1	9	18	0	0	1010.40	
1934	1	10	7	0	0	1007.90	
1934	1	10	13	0	0	1006.40	
1934	1	10	18	0	0	1003.10	
1934	1	11	7	0	0	991.40	
1934	1	11	13	0	0	987.80	
1934	1	11	18	0	0	983.30	
1934	1	12	7	0	0	983.50	
1934	1	12	13	0	0	984.20	
1934	1	12	18	0	0	985.60	
1934	1	13	7	0	0	994.90	
1934	1	13	13	0	0	995.60	
1934	1	13	18	0	0	994.10	
1934	1	14	7	0	0	981.30	
1934	1	14	13	0	0	982.00	
1934	1	14	18	0	0	983.00	
1934	1	15	7	0	0	988.70	
1934	1	15	13	0	0	990.40	
1934	1	15	18	0	0	991.90	
1934	1	16	7	0	0	1005.20	
1934	1	16	13	0	0	1007.80	
1934	1	16	18	0	0	1001.70	
1934	1	17	7	0	0	986.20	
1934	1	17	13	0	0	987.00	
1934	1	17	18	0	0	994.30	
1934	1	18	7	0	0	992.40	
1934	1	18	13	0	0	989.40	
1934	1	18	18	0	0	992.00	
1934	1	19	7	0	0	1007.80	
1934	1	19	13	0	0	1017.90	
1934	1	19	18	0	0	1025.00	
1934	1	20	7	0	0	1034.40	
1934	1	20	13	0	0	1035.10	
1934	1	20	18	0	0	1033.20	
1934	1	21	7	0	0	1033.20	
1934	1	21	13	0	0	1034.30	
1934	1	21	18	0	0	1032.80	
1934	1	22	7	0	0	1025.40	
1934	1	22	13	0	0	1022.90	
1934	1	22	18	0	0	1021.90	
1934	1	23	7	0	0	1028.10	
1934	1	23	13	0	0	1028.10	
1934	1	23	18	0	0	1027.10	
1934	1	24	7	0	0	1025.50	
1934	1	24	13	0	0	1024.00	
1934	1	24	18	0	0	1022.40	
1934	1	25	7	0	0	1014.30	
1934	1	25	13	0	0	1010.30	
1934	1	25	18	0	0	1008.30	
1934	1	26	7	0	0	1011.60	
1934	1	26	13	0	0	1013.90	
1934	1	26	18	0	0	1015.70	
1934	1	27	7	0	0	1021.30	
1934	1	27	13	0	0	1027.50	
1934	1	27	18	0	0	1033.00	
1934	1	28	7	0	0	1034.00	
1934	1	28	13	0	0	1034.70	
1934	1	28	18	0	0	1034.10	
1934	1	29	7	0	0	1035.10	
1934	1	29	13	0	0	1035.80	
1934	1	29	18	0	0	1036.10	
1934	1	30	7	0	0	1036.10	
1934	1	30	13	0	0	1035.70	
1934	1	30	18	0	0	1035.60	
1934	1	31	7	0	0	1042.90	
1934	1	31	13	0	0	1043.80	
1934	1	31	18	0	0	1042.30	
1934	2	1	7	0	0	1042.30	
1934	2	1	13	0	0	1043.20	
1934	2	1	18	0	0	1043.50	
1934	2	2	7	0	0	1042.10	
1934	2	2	13	0	0	1040.60	
1934	2	2	18	0	0	1038.60	
1934	2	3	7	0	0	1036.60	
1934	2	3	13	0	0	1036.90	
1934	2	3	18	0	0	1037.80	
1934	2	4	7	0	0	1036.40	
1934	2	4	13	0	0	1034.90	
1934	2	4	18	0	0	1034.20	
1934	2	5	7	0	0	1033.60	
1934	2	5	13	0	0	1033.00	
1934	2	5	18	0	0	1032.10	
1934	2	6	7	0	0	1029.90	
1934	2	6	13	0	0	1030.20	
1934	2	6	18	0	0	1029.40	
1934	2	7	7	0	0	1026.60	
1934	2	7	13	0	0	1024.20	
1934	2	7	18	0	0	1020.30	
1934	2	8	7	0	0	1018.50	
1934	2	8	13	0	0	1023.50	
1934	2	8	18	0	0	1026.90	
1934	2	9	7	0	0	1027.20	
1934	2	9	13	0	0	1026.40	
1934	2	9	18	0	0	1024.10	
1934	2	10	7	0	0	1023.40	
1934	2	10	13	0	0	1025.70	
1934	2	10	18	0	0	1026.70	
1934	2	11	7	0	0	1030.00	
1934	2	11	13	0	0	1033.20	
1934	2	11	18	0	0	1034.70	
1934	2	12	7	0	0	1038.20	
1934	2	12	13	0	0	1039.70	
1934	2	12	18	0	0	1038.30	
1934	2	13	7	0	0	1036.90	
1934	2	13	13	0	0	1036.40	
1934	2	13	18	0	0	1036.20	
1934	2	14	7	0	0	1037.90	
1934	2	14	13	0	0	1040.80	
1934	2	14	18	0	0	1042.40	
1934	2	15	7	0	0	1047.80	
1934	2	15	13	0	0	1048.80	
1934	2	15	18	0	0	1048.50	
1934	2	16	7	0	0	1047.20	
1934	2	16	13	0	0	1047.10	
1934	2	16	18	0	0	1045.60	
1934	2	17	7	0	0	1044.60	
1934	2	17	13	0	0	1044.40	
1934	2	17	18	0	0	1044.00	
1934	2	18	7	0	0	1041.10	
1934	2	18	13	0	0	1039.40	
1934	2	18	18	0	0	1037.50	
1934	2	19	7	0	0	1037.60	
1934	2	19	13	0	0	1037.80	
1934	2	19	18	0	0	1037.30	
1934	2	20	7	0	0	1037.30	
1934	2	20	13	0	0	1037.00	
1934	2	20	18	0	0	1035.00	
1934	2	21	7	0	0	1033.60	
1934	2	21	13	0	0	1032.80	
1934	2	21	18	0	0	1030.10	
1934	2	22	7	0	0	1027.30	
1934	2	22	13	0	0	1027.20	
1934	2	22	18	0	0	1026.60	
1934	2	23	7	0	0	1024.20	
1934	2	23	13	0	0	1023.10	
1934	2	23	18	0	0	1019.90	
1934	2	24	7	0	0	1008.90	
1934	2	24	13	0	0	1006.30	
1934	2	24	18	0	0	1006.00	
1934	2	25	7	0	0	1009.80	
1934	2	25	13	0	0	1013.50	
1934	2	25	18	0	0	1017.10	
1934	2	26	7	0	0	1025.30	
1934	2	26	13	0	0	1025.90	
1934	2	26	18	0	0	1024.00	
1934	2	27	7	0	0	1022.60	
1934	2	27	13	0	0	1017.30	
1934	2	27	18	0	0	1014.00	
1934	2	28	7	0	0	1009.80	
1934	2	28	13	0	0	1010.10	
1934	2	28	18	0	0	1010.40	
1934	3	1	7	0	0	1006.50	
1934	3	2	13	0	0	1006.20	
1934	3	2	18	0	0	1008.70	
1934	3	3	7	0	0	1015.30	
1934	3	3	13	0	0	1019.20	
1934	3	3	18	0	0	1021.20	
1934	3	4	7	0	0	1020.00	
1934	3	4	13	0	0	1016.20	
1934	3	4	18	0	0	1012.00	
1934	3	5	7	0	0	1002.60	
1934	3	5	13	0	0	998.50	
1934	3	5	18	0	0	997.90	
1934	3	6	7	0	0	997.10	
1934	3	6	13	0	0	996.10	
1934	3	6	18	0	0	997.80	
1934	3	7	7	0	0	1003.50	
1934	3	7	13	0	0	1006.40	
1934	3	7	18	0	0	1007.90	
1934	3	8	7	0	0	1009.30	
1934	3	8	13	0	0	1009.00	
1934	3	8	18	0	0	1008.60	
1934	3	9	7	0	0	1006.80	
1934	3	9	13	0	0	1004.80	
1934	3	9	18	0	0	1002.60	
1934	3	10	7	0	0	993.80	
1934	3	10	13	0	0	992.90	
1934	3	10	18	0	0	992.40	
1934	3	11	7	0	0	988.70	
1934	3	11	13	0	0	985.00	
1934	3	11	18	0	0	982.30	
1934	3	12	7	0	0	983.20	
1934	3	12	13	0	0	987.80	
1934	3	12	18	0	0	990.90	
1934	3	13	7	0	0	996.60	
1934	3	13	13	0	0	998.80	
1934	3	13	18	0	0	998.90	
1934	3	14	7	0	0	989.20	
1934	3	14	13	0	0	977.50	
1934	3	14	18	0	0	969.20	
1934	3	15	7	0	0	968.00	
1934	3	15	13	0	0	973.80	
1934	3	15	18	0	0	979.30	
1934	3	16	7	0	0	985.50	
1934	3	16	13	0	0	979.30	
1934	3	16	18	0	0	968.90	
1934	3	17	7	0	0	967.90	
1934	3	17	13	0	0	969.80	
1934	3	17	18	0	0	974.40	
1934	3	18	7	0	0	985.10	
1934	3	18	13	0	0	987.50	
1934	3	18	18	0	0	990.30	
1934	3	19	7	0	0	990.40	
1934	3	19	13	0	0	988.90	
1934	3	19	18	0	0	989.40	
1934	3	20	13	0	0	1005.10	
1934	3	20	18	0	0	1010.30	
1934	3	21	7	0	0	1018.20	
1934	3	21	13	0	0	1016.90	
1934	3	21	18	0	0	1012.90	
1934	3	22	7	0	0	1015.90	
1934	3	22	13	0	0	1019.70	
1934	3	22	18	0	0	1022.40	
1934	3	23	7	0	0	1019.20	
1934	3	23	13	0	0	1016.80	
1934	3	23	18	0	0	1016.70	
1934	3	24	7	0	0	1017.00	
1934	3	24	13	0	0	1020.30	
1934	3	24	18	0	0	1024.10	
1934	3	25	7	0	0	1028.20	
1934	3	25	13	0	0	1026.30	
1934	3	25	18	0	0	1023.60	
1934	3	26	7	0	0	1018.00	
1934	3	26	13	0	0	1021.00	
1934	3	26	18	0	0	1023.40	
1934	3	27	7	0	0	1027.60	
1934	3	27	13	0	0	1026.80	
1934	3	27	18	0	0	1024.30	
1934	3	28	7	0	0	1020.30	
1934	3	28	13	0	0	1018.30	
1934	3	28	18	0	0	1017.30	
1934	3	29	7	0	0	1017.00	
1934	3	29	13	0	0	1014.40	
1934	3	29	18	0	0	1011.40	
1934	3	30	7	0	0	1009.20	
1934	3	30	13	0	0	1010.30	
1934	3	30	18	0	0	1010.50	
1934	3	31	7	0	0	1015.50	
1934	3	31	13	0	0	1017.20	
1934	3	31	18	0	0	1017.80	
1934	4	1	7	0	0	1021.10	
1934	4	1	13	0	0	1021.70	
1934	4	1	18	0	0	1021.60	
1934	4	2	7	0	0	1022.30	
1934	4	2	13	0	0	1022.80	
1934	4	2	18	0	0	1023.20	
1934	4	3	7	0	0	1023.00	
1934	4	3	13	0	0	1022.30	
1934	4	3	18	0	0	1021.20	
1934	4	4	7	0	0	1019.10	
1934	4	4	13	0	0	1015.30	
1934	4	4	18	0	0	1012.20	
1934	4	5	7	0	0	1010.40	
1934	4	5	13	0	0	1011.30	
1934	4	5	18	0	0	1011.10	
1934	4	6	7	0	0	1011.30	
1934	4	6	13	0	0	1009.20	
1934	4	6	18	0	0	1006.90	
1934	4	7	7	0	0	1004.30	
1934	4	7	13	0	0	1001.10	
1934	4	7	18	0	0	998.90	
1934	4	8	7	0	0	1000.40	
1934	4	8	13	0	0	1001.70	
1934	4	8	18	0	0	1003.00	
1934	4	9	7	0	0	1007.20	
1934	4	9	13	0	0	1008.50	
1934	4	9	18	0	0	1009.50	
1934	4	10	7	0	0	1010.80	
1934	4	10	13	0	0	1007.20	
1934	4	10	18	0	0	1005.40	
1934	4	11	7	0	0	1003.10	
1934	4	11	13	0	0	999.00	
1934	4	11	18	0	0	997.40	
1934	4	12	7	0	0	996.70	
1934	4	12	13	0	0	997.40	
1934	4	12	18	0	0	1001.70	
1934	4	13	7	0	0	1008.90	
1934	4	13	13	0	0	1008.50	
1934	4	13	18	0	0	1005.50	
1934	4	14	7	0	0	996.30	
1934	4	14	13	0	0	998.20	
1934	4	14	18	0	0	1001.90	
1934	4	15	7	0	0	1006.10	
1934	4	15	13	0	0	1000.70	
1934	4	15	18	0	0	998.10	
1934	4	16	7	0	0	1010.50	
1934	4	16	13	0	0	1010.90	
1934	4	16	18	0	0	1007.80	
1934	4	17	7	0	0	1002.30	
1934	4	17	13	0	0	1000.50	
1934	4	17	18	0	0	997.70	
1934	4	18	7	0	0	996.20	
1934	4	18	13	0	0	995.10	
1934	4	18	18	0	0	995.40	
1934	4	19	7	0	0	1001.00	
1934	4	19	13	0	0	1004.90	
1934	4	19	18	0	0	1009.00	
1934	4	20	7	0	0	1014.10	
1934	4	20	13	0	0	1011.80	
1934	4	20	18	0	0	1007.00	
1934	4	21	7	0	0	1003.90	
1934	4	21	13	0	0	1002.60	
1934	4	21	18	0	0	1002.40	
1934	4	22	7	0	0	1002.40	
1934	4	22	13	0	0	1004.00	
1934	4	22	18	0	0	1006.10	
1934	4	23	7	0	0	1008.40	
1934	4	23	13	0	0	1001.60	
1934	4	23	18	0	0	991.90	
1934	4	24	7	0	0	986.40	
1934	4	24	13	0	0	991.10	
1934	4	24	18	0	0	993.90	
1934	4	25	7	0	0	993.10	
1934	4	25	13	0	0	990.00	
1934	4	25	18	0	0	988.50	
1934	4	26	7	0	0	993.90	
1934	4	26	13	0	0	998.40	
1934	4	26	18	0	0	1001.10	
1934	4	27	7	0	0	1010.50	
1934	4	27	13	0	0	1012.90	
1934	4	27	18	0	0	1015.40	
1934	4	28	7	0	0	1023.60	
1934	4	28	13	0	0	1023.30	
1934	4	28	18	0	0	1022.30	
1934	4	29	7	0	0	1021.90	
1934	4	29	13	0	0	1023.00	
1934	4	29	18	0	0	1023.40	
1934	4	30	7	0	0	1024.10	
1934	4	30	13	0	0	1021.20	
1934	4	30	18	0	0	1018.00	
1934	5	1	7	0	0	1012.60	
1934	5	1	13	0	0	1009.10	
1934	5	1	18	0	0	1008.00	
1934	5	2	7	0	0	1012.50	
1934	5	2	13	0	0	1014.90	
1934	5	2	18	0	0	1016.20	
1934	5	3	7	0	0	1017.20	
1934	5	3	13	0	0	1015.60	
1934	5	3	18	0	0	1013.20	
1934	5	4	7	0	0	1009.60	
1934	5	4	13	0	0	1005.90	
1934	5	4	18	0	0	1001.50	
1934	5	5	7	0	0	995.20	
1934	5	5	13	0	0	996.30	
1934	5	5	18	0	0	1003.10	
1934	5	6	7	0	0	997.90	
1934	5	6	13	0	0	990.80	
1934	5	6	18	0	0	990.00	
1934	5	7	7	0	0	1010.20	
1934	5	7	13	0	0	1018.60	
1934	5	7	18	0	0	1021.40	
1934	5	8	7	0	0	1020.50	
1934	5	8	13	0	0	1019.60	
1934	5	8	18	0	0	1020.70	
1934	5	9	7	0	0	1025.00	
1934	5	9	13	0	0	1026.10	
1934	5	9	18	0	0	1026.00	
1934	5	10	7	0	0	1030.00	
1934	5	10	13	0	0	1030.30	
1934	5	10	18	0	0	1031.00	
1934	5	11	7	0	0	1030.80	
1934	5	11	13	0	0	1027.90	
1934	5	11	18	0	0	1025.80	
1934	5	12	7	0	0	1026.30	
1934	5	12	13	0	0	1027.50	
1934	5	12	18	0	0	1026.70	
1934	5	13	7	0	0	1020.40	
1934	5	13	13	0	0	1013.90	
1934	5	13	18	0	0	1014.40	
1934	5	14	7	0	0	1017.00	
1934	5	14	13	0	0	1017.50	
1934	5	14	18	0	0	1018.70	
1934	5	15	7	0	0	1011.70	
1934	5	15	13	0	0	1003.20	
1934	5	15	18	0	0	998.10	
1934	5	16	7	0	0	998.00	
1934	5	16	13	0	0	1001.00	
1934	5	16	18	0	0	1003.10	
1934	5	17	7	0	0	1003.70	
1934	5	17	13	0	0	1003.00	
1934	5	17	18	0	0	1002.50	
1934	5	18	7	0	0	1006.90	
1934	5	18	13	0	0	1008.50	
1934	5	18	18	0	0	1009.20	
1934	5	19	7	0	0	1003.10	
1934	5	19	13	0	0	1006.10	
1934	5	19	18	0	0	1008.60	
1934	5	20	7	0	0	1010.50	
1934	5	20	13	0	0	1012.90	
1934	5	20	18	0	0	1011.70	
1934	5	21	7	0	0	1010.80	
1934	5	21	13	0	0	1015.60	
1934	5	21	18	0	0	1019.10	
1934	5	22	7	0	0	1019.80	
1934	5	22	13	0	0	1024.00	
1934	5	22	18	0	0	1026.80	
1934	5	23	7	0	0	1028.20	
1934	5	23	13	0	0	1027.20	
1934	5	23	18	0	0	1028.10	
1934	5	24	7	0	0	1029.40	
1934	5	24	13	0	0	1027.40	
1934	5	24	18	0	0	1025.00	
1934	5	25	7	0	0	1020.40	
1934	5	25	13	0	0	1022.30	
1934	5	25	18	0	0	1023.80	
1934	5	26	7	0	0	1030.10	
1934	5	26	13	0	0	1030.10	
1934	5	26	18	0	0	1029.90	
1934	5	27	7	0	0	1028.30	
1934	5	27	13	0	0	1028.30	
1934	5	27	18	0	0	1027.80	
1934	5	28	7	0	0	1025.40	
1934	5	28	13	0	0	1025.20	
1934	5	28	18	0	0	1024.40	
1934	5	29	7	0	0	1024.40	
1934	5	29	13	0	0	1024.10	
1934	5	29	18	0	0	1022.50	
1934	5	30	7	0	0	1020.20	
1934	5	30	13	0	0	1018.70	
1934	5	30	18	0	0	1017.90	
1934	5	31	7	0	0	1018.00	
1934	5	31	13	0	0	1017.60	
1934	5	31	18	0	0	1017.30	
1934	6	1	7	0	0	1021.60	
1934	6	1	13	0	0	1023.70	
1934	6	1	18	0	0	1024.50	
1934	6	2	7	0	0	1027.90	
1934	6	2	13	0	0	1028.60	
1934	6	2	18	0	0	1028.10	
1934	6	3	7	0	0	1029.80	
1934	6	3	13	0	0	1028.40	
1934	6	3	18	0	0	1027.20	
1934	6	4	7	0	0	1024.50	
1934	6	4	13	0	0	1022.30	
1934	6	4	18	0	0	1020.90	
1934	6	5	7	0	0	1022.20	
1934	6	5	13	0	0	1020.00	
1934	6	5	18	0	0	1018.00	
1934	6	6	7	0	0	1020.20	
1934	6	6	13	0	0	1019.30	
1934	6	6	18	0	0	1017.60	
1934	6	7	7	0	0	1016.30	
1934	6	7	13	0	0	1017.30	
1934	6	7	18	0	0	1017.80	
1934	6	8	7	0	0	1019.70	
1934	6	8	13	0	0	1019.30	
1934	6	8	18	0	0	1019.50	
1934	6	9	7	0	0	1021.10	
1934	6	9	13	0	0	1021.90	
1934	6	9	18	0	0	1021.90	
1934	6	10	7	0	0	1022.70	
1934	6	10	13	0	0	1021.50	
1934	6	10	18	0	0	1020.30	
1934	6	11	7	0	0	1019.90	
1934	6	11	13	0	0	1018.40	
1934	6	11	18	0	0	1017.40	
1934	6	12	7	0	0	1019.10	
1934	6	12	13	0	0	1018.30	
1934	6	12	18	0	0	1017.00	
1934	6	13	7	0	0	1014.10	
1934	6	13	13	0	0	1013.70	
1934	6	13	18	0	0	1013.40	
1934	6	14	7	0	0	1016.80	
1934	6	14	13	0	0	1018.00	
1934	6	14	18	0	0	1018.90	
1934	6	15	7	0	0	1019.90	
1934	6	15	13	0	0	1021.00	
1934	6	15	18	0	0	1020.40	
1934	6	16	7	0	0	1019.80	
1934	6	16	13	0	0	1019.10	
1934	6	16	18	0	0	1017.10	
1934	6	17	7	0	0	1017.30	
1934	6	17	13	0	0	1018.10	
1934	6	17	18	0	0	1018.50	
1934	6	18	7	0	0	1018.60	
1934	6	18	13	0	0	1015.20	
1934	6	18	18	0	0	1011.20	
1934	6	19	7	0	0	1003.80	
1934	6	19	13	0	0	1005.30	
1934	6	19	18	0	0	1005.40	
1934	6	20	7	0	0	1009.40	
1934	6	20	13	0	0	1013.30	
1934	6	20	18	0	0	1013.80	
1934	6	21	7	0	0	1008.50	
1934	6	21	13	0	0	1003.10	
1934	6	21	18	0	0	996.70	
1934	6	22	7	0	0	1000.40	
1934	6	22	13	0	0	1007.70	
1934	6	22	18	0	0	1012.10	
1934	6	23	7	0	0	1016.80	
1934	6	23	13	0	0	1017.80	
1934	6	23	18	0	0	1017.20	
1934	6	24	7	0	0	1016.20	
1934	6	24	13	0	0	1015.80	
1934	6	24	18	0	0	1015.30	
1934	6	25	7	0	0	1014.10	
1934	6	25	13	0	0	1013.20	
1934	6	25	18	0	0	1012.50	
1934	6	26	7	0	0	1012.30	
1934	6	26	13	0	0	1010.20	
1934	6	26	18	0	0	1009.10	
1934	6	27	7	0	0	1011.40	
1934	6	27	13	0	0	1010.70	
1934	6	27	18	0	0	1010.00	
1934	6	28	7	0	0	1014.50	
1934	6	28	13	0	0	1018.20	
1934	6	28	18	0	0	1020.50	
1934	6	29	7	0	0	1026.60	
1934	6	29	13	0	0	1027.80	
1934	6	29	18	0	0	1027.90	
1934	6	30	7	0	0	1028.70	
1934	6	30	13	0	0	1028.50	
1934	6	30	18	0	0	1027.60	
1934	7	1	7	0	0	1027.20	
1934	7	1	13	0	0	1026.40	
1934	7	1	18	0	0	1026.30	
1934	7	2	7	0	0	1028.30	
1934	7	2	13	0	0	1028.80	
1934	7	2	18	0	0	1028.80	
1934	7	3	7	0	0	1029.70	
1934	7	3	13	0	0	1028.30	
1934	7	3	18	0	0	1026.00	
1934	7	4	7	0	0	1025.20	
1934	7	4	13	0	0	1023.20	
1934	7	4	18	0	0	1020.80	
1934	7	5	7	0	0	1019.80	
1934	7	5	13	0	0	1018.50	
1934	7	5	18	0	0	1018.40	
1934	7	6	7	0	0	1020.60	
1934	7	6	13	0	0	1020.60	
1934	7	6	18	0	0	1020.90	
1934	7	7	7	0	0	1025.00	
1934	7	7	13	0	0	1026.10	
1934	7	7	18	0	0	1025.90	
1934	7	8	7	0	0	1027.40	
1934	7	8	13	0	0	1026.40	
1934	7	8	18	0	0	1025.20	
1934	7	9	7	0	0	1024.50	
1934	7	9	13	0	0	1022.90	
1934	7	9	18	0	0	1021.50	
1934	7	10	7	0	0	1020.40	
1934	7	10	13	0	0	1018.40	
1934	7	10	18	0	0	1016.80	
1934	7	11	7	0	0	1015.00	
1934	7	11	13	0	0	1012.80	
1934	7	11	18	0	0	1011.70	
1934	7	12	7	0	0	1009.20	
1934	7	12	13	0	0	1008.40	
1934	7	12	18	0	0	1007.20	
1934	7	13	7	0	0	1007.60	
1934	7	13	13	0	0	1008.80	
1934	7	13	18	0	0	1010.30	
1934	7	14	7	0	0	1013.40	
1934	7	14	13	0	0	1014.80	
1934	7	14	18	0	0	1016.10	
1934	7	15	7	0	0	1013.90	
1934	7	15	13	0	0	1013.70	
1934	7	15	18	0	0	1014.90	
1934	7	16	7	0	0	1015.70	
1934	7	16	13	0	0	1015.10	
1934	7	16	18	0	0	1016.00	
1934	7	17	7	0	0	1016.10	
1934	7	17	13	0	0	1015.50	
1934	7	17	18	0	0	1014.40	
1934	7	18	13	0	0	1012.10	
1934	7	18	18	0	0	1013.10	
1934	7	19	7	0	0	1013.80	
1934	7	19	13	0	0	1012.70	
1934	7	19	18	0	0	1011.50	
1934	7	20	7	0	0	1006.90	
1934	7	20	13	0	0	1006.80	
1934	7	20	18	0	0	1007.70	
1934	7	21	7	0	0	1009.80	
1934	7	21	13	0	0	1009.70	
1934	7	21	18	0	0	1010.10	
1934	7	22	7	0	0	1012.30	
1934	7	22	13	0	0	1012.70	
1934	7	22	18	0	0	1013.40	
1934	7	23	7	0	0	1015.60	
1934	7	23	13	0	0	1015.70	
1934	7	23	18	0	0	1015.60	
1934	7	24	7	0	0	1015.20	
1934	7	24	13	0	0	1015.60	
1934	7	24	18	0	0	1015.00	
1934	7	25	7	0	0	1016.00	
1934	7	25	13	0	0	1019.60	
1934	7	25	18	0	0	1020.20	
1934	7	26	7	0	0	1013.70	
1934	7	26	13	0	0	1015.50	
1934	7	26	18	0	0	1017.40	
1934	7	27	7	0	0	1015.80	
1934	7	27	13	0	0	1016.90	
1934	7	27	18	0	0	1016.30	
1934	7	28	7	0	0	1008.60	
1934	7	28	13	0	0	1008.60	
1934	7	28	18	0	0	1009.20	
1934	7	29	7	0	0	1007.70	
1934	7	29	13	0	0	1007.50	
1934	7	29	18	0	0	1006.10	
1934	7	30	7	0	0	1003.00	
1934	7	30	13	0	0	1001.20	
1934	7	30	18	0	0	999.60	
1934	7	31	7	0	0	997.10	
1934	7	31	13	0	0	996.20	
1934	7	31	18	0	0	1000.70	
1934	8	1	7	0	0	1007.20	
1934	8	1	13	0	0	1005.70	
1934	8	1	18	0	0	1003.40	
1934	8	2	7	0	0	993.70	
1934	8	2	13	0	0	995.50	
1934	8	2	18	0	0	997.40	
1934	8	3	7	0	0	999.80	
1934	8	3	13	0	0	1001.00	
1934	8	3	18	0	0	1001.30	
1934	8	4	7	0	0	1004.60	
1934	8	4	13	0	0	1005.70	
1934	8	4	18	0	0	1006.80	
1934	8	5	7	0	0	1009.30	
1934	8	5	13	0	0	1008.90	
1934	8	5	18	0	0	1008.80	
1934	8	6	7	0	0	1008.00	
1934	8	6	13	0	0	1008.80	
1934	8	6	18	0	0	1009.40	
1934	8	7	7	0	0	1014.00	
1934	8	7	13	0	0	1016.00	
1934	8	7	18	0	0	1017.20	
1934	8	8	7	0	0	1017.10	
1934	8	8	13	0	0	1013.90	
1934	8	8	18	0	0	1011.00	
1934	8	9	7	0	0	1007.20	
1934	8	9	13	0	0	1007.30	
1934	8	9	18	0	0	1008.30	
1934	8	10	7	0	0	1000.10	
1934	8	10	13	0	0	1002.20	
1934	8	10	18	0	0	1004.70	
1934	8	11	7	0	0	1007.00	
1934	8	11	13	0	0	1008.90	
1934	8	11	18	0	0	1010.20	
1934	8	12	7	0	0	1008.00	
1934	8	12	13	0	0	1009.20	
1934	8	12	18	0	0	1010.40	
1934	8	13	7	0	0	1014.90	
1934	8	13	13	0	0	1017.10	
1934	8	13	18	0	0	1017.70	
1934	8	14	7	0	0	1019.60	
1934	8	14	13	0	0	1019.60	
1934	8	14	18	0	0	1018.40	
1934	8	15	7	0	0	1013.60	
1934	8	15	13	0	0	1013.30	
1934	8	15	18	0	0	1013.80	
1934	8	16	7	0	0	1017.70	
1934	8	16	13	0	0	1018.40	
1934	8	16	18	0	0	1019.10	
1934	8	17	7	0	0	1020.60	
1934	8	17	13	0	0	1021.30	
1934	8	17	18	0	0	1021.70	
1934	8	18	7	0	0	1020.30	
1934	8	18	13	0	0	1017.90	
1934	8	18	18	0	0	1014.30	
1934	8	19	7	0	0	1013.50	
1934	8	19	13	0	0	1013.70	
1934	8	19	18	0	0	1011.60	
1934	8	20	7	0	0	988.80	
1934	8	20	18	0	0	1004.60	
1934	8	21	7	0	0	998.50	
1934	8	21	13	0	0	996.20	
1934	8	21	18	0	0	995.80	
1934	8	22	7	0	0	1002.30	
1934	8	22	13	0	0	1002.00	
1934	8	22	18	0	0	1001.80	
1934	8	23	7	0	0	1005.70	
1934	8	23	13	0	0	1008.00	
1934	8	23	18	0	0	1010.20	
1934	8	24	7	0	0	1017.30	
1934	8	24	13	0	0	1019.30	
1934	8	24	18	0	0	1019.20	
1934	8	25	7	0	0	1021.00	
1934	8	25	13	0	0	1020.90	
1934	8	25	18	0	0	1021.50	
1934	8	26	7	0	0	1022.70	
1934	8	26	13	0	0	1021.50	
1934	8	26	18	0	0	1019.00	
1934	8	27	7	0	0	1012.70	
1934	8	27	13	0	0	1008.90	
1934	8	27	18	0	0	1006.10	
1934	8	28	7	0	0	999.60	
1934	8	28	13	0	0	996.90	
1934	8	28	18	0	0	997.20	
1934	8	29	7	0	0	998.50	
1934	8	29	13	0	0	997.50	
1934	8	29	18	0	0	998.10	
1934	8	30	7	0	0	1000.80	
1934	8	30	13	0	0	1003.00	
1934	8	30	18	0	0	1004.80	
1934	8	31	7	0	0	1007.40	
1934	8	31	13	0	0	1006.70	
1934	8	31	18	0	0	1006.30	
1934	9	1	7	0	0	1005.10	
1934	9	1	13	0	0	1004.50	
1934	9	1	18	0	0	1004.30	
1934	9	2	7	0	0	1004.80	
1934	9	2	13	0	0	1002.10	
1934	9	2	18	0	0	996.20	
1934	9	3	7	0	0	993.40	
1934	9	3	13	0	0	997.30	
1934	9	3	18	0	0	1001.10	
1934	9	4	7	0	0	1005.80	
1934	9	4	13	0	0	1009.10	
1934	9	4	18	0	0	1011.20	
1934	9	5	7	0	0	1022.00	
1934	9	5	13	0	0	1024.90	
1934	9	5	18	0	0	1024.90	
1934	9	6	7	0	0	1022.80	
1934	9	6	13	0	0	1019.20	
1934	9	6	18	0	0	1014.00	
1934	9	7	7	0	0	1007.40	
1934	9	7	13	0	0	1006.40	
1934	9	7	18	0	0	1007.70	
1934	9	8	7	0	0	998.50	
1934	9	8	13	0	0	1003.00	
1934	9	8	18	0	0	1002.90	
1934	9	9	7	0	0	1004.20	
1934	9	9	13	0	0	1008.50	
1934	9	9	18	0	0	1011.50	
1934	9	10	7	0	0	1012.20	
1934	9	10	13	0	0	1011.00	
1934	9	10	18	0	0	1012.20	
1934	9	11	7	0	0	1018.00	
1934	9	11	13	0	0	1019.40	
1934	9	11	18	0	0	1021.80	
1934	9	12	13	0	0	1028.70	
1934	9	12	18	0	0	1027.80	
1934	9	13	7	0	0	1026.30	
1934	9	13	13	0	0	1025.20	
1934	9	13	18	0	0	1023.80	
1934	9	14	7	0	0	1022.80	
1934	9	14	13	0	0	1021.10	
1934	9	14	18	0	0	1018.30	
1934	9	15	7	0	0	1012.40	
1934	9	15	13	0	0	1009.80	
1934	9	15	18	0	0	1008.60	
1934	9	16	7	0	0	1008.70	
1934	9	16	13	0	0	1009.70	
1934	9	16	18	0	0	1008.60	
1934	9	17	7	0	0	998.50	
1934	9	17	13	0	0	1000.90	
1934	9	17	18	0	0	1004.10	
1934	9	18	7	0	0	1007.10	
1934	9	18	13	0	0	1005.60	
1934	9	18	18	0	0	1004.60	
1934	9	19	7	0	0	1001.50	
1934	9	19	13	0	0	1002.00	
1934	9	19	18	0	0	1002.80	
1934	9	20	7	0	0	1006.00	
1934	9	20	13	0	0	1007.00	
1934	9	20	18	0	0	1006.90	
1934	9	21	7	0	0	1010.30	
1934	9	21	13	0	0	1012.90	
1934	9	21	18	0	0	1013.70	
1934	9	22	7	0	0	1001.60	
1934	9	22	13	0	0	999.10	
1934	9	22	18	0	0	1003.30	
1934	9	23	7	0	0	1008.80	
1934	9	23	13	0	0	1010.30	
1934	9	23	18	0	0	1008.70	
1934	9	24	7	0	0	1000.70	
1934	9	24	13	0	0	1001.50	
1934	9	24	18	0	0	1003.50	
1934	9	25	7	0	0	1010.80	
1934	9	25	13	0	0	1010.20	
1934	9	25	18	0	0	1007.10	
1934	9	26	7	0	0	994.60	
1934	9	26	13	0	0	995.60	
1934	9	26	18	0	0	999.20	
1934	9	27	7	0	0	1012.70	
1934	9	27	13	0	0	1015.20	
1934	9	27	18	0	0	1013.20	
1934	9	28	7	0	0	1002.40	
1934	9	28	13	0	0	1003.50	
1934	9	28	18	0	0	1004.00	
1934	9	29	7	0	0	1009.00	
1934	9	29	13	0	0	1009.90	
1934	9	29	18	0	0	1008.70	
1934	9	30	7	0	0	1007.30	
1934	9	30	13	0	0	1007.30	
1934	9	30	18	0	0	1006.90	
1934	10	1	7	0	0	1010.90	
1934	10	1	13	0	0	1012.90	
1934	10	1	18	0	0	1012.60	
1934	10	2	7	0	0	1010.60	
1934	10	2	13	0	0	1008.30	
1934	10	2	18	0	0	1005.50	
1934	10	3	7	0	0	990.50	
1934	10	3	13	0	0	986.60	
1934	10	3	18	0	0	986.50	
1934	10	4	7	0	0	974.30	
1934	10	4	13	0	0	972.90	
1934	10	4	18	0	0	979.40	
1934	10	5	7	0	0	992.60	
1934	10	5	13	0	0	999.00	
1934	10	5	18	0	0	1004.60	
1934	10	6	7	0	0	1013.80	
1934	10	6	13	0	0	1008.30	
1934	10	6	18	0	0	1007.50	
1934	10	7	7	0	0	1011.60	
1934	10	7	13	0	0	1016.40	
1934	10	7	18	0	0	1019.50	
1934	10	8	7	0	0	1026.50	
1934	10	8	13	0	0	1025.00	
1934	10	8	18	0	0	1022.00	
1934	10	9	7	0	0	1023.30	
1934	10	9	13	0	0	1024.80	
1934	10	9	18	0	0	1025.60	
1934	10	10	7	0	0	1023.30	
1934	10	10	13	0	0	1023.60	
1934	10	10	18	0	0	1024.40	
1934	10	11	7	0	0	1026.50	
1934	10	11	13	0	0	1027.40	
1934	10	11	18	0	0	1027.30	
1934	10	12	7	0	0	1026.00	
1934	10	12	13	0	0	1025.50	
1934	10	12	18	0	0	1025.80	
1934	10	13	7	0	0	1029.00	
1934	10	13	13	0	0	1025.80	
1934	10	13	18	0	0	1021.50	
1934	10	14	7	0	0	1018.00	
1934	10	14	13	0	0	1013.80	
1934	10	14	18	0	0	1010.20	
1934	10	15	7	0	0	1008.60	
1934	10	15	13	0	0	1012.00	
1934	10	15	18	0	0	1018.90	
1934	10	16	7	0	0	1029.80	
1934	10	16	13	0	0	1029.80	
1934	10	16	18	0	0	1028.00	
1934	10	17	7	0	0	1015.90	
1934	10	17	13	0	0	1016.70	
1934	10	17	18	0	0	1018.20	
1934	10	18	7	0	0	1015.30	
1934	10	18	13	0	0	1013.50	
1934	10	18	18	0	0	1014.70	
1934	10	19	7	0	0	1015.30	
1934	10	19	13	0	0	1015.70	
1934	10	19	18	0	0	1013.90	
1934	10	20	7	0	0	1010.10	
1934	10	20	13	0	0	1009.60	
1934	10	20	18	0	0	1009.50	
1934	10	21	7	0	0	1005.10	
1934	10	21	13	0	0	999.80	
1934	10	21	18	0	0	996.00	
1934	10	22	7	0	0	994.10	
1934	10	22	13	0	0	997.80	
1934	10	22	18	0	0	1000.40	
1934	10	23	7	0	0	1005.60	
1934	10	23	13	0	0	1006.50	
1934	10	23	18	0	0	1007.60	
1934	10	24	7	0	0	1008.80	
1934	10	24	13	0	0	1009.10	
1934	10	24	18	0	0	1008.00	
1934	10	25	7	0	0	994.40	
1934	10	25	13	0	0	989.20	
1934	10	25	18	0	0	987.10	
1934	10	26	7	0	0	1004.00	
1934	10	26	13	0	0	1006.50	
1934	10	26	18	0	0	1006.40	
1934	10	27	7	0	0	999.00	
1934	10	27	13	0	0	1001.70	
1934	10	27	18	0	0	1004.70	
1934	10	28	7	0	0	1005.50	
1934	10	28	13	0	0	1007.80	
1934	10	28	18	0	0	1010.30	
1934	10	29	7	0	0	1010.70	
1934	10	29	13	0	0	1010.60	
1934	10	29	18	0	0	1009.50	
1934	10	30	7	0	0	1003.10	
1934	10	30	13	0	0	1005.30	
1934	10	30	18	0	0	1007.90	
1934	10	31	7	0	0	1012.60	
1934	10	31	13	0	0	1015.80	
1934	10	31	18	0	0	1017.70	
1934	11	1	7	0	0	1015.60	
1934	11	1	13	0	0	1015.50	
1934	11	1	18	0	0	1015.90	
1934	11	2	7	0	0	1016.40	
1934	11	2	13	0	0	1015.60	
1934	11	2	18	0	0	1013.90	
1934	11	3	7	0	0	1005.70	
1934	11	3	13	0	0	1007.20	
1934	11	3	18	0	0	1009.20	
1934	11	4	7	0	0	1014.80	
1934	11	4	13	0	0	1013.80	
1934	11	4	18	0	0	1012.80	
1934	11	5	7	0	0	1011.90	
1934	11	5	13	0	0	1010.80	
1934	11	5	18	0	0	1009.60	
1934	11	6	7	0	0	1011.20	
1934	11	6	13	0	0	1011.60	
1934	11	6	18	0	0	1012.30	
1934	11	7	7	0	0	1014.10	
1934	11	7	13	0	0	1013.80	
1934	11	7	18	0	0	1013.30	
1934	11	8	7	0	0	1005.00	
1934	11	8	13	0	0	999.90	
1934	11	8	18	0	0	995.40	
1934	11	9	7	0	0	996.40	
1934	11	9	13	0	0	998.60	
1934	11	9	18	0	0	997.40	
1934	11	10	7	0	0	996.00	
1934	11	10	13	0	0	998.20	
1934	11	10	18	0	0	1001.80	
1934	11	11	7	0	0	1008.00	
1934	11	11	13	0	0	1008.70	
1934	11	11	18	0	0	1008.70	
1934	11	12	7	0	0	1005.00	
1934	11	12	13	0	0	1000.90	
1934	11	12	18	0	0	997.30	
1934	11	13	7	0	0	994.10	
1934	11	13	13	0	0	996.10	
1934	11	13	18	0	0	998.40	
1934	11	14	7	0	0	1003.10	
1934	11	14	13	0	0	1007.30	
1934	11	14	18	0	0	1011.20	
1934	11	15	7	0	0	1015.70	
1934	11	15	13	0	0	1018.00	
1934	11	15	18	0	0	1020.00	
1934	11	16	7	0	0	1021.20	
1934	11	16	13	0	0	1019.40	
1934	11	16	18	0	0	1018.80	
1934	11	17	7	0	0	1021.10	
1934	11	17	13	0	0	1022.50	
1934	11	17	18	0	0	1023.70	
1934	11	18	7	0	0	1026.60	
1934	11	18	13	0	0	1026.70	
1934	11	18	18	0	0	1026.60	
1934	11	19	7	0	0	1023.90	
1934	11	19	13	0	0	1023.50	
1934	11	19	18	0	0	1023.70	
1934	11	20	7	0	0	1022.20	
1934	11	20	13	0	0	1025.50	
1934	11	20	18	0	0	1027.70	
1934	11	21	7	0	0	1028.20	
1934	11	21	13	0	0	1027.90	
1934	11	21	18	0	0	1027.60	
1934	11	22	7	0	0	1028.80	
1934	11	22	13	0	0	1029.70	
1934	11	22	18	0	0	1028.80	
1934	11	23	7	0	0	1027.90	
1934	11	23	13	0	0	1028.70	
1934	11	23	18	0	0	1029.90	
1934	11	24	7	0	0	1030.90	
1934	11	24	13	0	0	1032.40	
1934	11	24	18	0	0	1033.60	
1934	11	25	7	0	0	1033.30	
1934	11	25	13	0	0	1031.90	
1934	11	25	18	0	0	1030.70	
1934	11	26	7	0	0	1025.90	
1934	11	26	13	0	0	1027.30	
1934	11	26	18	0	0	1029.50	
1934	11	27	7	0	0	1031.80	
1934	11	27	13	0	0	1032.90	
1934	11	27	18	0	0	1035.70	
1934	11	28	7	0	0	1033.40	
1934	11	28	13	0	0	1033.00	
1934	11	28	18	0	0	1033.10	
1934	11	29	7	0	0	1032.60	
1934	11	29	13	0	0	1032.10	
1934	11	29	18	0	0	1031.60	
1934	11	30	7	0	0	1029.20	
1934	11	30	13	0	0	1026.90	
1934	11	30	18	0	0	1025.20	
1934	12	1	7	0	0	1016.60	
1934	12	1	13	0	0	1011.90	
1934	12	1	18	0	0	1008.40	
1934	12	2	7	0	0	999.00	
1934	12	2	13	0	0	997.50	
1934	12	2	18	0	0	998.30	
1934	12	3	7	0	0	999.90	
1934	12	3	13	0	0	999.90	
1934	12	3	18	0	0	999.70	
1934	12	4	7	0	0	998.20	
1934	12	4	13	0	0	995.40	
1934	12	4	18	0	0	995.70	
1934	12	5	7	0	0	996.60	
1934	12	5	13	0	0	999.40	
1934	12	5	18	0	0	1002.70	
1934	12	6	7	0	0	1002.00	
1934	12	6	13	0	0	999.80	
1934	12	6	18	0	0	998.80	
1934	12	7	7	0	0	997.20	
1934	12	7	18	0	0	998.80	
1934	12	8	7	0	0	992.60	
1934	12	8	13	0	0	992.20	
1934	12	8	18	0	0	992.90	
1934	12	9	7	0	0	981.80	
1934	12	9	13	0	0	980.10	
1934	12	9	18	0	0	983.60	
1934	12	10	7	0	0	990.60	
1934	12	10	13	0	0	994.10	
1934	12	10	18	0	0	996.00	
1934	12	11	7	0	0	990.20	
1934	12	11	13	0	0	988.10	
1934	12	11	18	0	0	987.40	
1934	12	12	7	0	0	978.90	
1934	12	12	13	0	0	977.50	
1934	12	12	18	0	0	979.80	
1934	12	13	7	0	0	980.90	
1934	12	13	13	0	0	981.40	
1934	12	13	18	0	0	983.50	
1934	12	14	7	0	0	983.60	
1934	12	14	13	0	0	975.00	
1934	12	14	18	0	0	968.90	
1934	12	15	7	0	0	965.70	
1934	12	15	13	0	0	968.60	
1934	12	15	18	0	0	974.00	
1934	12	16	7	0	0	986.60	
1934	12	16	13	0	0	988.20	
1934	12	16	18	0	0	988.60	
1934	12	17	7	0	0	995.30	
1934	12	17	13	0	0	996.00	
1934	12	17	18	0	0	991.30	
1934	12	18	7	0	0	976.80	
1934	12	18	13	0	0	976.10	
1934	12	18	18	0	0	976.10	
1934	12	19	7	0	0	978.80	
1934	12	19	13	0	0	986.00	
1934	12	19	18	0	0	991.90	
1934	12	20	7	0	0	1002.70	
1934	12	20	13	0	0	1006.40	
1934	12	20	18	0	0	1009.30	
1934	12	21	7	0	0	1009.70	
1934	12	21	13	0	0	1009.00	
1934	12	21	18	0	0	1008.80	
1934	12	22	7	0	0	1007.60	
1934	12	22	13	0	0	1007.60	
1934	12	22	18	0	0	1006.90	
1934	12	23	7	0	0	1002.10	
1934	12	23	13	0	0	1001.10	
1934	12	23	18	0	0	1003.70	
1934	12	24	7	0	0	1008.50	
1934	12	24	13	0	0	1010.60	
1934	12	24	18	0	0	1011.70	
1934	12	25	7	0	0	1008.40	
1934	12	25	13	0	0	1007.20	
1934	12	25	18	0	0	1003.80	
1934	12	26	7	0	0	992.20	
1934	12	26	13	0	0	992.30	
1934	12	26	18	0	0	990.80	
1934	12	27	7	0	0	998.30	
1934	12	27	13	0	0	996.10	
1934	12	27	18	0	0	995.80	
1934	12	28	7	0	0	991.00	
1934	12	28	13	0	0	995.00	
1934	12	28	18	0	0	996.00	
1934	12	29	7	0	0	1001.70	
1934	12	29	13	0	0	1007.70	
1934	12	29	18	0	0	1011.20	
1934	12	30	7	0	0	1004.40	
1934	12	30	13	0	0	1004.90	
1934	12	30	18	0	0	1004.20	
1934	12	31	7	0	0	1007.30	
1934	12	31	13	0	0	1010.10	
1934	12	31	18	0	0	1012.70	
1935	1	1	7	0	0	1015.30	
1935	1	1	13	0	0	1018.30	
1935	1	1	18	0	0	1021.50	
1935	1	2	7	0	0	1028.20	
1935	1	2	13	0	0	1031.80	
1935	1	2	18	0	0	1033.40	
1935	1	3	7	0	0	1024.60	
1935	1	3	13	0	0	1030.30	
1935	1	3	18	0	0	1028.20	
1935	1	4	7	0	0	1029.10	
1935	1	4	13	0	0	1030.10	
1935	1	4	18	0	0	1030.40	
1935	1	5	7	0	0	1025.70	
1935	1	5	13	0	0	1022.30	
1935	1	5	18	0	0	1018.40	
1935	1	6	7	0	0	1021.60	
1935	1	6	13	0	0	1022.20	
1935	1	6	18	0	0	1022.10	
1935	1	7	7	0	0	1021.80	
1935	1	7	13	0	0	1023.40	
1935	1	7	18	0	0	1024.30	
1935	1	8	7	0	0	1023.90	
1935	1	8	13	0	0	1023.90	
1935	1	8	18	0	0	1023.90	
1935	1	9	7	0	0	1024.50	
1935	1	9	13	0	0	1024.50	
1935	1	9	18	0	0	1024.50	
1935	1	10	7	0	0	1022.70	
1935	1	10	13	0	0	1022.30	
1935	1	10	18	0	0	1021.40	
1935	1	11	7	0	0	1008.70	
1935	1	11	13	0	0	1003.00	
1935	1	11	18	0	0	1005.80	
1935	1	12	7	0	0	1010.40	
1935	1	12	13	0	0	1014.50	
1935	1	12	18	0	0	1014.90	
1935	1	13	7	0	0	1013.80	
1935	1	13	13	0	0	1009.50	
1935	1	13	18	0	0	1010.80	
1935	1	14	7	0	0	1018.40	
1935	1	14	13	0	0	1022.30	
1935	1	14	18	0	0	1026.30	
1935	1	15	7	0	0	1031.00	
1935	1	15	13	0	0	1032.90	
1935	1	15	18	0	0	1033.60	
1935	1	16	7	0	0	1034.20	
1935	1	16	13	0	0	1036.20	
1935	1	16	18	0	0	1038.00	
1935	1	17	7	0	0	1040.80	
1935	1	17	13	0	0	1042.30	
1935	1	17	18	0	0	1042.00	
1935	1	18	7	0	0	1043.00	
1935	1	18	13	0	0	1043.70	
1935	1	18	18	0	0	1043.40	
1935	1	19	7	0	0	1042.10	
1935	1	19	13	0	0	1041.80	
1935	1	19	18	0	0	1042.20	
1935	1	20	7	0	0	1043.40	
1935	1	20	13	0	0	1044.70	
1935	1	20	18	0	0	1044.20	
1935	1	21	7	0	0	1043.30	
1935	1	21	13	0	0	1043.60	
1935	1	21	18	0	0	1042.20	
1935	1	22	7	0	0	1041.30	
1935	1	22	13	0	0	1040.00	
1935	1	22	18	0	0	1039.10	
1935	1	23	7	0	0	1034.30	
1935	1	23	13	0	0	1033.60	
1935	1	23	18	0	0	1034.10	
1935	1	24	7	0	0	1025.80	
1935	1	24	13	0	0	1018.30	
1935	1	24	18	0	0	1011.80	
1935	1	25	7	0	0	993.10	
1935	1	25	13	0	0	987.80	
1935	1	25	18	0	0	986.50	
1935	1	26	7	0	0	1007.50	
1935	1	26	13	0	0	1014.10	
1935	1	27	7	0	0	1026.50	
1935	1	27	13	0	0	1028.90	
1935	1	27	18	0	0	1030.20	
1935	1	28	7	0	0	1028.20	
1935	1	28	13	0	0	1027.40	
1935	1	28	18	0	0	1026.20	
1935	1	29	7	0	0	1027.80	
1935	1	29	13	0	0	1028.20	
1935	1	29	18	0	0	1027.50	
1935	1	30	7	0	0	1021.50	
1935	1	30	13	0	0	1019.20	
1935	1	30	18	0	0	1019.30	
1935	1	31	7	0	0	1020.70	
1935	1	31	13	0	0	1021.10	
1935	1	31	18	0	0	1021.20	
1935	2	1	7	0	0	1011.50	
1935	2	1	13	0	0	1010.00	
1935	2	1	18	0	0	1007.30	
1935	2	2	7	0	0	1005.60	
1935	2	2	13	0	0	1010.70	
1935	2	2	18	0	0	1014.50	
1935	2	3	7	0	0	1011.10	
1935	2	3	13	0	0	1007.10	
1935	2	3	18	0	0	1008.80	
1935	2	4	7	0	0	1011.10	
1935	2	4	13	0	0	1013.60	
1935	2	4	18	0	0	1013.50	
1935	2	5	7	0	0	1011.40	
1935	2	5	13	0	0	1007.80	
1935	2	5	18	0	0	1003.50	
1935	2	6	7	0	0	1019.20	
1935	2	6	13	0	0	1026.30	
1935	2	6	18	0	0	1029.40	
1935	2	7	7	0	0	1031.70	
1935	2	7	13	0	0	1031.90	
1935	2	7	18	0	0	1031.30	
1935	2	8	7	0	0	1030.20	
1935	2	8	13	0	0	1029.80	
1935	2	8	18	0	0	1029.10	
1935	2	9	7	0	0	1026.80	
1935	2	9	13	0	0	1026.10	
1935	2	9	18	0	0	1024.90	
1935	2	10	7	0	0	1023.50	
1935	2	10	13	0	0	1022.20	
1935	2	10	18	0	0	1020.30	
1935	2	11	7	0	0	1019.00	
1935	2	11	13	0	0	1015.80	
1935	2	11	18	0	0	1011.10	
1935	2	12	7	0	0	1005.60	
1935	2	12	13	0	0	1008.10	
1935	2	12	18	0	0	1006.50	
1935	2	13	7	0	0	996.10	
1935	2	13	13	0	0	996.20	
1935	2	13	18	0	0	994.60	
1935	2	14	7	0	0	1001.30	
1935	2	14	13	0	0	1007.30	
1935	2	14	18	0	0	1010.50	
1935	2	15	7	0	0	1005.50	
1935	2	15	13	0	0	996.20	
1935	2	15	18	0	0	996.10	
1935	2	16	7	0	0	991.80	
1935	2	16	13	0	0	988.30	
1935	2	16	18	0	0	990.00	
1935	2	17	7	0	0	1013.40	
1935	2	17	13	0	0	1014.90	
1935	2	17	18	0	0	1014.90	
1935	2	18	7	0	0	1010.00	
1935	2	18	13	0	0	1005.80	
1935	2	18	18	0	0	1001.70	
1935	2	19	7	0	0	996.80	
1935	2	20	7	0	0	982.60	
1935	2	20	13	0	0	979.60	
1935	2	20	18	0	0	979.00	
1935	2	21	7	0	0	978.40	
1935	2	21	13	0	0	981.20	
1935	2	21	18	0	0	982.00	
1935	2	22	7	0	0	979.00	
1935	2	22	13	0	0	978.10	
1935	2	22	18	0	0	974.90	
1935	2	23	7	0	0	980.80	
1935	2	23	13	0	0	984.80	
1935	2	23	18	0	0	985.80	
1935	2	24	7	0	0	982.70	
1935	2	24	13	0	0	981.50	
1935	2	24	18	0	0	975.70	
1935	2	25	7	0	0	978.00	
1935	2	25	13	0	0	987.00	
1935	2	25	18	0	0	993.00	
1935	2	26	7	0	0	1001.40	
1935	2	26	13	0	0	1001.50	
1935	2	26	18	0	0	996.30	
1935	2	27	7	0	0	980.60	
1935	2	27	13	0	0	979.60	
1935	2	27	18	0	0	978.20	
1935	2	28	7	0	0	979.20	
1935	2	28	13	0	0	981.10	
1935	2	28	18	0	0	982.80	
1935	3	1	7	0	0	989.70	
1935	3	1	13	0	0	987.40	
1935	3	1	18	0	0	989.60	
1935	3	2	7	0	0	1005.60	
1935	3	2	13	0	0	1010.30	
1935	3	2	18	0	0	1011.10	
1935	3	3	7	0	0	1010.10	
1935	3	3	13	0	0	1013.80	
1935	3	3	18	0	0	1018.60	
1935	3	4	7	0	0	1024.60	
1935	3	4	13	0	0	1024.80	
1935	3	4	18	0	0	1021.90	
1935	3	5	7	0	0	1023.70	
1935	3	5	13	0	0	1025.70	
1935	3	5	18	0	0	1027.70	
1935	3	6	7	0	0	1029.30	
1935	3	6	13	0	0	1031.70	
1935	3	6	18	0	0	1032.60	
1935	3	7	7	0	0	1034.70	
1935	3	7	13	0	0	1034.40	
1935	3	7	18	0	0	1035.40	
1935	3	8	7	0	0	1037.90	
1935	3	8	13	0	0	1037.60	
1935	3	8	18	0	0	1037.80	
1935	3	9	7	0	0	1041.00	
1935	3	9	13	0	0	1040.50	
1935	3	9	18	0	0	1037.10	
1935	3	10	7	0	0	1033.50	
1935	3	10	13	0	0	1032.70	
1935	3	10	18	0	0	1032.40	
1935	3	11	7	0	0	1035.50	
1935	3	11	13	0	0	1034.90	
1935	3	11	18	0	0	1036.00	
1935	3	12	7	0	0	1040.00	
1935	3	12	13	0	0	1038.00	
1935	3	12	18	0	0	1035.90	
1935	3	13	7	0	0	1031.20	
1935	3	13	13	0	0	1028.70	
1935	3	13	18	0	0	1026.10	
1935	3	14	7	0	0	1023.30	
1935	3	14	13	0	0	1021.50	
1935	3	14	18	0	0	1018.00	
1935	3	15	7	0	0	1011.60	
1935	3	15	13	0	0	1008.40	
1935	3	15	18	0	0	1005.10	
1935	3	16	7	0	0	997.30	
1935	3	16	13	0	0	998.50	
1935	3	16	18	0	0	997.60	
1935	3	17	7	0	0	1003.60	
1935	3	17	13	0	0	1008.10	
1935	3	17	18	0	0	1010.40	
1935	3	18	7	0	0	1012.80	
1935	3	18	13	0	0	1012.30	
1935	3	18	18	0	0	1011.00	
1935	3	19	7	0	0	1010.40	
1935	3	19	13	0	0	1010.60	
1935	3	19	18	0	0	1008.20	
1935	3	20	7	0	0	1010.30	
1935	3	20	13	0	0	1012.50	
1935	3	20	18	0	0	1013.70	
1935	3	21	7	0	0	1013.60	
1935	3	21	13	0	0	1011.50	
1935	3	21	18	0	0	1009.40	
1935	3	22	7	0	0	1005.00	
1935	3	22	13	0	0	1000.10	
1935	3	22	18	0	0	999.30	
1935	3	23	7	0	0	1004.00	
1935	3	23	13	0	0	1001.80	
1935	3	23	18	0	0	1003.90	
1935	3	24	7	0	0	1017.60	
1935	3	24	13	0	0	1020.40	
1935	3	24	18	0	0	1019.50	
1935	3	25	7	0	0	1019.50	
1935	3	25	13	0	0	1019.00	
1935	3	25	18	0	0	1020.60	
1935	3	26	7	0	0	1023.50	
1935	3	26	13	0	0	1023.70	
1935	3	26	18	0	0	1024.40	
1935	3	27	7	0	0	1028.40	
1935	3	27	13	0	0	1030.30	
1935	3	27	18	0	0	1030.30	
1935	3	28	7	0	0	1030.50	
1935	3	28	13	0	0	1029.60	
1935	3	28	18	0	0	1027.10	
1935	3	29	7	0	0	1028.80	
1935	3	29	13	0	0	1030.30	
1935	3	29	18	0	0	1030.00	
1935	3	30	7	0	0	1026.70	
1935	3	30	13	0	0	1024.80	
1935	3	30	18	0	0	1021.90	
1935	3	31	7	0	0	1016.20	
1935	3	31	13	0	0	1015.20	
1935	3	31	18	0	0	1016.90	
1935	4	1	7	0	0	1015.70	
1935	4	1	13	0	0	1016.50	
1935	4	1	18	0	0	1018.10	
1935	4	2	7	0	0	1023.60	
1935	4	2	13	0	0	1023.80	
1935	4	2	18	0	0	1022.90	
1935	4	3	7	0	0	1024.50	
1935	4	3	13	0	0	1024.00	
1935	4	3	18	0	0	1021.80	
1935	4	4	7	0	0	1011.80	
1935	4	4	13	0	0	1010.90	
1935	4	4	18	0	0	1010.60	
1935	4	5	7	0	0	1008.20	
1935	4	5	13	0	0	1006.00	
1935	4	5	18	0	0	1006.20	
1935	4	6	7	0	0	1007.90	
1935	4	6	13	0	0	1007.60	
1935	4	6	18	0	0	1005.00	
1935	4	7	7	0	0	997.70	
1935	4	7	13	0	0	996.10	
1935	4	7	18	0	0	995.90	
1935	4	8	7	0	0	998.00	
1935	4	8	13	0	0	999.50	
1935	4	8	18	0	0	998.50	
1935	4	9	7	0	0	989.70	
1935	4	9	13	0	0	992.00	
1935	4	9	18	0	0	992.10	
1935	4	10	7	0	0	976.90	
1935	4	10	13	0	0	980.10	
1935	4	10	18	0	0	982.20	
1935	4	11	7	0	0	995.00	
1935	4	11	13	0	0	1000.80	
1935	4	11	18	0	0	1005.10	
1935	4	12	7	0	0	1007.60	
1935	4	12	13	0	0	1009.30	
1935	4	12	18	0	0	1010.50	
1935	4	13	7	0	0	1009.70	
1935	4	13	13	0	0	1008.30	
1935	4	13	18	0	0	1006.10	
1935	4	14	7	0	0	1001.50	
1935	4	14	13	0	0	1002.60	
1935	4	14	18	0	0	1005.20	
1935	4	15	7	0	0	1007.30	
1935	4	15	13	0	0	1006.20	
1935	4	15	18	0	0	1003.20	
1935	4	16	7	0	0	994.40	
1935	4	16	13	0	0	991.30	
1935	4	16	18	0	0	989.40	
1935	4	17	7	0	0	987.20	
1935	4	17	13	0	0	989.50	
1935	4	17	18	0	0	991.30	
1935	4	18	7	0	0	999.90	
1935	4	18	13	0	0	999.90	
1935	4	18	18	0	0	999.60	
1935	4	19	7	0	0	1001.90	
1935	4	19	13	0	0	1003.80	
1935	4	19	18	0	0	1003.30	
1935	4	20	7	0	0	1001.60	
1935	4	20	18	0	0	997.90	
1935	4	21	7	0	0	996.80	
1935	4	21	13	0	0	995.40	
1935	4	21	18	0	0	995.80	
1935	4	22	7	0	0	1001.00	
1935	4	22	13	0	0	1005.10	
1935	4	22	18	0	0	1007.90	
1935	4	23	7	0	0	1016.40	
1935	4	23	13	0	0	1018.90	
1935	4	23	18	0	0	1020.90	
1935	4	24	7	0	0	1025.30	
1935	4	24	13	0	0	1024.70	
1935	4	24	18	0	0	1024.50	
1935	4	25	7	0	0	1025.40	
1935	4	25	13	0	0	1025.10	
1935	4	25	18	0	0	1025.10	
1935	4	26	7	0	0	1026.30	
1935	4	26	13	0	0	1025.20	
1935	4	26	18	0	0	1024.50	
1935	4	27	7	0	0	1026.80	
1935	4	27	13	0	0	1027.20	
1935	4	27	18	0	0	1026.60	
1935	4	28	7	0	0	1029.30	
1935	4	28	13	0	0	1029.20	
1935	4	28	18	0	0	1028.40	
1935	4	29	7	0	0	1028.70	
1935	4	29	13	0	0	1027.10	
1935	4	29	18	0	0	1025.20	
1935	4	30	7	0	0	1021.80	
1935	4	30	13	0	0	1020.50	
1935	4	30	18	0	0	1019.40	
1935	5	1	7	0	0	1019.60	
1935	5	1	13	0	0	1019.60	
1935	5	1	18	0	0	1018.70	
1935	5	2	7	0	0	1016.80	
1935	5	2	13	0	0	1016.20	
1935	5	2	18	0	0	1014.70	
1935	5	3	7	0	0	1013.20	
1935	5	3	13	0	0	1012.80	
1935	5	3	18	0	0	1012.60	
1935	5	4	7	0	0	1012.90	
1935	5	4	13	0	0	1014.00	
1935	5	4	18	0	0	1014.20	
1935	5	5	7	0	0	1018.10	
1935	5	5	13	0	0	1019.90	
1935	5	5	18	0	0	1021.10	
1935	5	6	7	0	0	1028.20	
1935	5	6	13	0	0	1029.10	
1935	5	6	18	0	0	1029.50	
1935	5	7	7	0	0	1032.10	
1935	5	7	13	0	0	1031.90	
1935	5	7	18	0	0	1031.20	
1935	5	8	7	0	0	1035.10	
1935	5	8	13	0	0	1033.40	
1935	5	8	18	0	0	1031.90	
1935	5	9	7	0	0	1031.90	
1935	5	9	13	0	0	1031.10	
1935	5	9	18	0	0	1030.20	
1935	5	10	7	0	0	1028.90	
1935	5	10	13	0	0	1026.70	
1935	5	10	18	0	0	1025.30	
1935	5	11	7	0	0	1025.70	
1935	5	11	13	0	0	1025.00	
1935	5	11	18	0	0	1023.90	
1935	5	12	7	0	0	1025.90	
1935	5	12	13	0	0	1026.30	
1935	5	12	18	0	0	1025.60	
1935	5	13	7	0	0	1027.20	
1935	5	13	13	0	0	1025.20	
1935	5	13	18	0	0	1022.60	
1935	5	14	7	0	0	1026.10	
1935	5	14	13	0	0	1028.60	
1935	5	14	18	0	0	1028.80	
1935	5	15	7	0	0	1024.50	
1935	5	15	13	0	0	1016.90	
1935	5	15	18	0	0	1019.60	
1935	5	16	7	0	0	1026.60	
1935	5	16	13	0	0	1025.30	
1935	5	16	18	0	0	1022.10	
1935	5	17	7	0	0	1012.20	
1935	5	17	13	0	0	1014.20	
1935	5	17	18	0	0	1015.70	
1935	5	18	7	0	0	1018.20	
1935	5	18	13	0	0	1016.50	
1935	5	18	18	0	0	1014.30	
1935	5	19	7	0	0	1007.60	
1935	5	19	13	0	0	1007.00	
1935	5	19	18	0	0	1007.90	
1935	5	20	7	0	0	1014.80	
1935	5	20	13	0	0	1017.50	
1935	5	20	18	0	0	1020.40	
1935	5	21	7	0	0	1027.20	
1935	5	21	13	0	0	1027.70	
1935	5	21	18	0	0	1027.40	
1935	5	22	7	0	0	1028.70	
1935	5	22	13	0	0	1027.50	
1935	5	22	18	0	0	1025.60	
1935	5	23	7	0	0	1025.50	
1935	5	23	13	0	0	1024.90	
1935	5	23	18	0	0	1024.10	
1935	5	24	7	0	0	1025.60	
1935	5	24	13	0	0	1025.30	
1935	5	24	18	0	0	1024.60	
1935	5	25	7	0	0	1026.40	
1935	5	25	13	0	0	1025.20	
1935	5	25	18	0	0	1024.10	
1935	5	26	7	0	0	1025.50	
1935	5	26	13	0	0	1023.90	
1935	5	26	18	0	0	1022.90	
1935	5	27	7	0	0	1023.60	
1935	5	27	13	0	0	1022.20	
1935	5	27	18	0	0	1019.80	
1935	5	28	7	0	0	1019.10	
1935	5	28	13	0	0	1019.80	
1935	5	28	18	0	0	1018.70	
1935	5	29	7	0	0	1017.30	
1935	5	29	13	0	0	1016.70	
1935	5	29	18	0	0	1014.10	
1935	5	30	7	0	0	1013.60	
1935	5	30	13	0	0	1013.40	
1935	5	30	18	0	0	1012.60	
1935	5	31	7	0	0	1014.50	
1935	5	31	13	0	0	1014.60	
1935	5	31	18	0	0	1013.30	
1935	6	1	7	0	0	1012.30	
1935	6	1	13	0	0	1011.90	
1935	6	1	18	0	0	1009.60	
1935	6	2	7	0	0	1004.00	
1935	6	2	13	0	0	1002.30	
1935	6	2	18	0	0	1000.70	
1935	6	3	7	0	0	1001.70	
1935	6	3	13	0	0	1001.20	
1935	6	3	18	0	0	1000.80	
1935	6	4	7	0	0	1001.80	
1935	6	4	13	0	0	1000.60	
1935	6	4	18	0	0	999.70	
1935	6	5	7	0	0	999.80	
1935	6	5	13	0	0	999.50	
1935	6	5	18	0	0	1000.50	
1935	6	6	7	0	0	1001.60	
1935	6	6	13	0	0	999.70	
1935	6	6	18	0	0	994.90	
1935	6	7	7	0	0	989.60	
1935	6	7	13	0	0	987.50	
1935	6	7	18	0	0	989.40	
1935	6	8	7	0	0	1002.10	
1935	6	8	13	0	0	1008.50	
1935	6	8	18	0	0	1013.20	
1935	6	9	7	0	0	1015.10	
1935	6	9	13	0	0	1013.10	
1935	6	9	18	0	0	1010.90	
1935	6	10	7	0	0	1006.50	
1935	6	10	13	0	0	1001.70	
1935	6	10	18	0	0	998.90	
1935	6	11	7	0	0	994.20	
1935	6	11	13	0	0	990.40	
1935	6	11	18	0	0	992.40	
1935	6	12	7	0	0	999.90	
1935	6	12	13	0	0	1002.00	
1935	6	12	18	0	0	1002.20	
1935	6	13	7	0	0	1003.50	
1935	6	13	13	0	0	1005.00	
1935	6	13	18	0	0	1003.70	
1935	6	14	7	0	0	1001.80	
1935	6	14	13	0	0	1000.10	
1935	6	14	18	0	0	1000.70	
1935	6	15	7	0	0	1002.90	
1935	6	15	13	0	0	1002.10	
1935	6	15	18	0	0	1002.20	
1935	6	16	7	0	0	1002.20	
1935	6	16	13	0	0	1002.30	
1935	6	16	18	0	0	1004.50	
1935	6	17	7	0	0	1009.30	
1935	6	17	13	0	0	1009.90	
1935	6	17	18	0	0	1009.20	
1935	6	18	7	0	0	1007.70	
1935	6	18	13	0	0	1011.60	
1935	6	18	18	0	0	1014.60	
1935	6	19	7	0	0	1016.00	
1935	6	19	13	0	0	1013.90	
1935	6	19	18	0	0	1011.80	
1935	6	20	7	0	0	1006.40	
1935	6	20	13	0	0	1007.10	
1935	6	20	18	0	0	1009.00	
1935	6	21	7	0	0	1005.60	
1935	6	21	13	0	0	1010.90	
1935	6	21	18	0	0	1011.90	
1935	6	22	7	0	0	1013.30	
1935	6	22	13	0	0	1012.80	
1935	6	22	18	0	0	1016.10	
1935	6	23	7	0	0	1020.90	
1935	6	23	13	0	0	1022.30	
1935	6	23	18	0	0	1023.20	
1935	6	24	7	0	0	1021.30	
1935	6	24	13	0	0	1020.30	
1935	6	24	18	0	0	1018.60	
1935	6	25	7	0	0	1015.50	
1935	6	25	13	0	0	1012.70	
1935	6	25	18	0	0	1010.00	
1935	6	26	7	0	0	1007.60	
1935	6	26	13	0	0	1008.30	
1935	6	26	18	0	0	1007.40	
1935	6	27	7	0	0	1009.70	
1935	6	27	13	0	0	1015.40	
1935	6	27	18	0	0	1017.20	
1935	6	28	7	0	0	1024.40	
1935	6	28	13	0	0	1026.40	
1935	6	28	18	0	0	1026.40	
1935	6	29	7	0	0	1025.10	
1935	6	29	13	0	0	1022.20	
1935	6	29	18	0	0	1019.80	
1935	6	30	7	0	0	1023.50	
1935	6	30	13	0	0	1023.60	
1935	6	30	18	0	0	1021.20	
1935	7	1	7	0	0	1018.60	
1935	7	1	13	0	0	1015.30	
1935	7	1	18	0	0	1013.50	
1935	7	2	7	0	0	1013.50	
1935	7	2	13	0	0	1014.50	
1935	7	2	18	0	0	1016.20	
1935	7	3	7	0	0	1022.20	
1935	7	3	13	0	0	1021.00	
1935	7	3	18	0	0	1017.90	
1935	7	4	7	0	0	1019.70	
1935	7	4	13	0	0	1020.20	
1935	7	4	18	0	0	1020.20	
1935	7	5	7	0	0	1017.90	
1935	7	5	13	0	0	1020.20	
1935	7	5	18	0	0	1020.40	
1935	7	6	7	0	0	1023.00	
1935	7	6	13	0	0	1023.40	
1935	7	6	18	0	0	1023.80	
1935	7	7	7	0	0	1024.30	
1935	7	7	13	0	0	1023.90	
1935	7	7	18	0	0	1023.00	
1935	7	8	7	0	0	1021.10	
1935	7	8	13	0	0	1019.60	
1935	7	8	18	0	0	1017.80	
1935	7	9	7	0	0	1016.00	
1935	7	9	13	0	0	1014.90	
1935	7	9	18	0	0	1013.20	
1935	7	10	7	0	0	1015.20	
1935	7	10	13	0	0	1017.90	
1935	7	10	18	0	0	1019.80	
1935	7	11	7	0	0	1025.90	
1935	7	11	13	0	0	1026.20	
1935	7	11	18	0	0	1023.80	
1935	7	12	7	0	0	1023.30	
1935	7	12	13	0	0	1021.00	
1935	7	12	18	0	0	1019.50	
1935	7	13	7	0	0	1019.60	
1935	7	13	13	0	0	1019.80	
1935	7	13	18	0	0	1021.00	
1935	7	14	7	0	0	1025.70	
1935	7	14	13	0	0	1026.20	
1935	7	14	18	0	0	1026.60	
1935	7	15	7	0	0	1025.90	
1935	7	15	13	0	0	1023.10	
1935	7	15	18	0	0	1020.90	
1935	7	16	7	0	0	1018.60	
1935	7	16	13	0	0	1017.10	
1935	7	16	18	0	0	1015.50	
1935	7	17	7	0	0	1013.70	
1935	7	17	13	0	0	1013.30	
1935	7	17	18	0	0	1013.20	
1935	7	18	7	0	0	1009.20	
1935	7	18	13	0	0	1007.50	
1935	7	18	18	0	0	1007.20	
1935	7	19	7	0	0	1003.90	
1935	7	19	13	0	0	998.50	
1935	7	19	18	0	0	995.30	
1935	7	20	7	0	0	1000.40	
1935	7	20	13	0	0	1005.30	
1935	7	20	18	0	0	1009.90	
1935	7	21	7	0	0	1017.60	
1935	7	21	13	0	0	1018.10	
1935	7	21	18	0	0	1018.50	
1935	7	22	7	0	0	1020.40	
1935	7	22	13	0	0	1021.70	
1935	7	22	18	0	0	1022.10	
1935	7	23	7	0	0	1022.40	
1935	7	23	13	0	0	1021.90	
1935	7	23	18	0	0	1023.10	
1935	7	24	7	0	0	1028.50	
1935	7	24	13	0	0	1029.20	
1935	7	24	18	0	0	1028.70	
1935	7	25	7	0	0	1027.50	
1935	7	25	13	0	0	1025.40	
1935	7	25	18	0	0	1024.10	
1935	7	26	7	0	0	1023.00	
1935	7	26	13	0	0	1021.40	
1935	7	26	18	0	0	1019.00	
1935	7	27	7	0	0	1013.70	
1935	7	27	13	0	0	1011.60	
1935	7	27	18	0	0	1012.00	
1935	7	28	7	0	0	1016.70	
1935	7	28	13	0	0	1017.20	
1935	7	28	18	0	0	1018.40	
1935	7	29	7	0	0	1022.70	
1935	7	29	13	0	0	1024.10	
1935	7	29	18	0	0	1025.30	
1935	7	30	7	0	0	1026.10	
1935	7	30	13	0	0	1025.40	
1935	7	30	18	0	0	1024.10	
1935	7	31	7	0	0	1023.40	
1935	7	31	13	0	0	1022.50	
1935	7	31	18	0	0	1020.40	
1935	8	1	7	0	0	1020.20	
1935	8	1	13	0	0	1020.60	
1935	8	1	18	0	0	1022.00	
1935	8	2	7	0	0	1025.00	
1935	8	2	13	0	0	1025.20	
1935	8	2	18	0	0	1024.90	
1935	8	3	7	0	0	1025.60	
1935	8	3	13	0	0	1025.00	
1935	8	3	18	0	0	1024.50	
1935	8	4	7	0	0	1023.80	
1935	8	4	13	0	0	1022.90	
1935	8	4	18	0	0	1022.10	
1935	8	5	7	0	0	1025.00	
1935	8	5	13	0	0	1026.30	
1935	8	5	18	0	0	1026.70	
1935	8	6	7	0	0	1029.70	
1935	8	6	13	0	0	1029.70	
1935	8	6	18	0	0	1028.60	
1935	8	7	7	0	0	1025.80	
1935	8	7	13	0	0	1022.90	
1935	8	7	18	0	0	1020.20	
1935	8	8	7	0	0	1015.00	
1935	8	8	13	0	0	1015.20	
1935	8	8	18	0	0	1016.20	
1935	8	9	7	0	0	1016.50	
1935	8	9	13	0	0	1016.40	
1935	8	9	18	0	0	1016.90	
1935	8	10	7	0	0	1013.90	
1935	8	10	13	0	0	1013.60	
1935	8	10	18	0	0	1012.20	
1935	8	11	7	0	0	1009.50	
1935	8	11	13	0	0	1011.60	
1935	8	11	18	0	0	1010.80	
1935	8	12	7	0	0	1012.20	
1935	8	12	13	0	0	1014.10	
1935	8	12	18	0	0	1015.60	
1935	8	13	7	0	0	1018.30	
1935	8	13	13	0	0	1017.30	
1935	8	13	18	0	0	1016.70	
1935	8	14	7	0	0	1016.50	
1935	8	14	13	0	0	1017.20	
1935	8	14	18	0	0	1018.20	
1935	8	15	7	0	0	1019.90	
1935	8	15	13	0	0	1019.40	
1935	8	15	18	0	0	1018.60	
1935	8	16	7	0	0	1017.40	
1935	8	16	13	0	0	1016.80	
1935	8	16	18	0	0	1015.80	
1935	8	17	7	0	0	1015.40	
1935	8	17	13	0	0	1014.80	
1935	8	17	18	0	0	1013.90	
1935	8	18	7	0	0	1014.30	
1935	8	18	13	0	0	1015.30	
1935	8	18	18	0	0	1014.60	
1935	8	19	7	0	0	1016.90	
1935	8	19	13	0	0	1017.00	
1935	8	19	18	0	0	1016.60	
1935	8	20	7	0	0	1018.30	
1935	8	20	13	0	0	1017.20	
1935	8	20	18	0	0	1015.20	
1935	8	21	7	0	0	1008.50	
1935	8	21	13	0	0	1010.50	
1935	8	21	18	0	0	1012.50	
1935	8	22	7	0	0	1011.00	
1935	8	22	13	0	0	1008.80	
1935	8	22	18	0	0	1007.50	
1935	8	23	7	0	0	1009.60	
1935	8	23	13	0	0	1010.30	
1935	8	23	18	0	0	1011.40	
1935	8	24	7	0	0	1014.00	
1935	8	24	13	0	0	1015.60	
1935	8	24	18	0	0	1017.90	
1935	8	25	7	0	0	1021.00	
1935	8	25	13	0	0	1020.50	
1935	8	25	18	0	0	1018.80	
1935	8	26	7	0	0	1005.80	
1935	8	26	13	0	0	1004.30	
1935	8	26	18	0	0	1001.50	
1935	8	27	7	0	0	998.80	
1935	8	27	13	0	0	997.60	
1935	8	27	18	0	0	997.50	
1935	8	28	7	0	0	999.40	
1935	8	28	13	0	0	1000.70	
1935	8	28	18	0	0	1001.50	
1935	8	29	7	0	0	1000.20	
1935	8	29	13	0	0	999.70	
1935	8	29	18	0	0	999.60	
1935	8	30	7	0	0	1001.00	
1935	8	30	13	0	0	1001.60	
1935	8	30	18	0	0	1001.30	
1935	8	31	7	0	0	1004.00	
1935	8	31	13	0	0	1006.10	
1935	8	31	18	0	0	1006.90	
1935	9	1	7	0	0	1008.70	
1935	9	1	13	0	0	1007.40	
1935	9	1	18	0	0	1002.10	
1935	9	2	7	0	0	994.10	
1935	9	2	13	0	0	1002.40	
1935	9	2	18	0	0	1004.80	
1935	9	3	7	0	0	1006.30	
1935	9	3	13	0	0	1006.90	
1935	9	3	18	0	0	1006.00	
1935	9	4	7	0	0	1005.30	
1935	9	4	13	0	0	1005.60	
1935	9	4	18	0	0	1005.30	
1935	9	5	7	0	0	1006.80	
1935	9	5	13	0	0	1008.70	
1935	9	5	18	0	0	1009.80	
1935	9	6	7	0	0	1017.40	
1935	9	6	13	0	0	1020.30	
1935	9	6	18	0	0	1021.50	
1935	9	7	7	0	0	1024.10	
1935	9	7	13	0	0	1023.60	
1935	9	7	18	0	0	1022.70	
1935	9	8	7	0	0	1022.20	
1935	9	8	13	0	0	1021.30	
1935	9	8	18	0	0	1020.50	
1935	9	9	7	0	0	1020.20	
1935	9	9	13	0	0	1020.40	
1935	9	9	18	0	0	1019.80	
1935	9	10	7	0	0	1020.50	
1935	9	10	13	0	0	1020.10	
1935	9	10	18	0	0	1018.30	
1935	9	11	7	0	0	1013.80	
1935	9	11	13	0	0	1011.80	
1935	9	11	18	0	0	1010.10	
1935	9	12	7	0	0	1005.60	
1935	9	12	13	0	0	1001.90	
1935	9	12	18	0	0	998.90	
1935	9	13	7	0	0	1000.70	
1935	9	13	13	0	0	1002.00	
1935	9	13	18	0	0	1001.30	
1935	9	14	7	0	0	995.90	
1935	9	14	13	0	0	997.60	
1935	9	14	18	0	0	1000.50	
1935	9	15	7	0	0	990.20	
1935	9	15	13	0	0	988.10	
1935	9	15	18	0	0	987.90	
1935	9	16	7	0	0	988.90	
1935	9	16	13	0	0	989.70	
1935	9	16	18	0	0	983.60	
1935	9	17	7	0	0	978.10	
1935	9	17	13	0	0	986.30	
1935	9	17	18	0	0	990.70	
1935	9	18	7	0	0	999.10	
1935	9	18	13	0	0	1002.30	
1935	9	18	18	0	0	999.30	
1935	9	19	7	0	0	984.50	
1935	9	19	13	0	0	991.50	
1935	9	19	18	0	0	997.00	
1935	9	20	7	0	0	1007.40	
1935	9	20	13	0	0	1012.40	
1935	9	20	18	0	0	1016.40	
1935	9	21	7	0	0	1021.20	
1935	9	21	13	0	0	1019.30	
1935	9	21	18	0	0	1016.40	
1935	9	22	7	0	0	1010.00	
1935	9	22	13	0	0	1009.10	
1935	9	22	18	0	0	1009.90	
1935	9	23	7	0	0	1015.10	
1935	9	23	13	0	0	1015.80	
1935	9	23	18	0	0	1015.60	
1935	9	24	7	0	0	1008.60	
1935	9	24	13	0	0	1004.30	
1935	9	24	18	0	0	1005.80	
1935	9	25	7	0	0	1015.10	
1935	9	25	13	0	0	1016.90	
1935	9	25	18	0	0	1018.50	
1935	9	26	7	0	0	1014.50	
1935	9	26	13	0	0	1010.10	
1935	9	26	18	0	0	1006.70	
1935	9	27	7	0	0	1007.20	
1935	9	27	13	0	0	1007.90	
1935	9	27	18	0	0	1008.40	
1935	9	28	7	0	0	1005.30	
1935	9	28	13	0	0	1005.40	
1935	9	28	18	0	0	1006.00	
1935	9	29	7	0	0	1008.80	
1935	9	29	13	0	0	1005.90	
1935	9	29	18	0	0	1000.50	
1935	9	30	7	0	0	996.10	
1935	9	30	13	0	0	995.40	
1935	9	30	18	0	0	993.20	
1935	10	1	7	0	0	989.40	
1935	10	1	13	0	0	998.30	
1935	10	1	18	0	0	1001.10	
1935	10	2	7	0	0	991.70	
1935	10	2	13	0	0	984.60	
1935	10	2	18	0	0	980.60	
1935	10	3	7	0	0	978.30	
1935	10	3	13	0	0	982.60	
1935	10	3	18	0	0	986.10	
1935	10	4	7	0	0	991.30	
1935	10	4	13	0	0	992.80	
1935	10	4	18	0	0	993.20	
1935	10	5	7	0	0	994.00	
1935	10	5	13	0	0	995.70	
1935	10	5	18	0	0	998.10	
1935	10	6	7	0	0	1003.90	
1935	10	6	13	0	0	1007.40	
1935	10	6	18	0	0	1009.80	
1935	10	7	7	0	0	1012.60	
1935	10	7	13	0	0	1009.80	
1935	10	7	18	0	0	1006.10	
1935	10	8	7	0	0	998.20	
1935	10	8	13	0	0	999.20	
1935	10	8	18	0	0	1000.20	
1935	10	9	7	0	0	998.90	
1935	10	9	13	0	0	995.40	
1935	10	9	18	0	0	991.30	
1935	10	10	7	0	0	990.20	
1935	10	10	13	0	0	993.30	
1935	10	10	18	0	0	1000.70	
1935	10	11	7	0	0	1006.50	
1935	10	11	13	0	0	1009.80	
1935	10	11	18	0	0	1012.20	
1935	10	12	7	0	0	1015.80	
1935	10	12	13	0	0	1018.80	
1935	10	12	18	0	0	1019.80	
1935	10	13	7	0	0	1019.60	
1935	10	13	13	0	0	1015.40	
1935	10	13	18	0	0	1010.60	
1935	10	14	7	0	0	1019.20	
1935	10	14	13	0	0	1020.00	
1935	10	14	18	0	0	1021.20	
1935	10	15	7	0	0	1018.10	
1935	10	15	13	0	0	1015.40	
1935	10	15	18	0	0	1015.30	
1935	10	16	7	0	0	1020.00	
1935	10	16	13	0	0	1022.60	
1935	10	16	18	0	0	1024.10	
1935	10	17	7	0	0	1018.90	
1935	10	17	13	0	0	1017.50	
1935	10	17	18	0	0	1019.10	
1935	10	18	7	0	0	1022.30	
1935	10	18	13	0	0	1013.30	
1935	10	18	18	0	0	990.00	
1935	10	19	7	0	0	991.10	
1935	10	19	13	0	0	993.10	
1935	10	19	18	0	0	997.70	
1935	10	20	7	0	0	1011.60	
1935	10	20	13	0	0	1015.30	
1935	10	20	18	0	0	1016.10	
1935	10	21	7	0	0	1014.50	
1935	10	21	13	0	0	1011.20	
1935	10	21	18	0	0	1013.50	
1935	10	22	7	0	0	1013.90	
1935	10	22	13	0	0	1011.20	
1935	10	22	18	0	0	1009.40	
1935	10	23	7	0	0	1003.10	
1935	10	23	13	0	0	999.50	
1935	10	23	18	0	0	999.30	
1935	10	24	7	0	0	1008.60	
1935	10	24	13	0	0	1011.40	
1935	10	24	18	0	0	1013.00	
1935	10	25	7	0	0	1014.70	
1935	10	25	13	0	0	1017.60	
1935	10	25	18	0	0	1019.70	
1935	10	26	7	0	0	1018.80	
1935	10	26	13	0	0	1017.60	
1935	10	26	18	0	0	1016.20	
1935	10	27	7	0	0	1010.40	
1935	10	27	13	0	0	1008.80	
1935	10	27	18	0	0	1007.50	
1935	10	28	7	0	0	1013.30	
1935	10	28	13	0	0	1016.00	
1935	10	28	18	0	0	1014.60	
1935	10	29	7	0	0	1005.20	
1935	10	29	13	0	0	1005.10	
1935	10	29	18	0	0	1006.60	
1935	10	30	7	0	0	994.90	
1935	10	30	13	0	0	986.80	
1935	10	30	18	0	0	984.30	
1935	10	31	7	0	0	985.30	
1935	10	31	13	0	0	984.80	
1935	10	31	18	0	0	984.80	
1935	11	1	7	0	0	995.00	
1935	11	1	13	0	0	998.30	
1935	11	1	18	0	0	1003.00	
1935	11	2	7	0	0	999.70	
1935	11	2	13	0	0	1000.80	
1935	11	2	18	0	0	1004.90	
1935	11	3	7	0	0	1001.80	
1935	11	3	13	0	0	998.30	
1935	11	3	18	0	0	996.60	
1935	11	4	7	0	0	997.50	
1935	11	4	13	0	0	998.40	
1935	11	4	18	0	0	999.60	
1935	11	5	7	0	0	996.40	
1935	11	5	13	0	0	996.80	
1935	11	5	18	0	0	1000.20	
1935	11	6	7	0	0	1000.80	
1935	11	6	13	0	0	1000.60	
1935	11	6	18	0	0	1001.00	
1935	11	7	7	0	0	999.60	
1935	11	7	13	0	0	996.70	
1935	11	7	18	0	0	996.70	
1935	11	8	7	0	0	998.50	
1935	11	8	13	0	0	997.20	
1935	11	8	18	0	0	993.70	
1935	11	9	7	0	0	985.80	
1935	11	9	13	0	0	983.70	
1935	11	9	18	0	0	988.80	
1935	11	10	7	0	0	998.70	
1935	11	10	13	0	0	1001.20	
1935	11	10	18	0	0	1003.10	
1935	11	11	7	0	0	1004.20	
1935	11	11	13	0	0	1001.80	
1935	11	11	18	0	0	996.20	
1935	11	12	7	0	0	992.00	
1935	11	12	13	0	0	996.30	
1935	11	12	18	0	0	996.60	
1935	11	13	7	0	0	996.00	
1935	11	13	13	0	0	998.30	
1935	11	13	18	0	0	999.90	
1935	11	14	7	0	0	995.00	
1935	11	14	13	0	0	998.60	
1935	11	14	18	0	0	999.40	
1935	11	15	7	0	0	994.60	
1935	11	15	13	0	0	994.00	
1935	11	15	18	0	0	994.20	
1935	11	16	7	0	0	993.90	
1935	11	16	13	0	0	993.80	
1935	11	16	18	0	0	993.00	
1935	11	17	7	0	0	994.50	
1935	11	17	13	0	0	994.10	
1935	11	17	18	0	0	995.00	
1935	11	18	7	0	0	998.30	
1935	11	18	13	0	0	1000.60	
1935	11	18	18	0	0	1001.50	
1935	11	19	7	0	0	1000.70	
1935	11	19	13	0	0	998.10	
1935	11	19	18	0	0	994.60	
1935	11	20	7	0	0	1001.30	
1935	11	20	13	0	0	1002.90	
1935	11	20	18	0	0	1002.90	
1935	11	21	7	0	0	1006.80	
1935	11	21	13	0	0	1008.70	
1935	11	21	18	0	0	1010.60	
1935	11	22	7	0	0	1013.10	
1935	11	22	13	0	0	1014.10	
1935	11	22	18	0	0	1014.80	
1935	11	23	7	0	0	1016.60	
1935	11	23	13	0	0	1018.00	
1935	11	23	18	0	0	1018.80	
1935	11	24	7	0	0	1020.90	
1935	11	24	13	0	0	1021.50	
1935	11	24	18	0	0	1022.10	
1935	11	25	7	0	0	1019.80	
1935	11	25	13	0	0	1015.40	
1935	11	25	18	0	0	1011.20	
1935	11	26	7	0	0	1004.70	
1935	11	26	13	0	0	1006.60	
1935	11	26	18	0	0	1007.50	
1935	11	27	7	0	0	1010.70	
1935	11	27	13	0	0	1010.60	
1935	11	27	18	0	0	1007.10	
1935	11	28	7	0	0	992.90	
1935	11	28	13	0	0	998.10	
1935	11	28	18	0	0	1001.70	
1935	11	29	7	0	0	1001.20	
1935	11	29	13	0	0	1000.50	
1935	11	29	18	0	0	999.20	
1935	11	30	7	0	0	992.10	
1935	11	30	13	0	0	986.70	
1935	11	30	18	0	0	975.20	
1935	12	1	7	0	0	976.30	
1935	12	1	13	0	0	974.30	
1935	12	1	18	0	0	977.60	
1935	12	2	7	0	0	982.80	
1935	12	2	13	0	0	985.60	
1935	12	2	18	0	0	988.60	
1935	12	3	7	0	0	988.00	
1935	12	3	13	0	0	988.70	
1935	12	3	18	0	0	989.80	
1935	12	4	7	0	0	995.50	
1935	12	4	13	0	0	993.90	
1935	12	4	18	0	0	991.80	
1935	12	5	7	0	0	1002.80	
1935	12	5	13	0	0	1006.50	
1935	12	5	18	0	0	1008.10	
1935	12	6	7	0	0	1003.00	
1935	12	6	13	0	0	1003.20	
1935	12	6	18	0	0	1007.60	
1935	12	7	7	0	0	1009.60	
1935	12	7	13	0	0	1006.30	
1935	12	7	18	0	0	1004.90	
1935	12	8	7	0	0	1006.40	
1935	12	8	13	0	0	1006.40	
1935	12	8	18	0	0	1008.90	
1935	12	9	7	0	0	1022.20	
1935	12	9	13	0	0	1027.90	
1935	12	9	18	0	0	1031.90	
1935	12	10	7	0	0	1038.10	
1935	12	10	13	0	0	1039.30	
1935	12	10	18	0	0	1040.50	
1935	12	11	7	0	0	1038.30	
1935	12	11	13	0	0	1036.10	
1935	12	11	18	0	0	1035.50	
1935	12	12	7	0	0	1033.90	
1935	12	12	13	0	0	1033.60	
1935	12	12	18	0	0	1032.50	
1935	12	13	7	0	0	1030.60	
1935	12	13	13	0	0	1028.40	
1935	12	13	18	0	0	1026.40	
1935	12	14	7	0	0	1014.60	
1935	12	14	13	0	0	1007.60	
1935	12	14	18	0	0	1004.40	
1935	12	15	7	0	0	998.00	
1935	12	15	13	0	0	997.10	
1935	12	15	18	0	0	992.60	
1935	12	16	7	0	0	996.60	
1935	12	16	13	0	0	1001.70	
1935	12	16	18	0	0	1003.10	
1935	12	17	7	0	0	1006.20	
1935	12	17	13	0	0	1009.00	
1935	12	17	18	0	0	1011.40	
1935	12	18	7	0	0	1013.30	
1935	12	18	13	0	0	1011.80	
1935	12	18	18	0	0	1010.60	
1935	12	19	7	0	0	1010.90	
1935	12	19	13	0	0	1010.70	
1935	12	19	18	0	0	1011.20	
1935	12	20	7	0	0	1011.30	
1935	12	20	13	0	0	1010.70	
1935	12	20	18	0	0	1010.70	
1935	12	21	7	0	0	1010.50	
1935	12	21	13	0	0	1009.10	
1935	12	21	18	0	0	1008.50	
1935	12	22	7	0	0	1006.40	
1935	12	22	13	0	0	1007.70	
1935	12	22	18	0	0	1009.30	
1935	12	23	7	0	0	1007.30	
1935	12	23	13	0	0	1004.40	
1935	12	23	18	0	0	1001.90	
1935	12	24	7	0	0	990.40	
1935	12	24	13	0	0	983.90	
1935	12	24	18	0	0	981.40	
1935	12	25	7	0	0	978.40	
1935	12	25	13	0	0	974.90	
1935	12	25	18	0	0	974.80	
1935	12	26	7	0	0	973.00	
1935	12	26	13	0	0	972.00	
1935	12	26	18	0	0	971.00	
1935	12	27	7	0	0	974.70	
1935	12	27	13	0	0	978.10	
1935	12	27	18	0	0	980.90	
1935	12	28	7	0	0	987.00	
1935	12	28	13	0	0	989.80	
1935	12	28	18	0	0	992.60	
1935	12	29	7	0	0	997.60	
1935	12	29	13	0	0	995.30	
1935	12	29	18	0	0	990.20	
1935	12	30	7	0	0	981.70	
1935	12	30	13	0	0	981.80	
1935	12	30	18	0	0	984.30	
1935	12	31	7	0	0	984.20	
1935	12	31	13	0	0	980.50	
1935	12	31	18	0	0	982.70	
1936	1	1	7	0	0	985.10	
1936	1	1	13	0	0	986.50	
1936	1	1	18	0	0	987.60	
1936	1	2	7	0	0	987.20	
1936	1	2	13	0	0	988.30	
1936	1	2	18	0	0	990.00	
1936	1	3	7	0	0	993.30	
1936	1	3	13	0	0	996.20	
1936	1	3	18	0	0	999.90	
1936	1	4	7	0	0	1008.00	
1936	1	4	13	0	0	1010.40	
1936	1	4	18	0	0	1010.70	
1936	1	5	7	0	0	998.60	
1936	1	5	13	0	0	994.40	
1936	1	5	18	0	0	985.90	
1936	1	6	7	0	0	972.00	
1936	1	6	13	0	0	975.90	
1936	1	6	18	0	0	978.90	
1936	1	7	7	0	0	985.30	
1936	1	7	13	0	0	988.80	
1936	1	7	18	0	0	992.50	
1936	1	8	7	0	0	991.80	
1936	1	8	13	0	0	985.20	
1936	1	8	18	0	0	986.00	
1936	1	9	7	0	0	986.40	
1936	1	9	13	0	0	981.20	
1936	1	9	18	0	0	960.70	
1936	1	10	7	0	0	977.80	
1936	1	10	13	0	0	984.90	
1936	1	10	18	0	0	990.60	
1936	1	11	7	0	0	1011.90	
1936	1	11	13	0	0	1018.50	
1936	1	11	18	0	0	1020.70	
1936	1	12	7	0	0	1022.70	
1936	1	12	13	0	0	1023.20	
1936	1	12	18	0	0	1022.90	
1936	1	13	7	0	0	1020.90	
1936	1	13	13	0	0	1023.00	
1936	1	13	18	0	0	1024.40	
1936	1	14	7	0	0	1028.20	
1936	1	14	13	0	0	1028.90	
1936	1	14	18	0	0	1028.40	
1936	1	15	7	0	0	1023.00	
1936	1	15	13	0	0	1019.80	
1936	1	15	18	0	0	1015.70	
1936	1	16	7	0	0	1007.60	
1936	1	16	13	0	0	1006.00	
1936	1	16	18	0	0	1005.10	
1936	1	17	7	0	0	1003.70	
1936	1	17	13	0	0	1000.60	
1936	1	17	18	0	0	995.40	
1936	1	18	7	0	0	996.00	
1936	1	18	13	0	0	995.90	
1936	1	18	18	0	0	996.30	
1936	1	19	7	0	0	995.60	
1936	1	19	13	0	0	993.90	
1936	1	19	18	0	0	991.70	
1936	1	20	7	0	0	979.00	
1936	1	20	13	0	0	975.50	
1936	1	20	18	0	0	976.90	
1936	1	21	7	0	0	983.60	
1936	1	21	13	0	0	987.50	
1936	1	21	18	0	0	991.80	
1936	1	22	7	0	0	993.60	
1936	1	22	13	0	0	993.30	
1936	1	22	18	0	0	993.20	
1936	1	23	7	0	0	1002.00	
1936	1	23	13	0	0	1004.70	
1936	1	23	18	0	0	1004.90	
1936	1	24	7	0	0	1000.80	
1936	1	24	18	0	0	997.00	
1936	1	25	7	0	0	988.90	
1936	1	25	13	0	0	988.60	
1936	1	25	18	0	0	988.40	
1936	1	26	7	0	0	988.50	
1936	1	26	13	0	0	990.40	
1936	1	26	18	0	0	990.70	
1936	1	27	7	0	0	978.90	
1936	1	27	13	0	0	982.80	
1936	1	27	18	0	0	982.70	
1936	1	28	7	0	0	983.40	
1936	1	28	13	0	0	987.30	
1936	1	28	18	0	0	987.80	
1936	1	29	7	0	0	986.50	
1936	1	29	13	0	0	988.40	
1936	1	29	18	0	0	989.80	
1936	1	30	7	0	0	990.50	
1936	1	30	13	0	0	992.00	
1936	1	30	18	0	0	990.80	
1936	1	31	7	0	0	988.30	
1936	1	31	13	0	0	988.50	
1936	1	31	18	0	0	989.90	
1936	2	1	7	0	0	985.90	
1936	2	1	13	0	0	984.10	
1936	2	1	18	0	0	983.40	
1936	2	2	7	0	0	988.70	
1936	2	2	13	0	0	993.50	
1936	2	2	18	0	0	997.70	
1936	2	3	7	0	0	1005.30	
1936	2	3	13	0	0	1009.70	
1936	2	3	18	0	0	1012.70	
1936	2	4	7	0	0	1015.00	
1936	2	4	13	0	0	1015.30	
1936	2	4	18	0	0	1015.40	
1936	2	5	7	0	0	1014.60	
1936	2	5	13	0	0	1016.20	
1936	2	5	18	0	0	1017.10	
1936	2	6	7	0	0	1019.10	
1936	2	6	13	0	0	1020.20	
1936	2	6	18	0	0	1020.70	
1936	2	7	7	0	0	1023.00	
1936	2	7	13	0	0	1024.70	
1936	2	7	18	0	0	1025.20	
1936	2	8	7	0	0	1024.30	
1936	2	8	13	0	0	1022.90	
1936	2	8	18	0	0	1020.50	
1936	2	9	7	0	0	1014.50	
1936	2	9	13	0	0	1011.20	
1936	2	9	18	0	0	1008.20	
1936	2	10	7	0	0	1012.60	
1936	2	10	13	0	0	1014.70	
1936	2	10	18	0	0	1014.00	
1936	2	11	7	0	0	1006.70	
1936	2	11	13	0	0	1007.70	
1936	2	11	18	0	0	1009.90	
1936	2	12	7	0	0	1017.60	
1936	2	12	13	0	0	1020.30	
1936	2	12	18	0	0	1019.90	
1936	2	13	7	0	0	1018.30	
1936	2	13	13	0	0	1017.80	
1936	2	13	18	0	0	1014.30	
1936	2	14	7	0	0	1006.20	
1936	2	14	13	0	0	1005.00	
1936	2	14	18	0	0	1002.90	
1936	2	15	7	0	0	999.80	
1936	2	15	13	0	0	999.80	
1936	2	15	18	0	0	999.70	
1936	2	16	7	0	0	997.70	
1936	2	16	13	0	0	997.00	
1936	2	16	18	0	0	995.70	
1936	2	17	7	0	0	990.20	
1936	2	17	13	0	0	988.80	
1936	2	17	18	0	0	987.50	
1936	2	18	7	0	0	976.80	
1936	2	18	13	0	0	972.30	
1936	2	18	18	0	0	970.60	
1936	2	19	7	0	0	981.80	
1936	2	19	13	0	0	984.20	
1936	2	19	18	0	0	985.90	
1936	2	20	7	0	0	998.70	
1936	2	20	13	0	0	1002.00	
1936	2	20	18	0	0	1004.00	
1936	2	21	7	0	0	1002.10	
1936	2	21	13	0	0	1001.00	
1936	2	21	18	0	0	998.90	
1936	2	22	7	0	0	1000.50	
1936	2	22	13	0	0	999.70	
1936	2	22	18	0	0	998.20	
1936	2	23	7	0	0	996.30	
1936	2	23	13	0	0	996.20	
1936	2	23	18	0	0	996.90	
1936	2	24	7	0	0	1002.60	
1936	2	24	13	0	0	1008.00	
1936	2	24	18	0	0	1014.20	
1936	2	25	7	0	0	1023.20	
1936	2	25	13	0	0	1024.10	
1936	2	25	18	0	0	1022.20	
1936	2	26	7	0	0	1012.70	
1936	2	26	13	0	0	1008.10	
1936	2	26	18	0	0	1002.30	
1936	2	27	7	0	0	990.70	
1936	2	27	13	0	0	989.60	
1936	2	27	18	0	0	988.70	
1936	2	28	7	0	0	992.40	
1936	2	28	13	0	0	993.50	
1936	2	28	18	0	0	994.70	
1936	2	29	7	0	0	998.10	
1936	2	29	13	0	0	998.00	
1936	2	29	18	0	0	996.20	
1936	3	1	7	0	0	995.80	
1936	3	1	13	0	0	998.80	
1936	3	1	18	0	0	1001.80	
1936	3	2	7	0	0	1007.90	
1936	3	2	13	0	0	1008.90	
1936	3	2	18	0	0	1009.50	
1936	3	3	7	0	0	1006.50	
1936	3	3	13	0	0	1007.20	
1936	3	3	18	0	0	1009.20	
1936	3	4	7	0	0	1010.00	
1936	3	4	13	0	0	1004.90	
1936	3	4	18	0	0	1004.80	
1936	3	5	7	0	0	1005.70	
1936	3	5	13	0	0	1006.90	
1936	3	5	18	0	0	1006.30	
1936	3	6	7	0	0	1007.90	
1936	3	6	13	0	0	1009.30	
1936	3	6	18	0	0	1008.80	
1936	3	7	7	0	0	1002.20	
1936	3	7	13	0	0	997.50	
1936	3	7	18	0	0	996.50	
1936	3	8	7	0	0	1006.60	
1936	3	8	13	0	0	1010.00	
1936	3	8	18	0	0	1010.70	
1936	3	9	7	0	0	1010.50	
1936	3	9	13	0	0	1009.60	
1936	3	9	18	0	0	1011.70	
1936	3	10	7	0	0	1014.30	
1936	3	10	13	0	0	1015.80	
1936	3	10	18	0	0	1015.40	
1936	3	11	7	0	0	1014.10	
1936	3	11	13	0	0	1012.60	
1936	3	11	18	0	0	1011.90	
1936	3	12	7	0	0	1013.20	
1936	3	13	13	0	0	1017.80	
1936	3	13	18	0	0	1017.90	
1936	3	14	7	0	0	1020.70	
1936	3	14	13	0	0	1022.50	
1936	3	14	18	0	0	1023.00	
1936	3	15	7	0	0	1024.60	
1936	3	15	13	0	0	1025.10	
1936	3	15	18	0	0	1025.40	
1936	3	16	7	0	0	1024.00	
1936	3	16	13	0	0	1023.40	
1936	3	16	18	0	0	1022.50	
1936	3	17	7	0	0	1021.90	
1936	3	17	13	0	0	1022.40	
1936	3	17	18	0	0	1021.80	
1936	3	18	7	0	0	1021.60	
1936	3	18	13	0	0	1019.90	
1936	3	18	18	0	0	1017.10	
1936	3	19	7	0	0	1010.40	
1936	3	19	13	0	0	1007.70	
1936	3	19	18	0	0	1005.10	
1936	3	20	7	0	0	1001.70	
1936	3	20	13	0	0	1002.50	
1936	3	20	18	0	0	1004.10	
1936	3	21	7	0	0	1005.80	
1936	3	21	13	0	0	1003.70	
1936	3	21	18	0	0	1001.20	
1936	3	22	7	0	0	996.00	
1936	3	22	13	0	0	993.80	
1936	3	22	18	0	0	993.30	
1936	3	23	7	0	0	994.60	
1936	3	23	13	0	0	995.90	
1936	3	23	18	0	0	996.50	
1936	3	24	7	0	0	1001.00	
1936	3	24	13	0	0	1004.30	
1936	3	24	18	0	0	1005.30	
1936	3	25	7	0	0	1007.00	
1936	3	25	13	0	0	1008.20	
1936	3	25	18	0	0	1006.80	
1936	3	26	7	0	0	1006.40	
1936	3	26	13	0	0	1004.80	
1936	3	26	18	0	0	1003.00	
1936	3	27	7	0	0	1002.10	
1936	3	27	13	0	0	1002.20	
1936	3	27	18	0	0	1002.10	
1936	3	28	7	0	0	1004.10	
1936	3	28	13	0	0	1005.50	
1936	3	28	18	0	0	1005.10	
1936	3	29	7	0	0	996.90	
1936	3	29	13	0	0	992.70	
1936	3	29	18	0	0	989.50	
1936	3	30	7	0	0	996.90	
1936	3	30	18	0	0	1003.00	
1936	3	31	7	0	0	1001.80	
1936	3	31	13	0	0	1003.20	
1936	3	31	18	0	0	1005.20	
1936	4	1	7	0	0	1007.90	
1936	4	1	13	0	0	1007.70	
1936	4	1	18	0	0	1008.60	
1936	4	2	7	0	0	1014.30	
1936	4	2	13	0	0	1017.70	
1936	4	2	18	0	0	1018.20	
1936	4	3	7	0	0	1019.60	
1936	4	3	13	0	0	1019.00	
1936	4	3	18	0	0	1019.40	
1936	4	4	7	0	0	1022.00	
1936	4	4	13	0	0	1022.80	
1936	4	4	18	0	0	1022.10	
1936	4	5	7	0	0	1027.00	
1936	4	5	13	0	0	1028.00	
1936	4	5	18	0	0	1027.60	
1936	4	6	7	0	0	1027.50	
1936	4	6	13	0	0	1024.60	
1936	4	6	18	0	0	1022.30	
1936	4	7	7	0	0	1019.50	
1936	4	7	13	0	0	1018.50	
1936	4	7	18	0	0	1018.60	
1936	4	8	7	0	0	1020.80	
1936	4	8	13	0	0	1021.70	
1936	4	8	18	0	0	1022.50	
1936	4	9	7	0	0	1025.40	
1936	4	9	13	0	0	1026.10	
1936	4	9	18	0	0	1025.70	
1936	4	10	7	0	0	1026.00	
1936	4	10	13	0	0	1023.80	
1936	4	10	18	0	0	1022.30	
1936	4	11	7	0	0	1022.10	
1936	4	11	13	0	0	1020.70	
1936	4	11	18	0	0	1019.10	
1936	4	12	7	0	0	1015.40	
1936	4	12	13	0	0	1015.40	
1936	4	12	18	0	0	1015.00	
1936	4	13	7	0	0	1013.90	
1936	4	13	13	0	0	1010.50	
1936	4	13	18	0	0	1008.60	
1936	4	14	7	0	0	1008.80	
1936	4	14	13	0	0	1008.90	
1936	4	14	18	0	0	1009.00	
1936	4	15	7	0	0	1008.90	
1936	4	15	13	0	0	1006.50	
1936	4	15	18	0	0	1004.60	
1936	4	16	7	0	0	1004.40	
1936	4	16	13	0	0	1006.30	
1936	4	16	18	0	0	1006.70	
1936	4	17	7	0	0	1010.60	
1936	4	17	13	0	0	1012.80	
1936	4	17	18	0	0	1015.60	
1936	4	18	7	0	0	1017.10	
1936	4	18	13	0	0	1015.30	
1936	4	18	18	0	0	1016.40	
1936	4	19	7	0	0	1017.30	
1936	4	19	13	0	0	1015.70	
1936	4	19	18	0	0	1013.70	
1936	4	20	7	0	0	1010.00	
1936	4	20	13	0	0	1009.50	
1936	4	20	18	0	0	1010.10	
1936	4	21	7	0	0	1002.30	
1936	4	21	13	0	0	998.00	
1936	4	21	18	0	0	996.70	
1936	4	22	7	0	0	1011.30	
1936	4	22	13	0	0	1014.20	
1936	4	22	18	0	0	1016.00	
1936	4	23	7	0	0	1012.30	
1936	4	23	13	0	0	1007.10	
1936	4	23	18	0	0	1001.80	
1936	4	24	7	0	0	1009.20	
1936	4	24	13	0	0	1008.70	
1936	4	24	18	0	0	1007.10	
1936	4	25	7	0	0	1008.80	
1936	4	25	13	0	0	1008.70	
1936	4	25	18	0	0	1007.50	
1936	4	26	7	0	0	1010.00	
1936	4	26	13	0	0	1011.50	
1936	4	26	18	0	0	1016.00	
1936	4	27	7	0	0	1024.40	
1936	4	27	13	0	0	1026.40	
1936	4	27	18	0	0	1026.40	
1936	4	28	7	0	0	1022.20	
1936	4	28	13	0	0	1022.20	
1936	4	28	18	0	0	1023.90	
1936	4	30	7	0	0	1031.30	
1936	4	30	13	0	0	1030.50	
1936	4	30	18	0	0	1029.90	
1936	5	1	7	0	0	1028.40	
1936	5	1	13	0	0	1027.20	
1936	5	1	18	0	0	1026.40	
1936	5	2	7	0	0	1026.90	
1936	5	2	13	0	0	1026.00	
1936	5	2	18	0	0	1025.80	
1936	5	3	7	0	0	1027.50	
1936	5	3	13	0	0	1026.80	
1936	5	3	18	0	0	1025.10	
1936	5	4	7	0	0	1020.60	
1936	5	4	13	0	0	1017.20	
1936	5	4	18	0	0	1013.60	
1936	5	5	7	0	0	1010.60	
1936	5	5	13	0	0	1007.80	
1936	5	5	18	0	0	1005.70	
1936	5	6	7	0	0	1007.40	
1936	5	6	13	0	0	1009.30	
1936	5	6	18	0	0	1011.20	
1936	5	7	7	0	0	1016.80	
1936	5	8	13	0	0	1019.70	
1936	5	8	18	0	0	1018.40	
1936	5	9	7	0	0	1019.30	
1936	5	9	13	0	0	1018.30	
1936	5	9	18	0	0	1017.50	
1936	5	10	7	0	0	1018.70	
1936	5	10	13	0	0	1019.70	
1936	5	10	18	0	0	1017.60	
1936	5	11	7	0	0	1019.30	
1936	5	11	13	0	0	1017.50	
1936	5	11	18	0	0	1015.10	
1936	5	12	7	0	0	1017.00	
1936	5	12	13	0	0	1018.70	
1936	5	12	18	0	0	1019.30	
1936	5	13	7	0	0	1018.40	
1936	5	13	13	0	0	1015.50	
1936	5	13	18	0	0	1014.00	
1936	5	14	7	0	0	1017.80	
1936	5	14	13	0	0	1015.30	
1936	5	14	18	0	0	1010.50	
1936	5	15	7	0	0	1007.40	
1936	5	15	13	0	0	1009.30	
1936	5	15	18	0	0	1010.20	
1936	5	16	7	0	0	1010.80	
1936	5	16	13	0	0	1011.20	
1936	5	16	18	0	0	1011.20	
1936	5	17	7	0	0	1012.70	
1936	5	17	13	0	0	1013.40	
1936	5	17	18	0	0	1014.80	
1936	5	18	7	0	0	1021.80	
1936	5	18	13	0	0	1023.10	
1936	5	18	18	0	0	1024.00	
1936	5	19	13	0	0	1026.10	
1936	5	19	18	0	0	1024.40	
1936	5	20	7	0	0	1024.70	
1936	5	20	13	0	0	1024.90	
1936	5	20	18	0	0	1024.50	
1936	5	21	7	0	0	1025.50	
1936	5	21	13	0	0	1023.80	
1936	5	21	18	0	0	1023.50	
1936	5	22	7	0	0	1017.60	
1936	5	22	13	0	0	1011.30	
1936	5	22	18	0	0	1009.10	
1936	5	23	7	0	0	1014.50	
1936	5	23	13	0	0	1016.70	
1936	5	23	18	0	0	1016.70	
1936	5	24	7	0	0	1018.20	
1936	5	24	13	0	0	1018.60	
1936	5	24	18	0	0	1017.70	
1936	5	25	7	0	0	1015.70	
1936	5	25	13	0	0	1017.10	
1936	5	25	18	0	0	1017.60	
1936	5	26	7	0	0	1022.20	
1936	5	26	13	0	0	1022.60	
1936	5	26	18	0	0	1022.70	
1936	5	27	7	0	0	1023.10	
1936	5	27	13	0	0	1024.80	
1936	5	27	18	0	0	1025.20	
1936	5	28	7	0	0	1026.60	
1936	5	29	13	0	0	1011.90	
1936	5	29	18	0	0	1010.20	
1936	5	30	7	0	0	1008.10	
1936	5	30	13	0	0	1010.80	
1936	5	30	18	0	0	1012.00	
1936	5	31	7	0	0	1014.80	
1936	5	31	13	0	0	1015.20	
1936	5	31	18	0	0	1015.60	
1936	6	1	7	0	0	1011.50	
1936	6	1	13	0	0	1010.00	
1936	6	1	18	0	0	1010.20	
1936	6	2	7	0	0	1014.90	
1936	6	2	13	0	0	1015.70	
1936	6	2	18	0	0	1015.40	
1936	6	3	7	0	0	1016.20	
1936	6	3	13	0	0	1016.50	
1936	6	3	18	0	0	1016.30	
1936	6	4	7	0	0	1019.30	
1936	6	4	13	0	0	1020.00	
1936	6	4	18	0	0	1021.10	
1936	6	5	7	0	0	1022.80	
1936	6	5	13	0	0	1020.70	
1936	6	5	18	0	0	1018.80	
1936	6	6	7	0	0	1013.30	
1936	6	6	13	0	0	1013.00	
1936	6	6	18	0	0	1012.30	
1936	6	7	7	0	0	1012.60	
1936	6	7	13	0	0	1014.70	
1936	6	7	18	0	0	1015.20	
1936	6	8	7	0	0	1017.80	
1936	6	8	13	0	0	1018.70	
1936	6	8	18	0	0	1019.70	
1936	6	9	7	0	0	1019.30	
1936	6	9	13	0	0	1016.30	
1936	6	9	18	0	0	1015.10	
1936	6	10	7	0	0	1019.70	
1936	6	10	13	0	0	1019.80	
1936	6	10	18	0	0	1018.00	
1936	6	11	7	0	0	1013.20	
1936	6	11	13	0	0	1011.60	
1936	6	11	18	0	0	1012.00	
1936	6	12	7	0	0	1015.10	
1936	6	12	13	0	0	1016.10	
1936	6	12	18	0	0	1016.90	
1936	6	13	7	0	0	1018.10	
1936	6	13	13	0	0	1017.10	
1936	6	13	18	0	0	1015.70	
1936	6	14	7	0	0	1009.80	
1936	6	14	13	0	0	1007.70	
1936	6	14	18	0	0	1007.40	
1936	6	15	7	0	0	1004.20	
1936	6	15	13	0	0	1008.40	
1936	6	15	18	0	0	1010.20	
1936	6	16	7	0	0	1004.70	
1936	6	16	13	0	0	1004.80	
1936	6	16	18	0	0	1007.50	
1936	6	17	7	0	0	1011.40	
1936	6	17	13	0	0	1013.50	
1936	6	17	18	0	0	1015.60	
1936	6	18	7	0	0	1021.80	
1936	6	18	13	0	0	1023.30	
1936	6	18	18	0	0	1023.60	
1936	6	19	7	0	0	1022.30	
1936	6	19	13	0	0	1018.90	
1936	6	19	18	0	0	1015.50	
1936	6	20	7	0	0	1011.80	
1936	6	20	13	0	0	1011.60	
1936	6	20	18	0	0	1010.40	
1936	6	21	7	0	0	1010.60	
1936	6	21	13	0	0	1010.60	
1936	6	21	18	0	0	1010.70	
1936	6	22	7	0	0	1011.40	
1936	6	22	13	0	0	1013.50	
1936	6	22	18	0	0	1013.50	
1936	6	23	7	0	0	1016.10	
1936	6	23	13	0	0	1017.70	
1936	6	23	18	0	0	1018.20	
1936	6	24	7	0	0	1020.30	
1936	6	24	13	0	0	1021.10	
1936	6	24	18	0	0	1021.20	
1936	6	25	7	0	0	1022.80	
1936	6	25	13	0	0	1023.00	
1936	6	25	18	0	0	1021.90	
1936	6	26	7	0	0	1022.40	
1936	6	26	13	0	0	1021.50	
1936	6	26	18	0	0	1021.20	
1936	6	27	7	0	0	1021.90	
1936	6	27	13	0	0	1020.70	
1936	6	27	18	0	0	1019.00	
1936	6	28	7	0	0	1017.50	
1936	6	28	13	0	0	1015.20	
1936	6	28	18	0	0	1013.40	
1936	6	29	7	0	0	1010.20	
1936	6	29	13	0	0	1008.90	
1936	6	29	18	0	0	1007.00	
1936	6	30	7	0	0	1003.10	
1936	6	30	13	0	0	1001.10	
1936	6	30	18	0	0	1000.70	
1936	7	1	7	0	0	1001.10	
1936	7	1	13	0	0	1000.50	
1936	7	1	18	0	0	1000.30	
1936	7	2	7	0	0	1002.20	
1936	7	2	13	0	0	1002.80	
1936	7	2	18	0	0	1003.10	
1936	7	3	7	0	0	1003.00	
1936	7	3	13	0	0	1004.30	
1936	7	3	18	0	0	1005.70	
1936	7	4	7	0	0	1008.40	
1936	7	4	13	0	0	1006.90	
1936	7	4	18	0	0	1006.50	
1936	7	5	7	0	0	1010.20	
1936	7	5	13	0	0	1011.10	
1936	7	5	18	0	0	1012.10	
1936	7	6	7	0	0	1012.90	
1936	7	6	13	0	0	1011.80	
1936	7	6	18	0	0	1010.00	
1936	7	7	7	0	0	1007.90	
1936	7	7	13	0	0	1006.80	
1936	7	7	18	0	0	1006.70	
1936	7	8	7	0	0	1006.80	
1936	7	8	13	0	0	1007.60	
1936	7	8	18	0	0	1007.70	
1936	7	9	7	0	0	1007.90	
1936	7	9	13	0	0	1008.50	
1936	7	9	18	0	0	1008.60	
1936	7	10	7	0	0	1009.80	
1936	7	10	13	0	0	1010.10	
1936	7	10	18	0	0	1010.70	
1936	7	11	7	0	0	1009.70	
1936	7	11	13	0	0	1009.20	
1936	7	11	18	0	0	1009.10	
1936	7	12	7	0	0	1006.60	
1936	7	12	13	0	0	1002.30	
1936	7	12	18	0	0	1000.10	
1936	7	13	7	0	0	996.90	
1936	7	13	13	0	0	1000.70	
1936	7	13	18	0	0	1002.50	
1936	7	14	7	0	0	1004.00	
1936	7	14	13	0	0	1001.60	
1936	7	14	18	0	0	999.60	
1936	7	15	7	0	0	996.30	
1936	7	15	13	0	0	998.00	
1936	7	15	18	0	0	999.60	
1936	7	16	7	0	0	1007.60	
1936	7	17	13	0	0	1006.20	
1936	7	17	18	0	0	1002.00	
1936	7	18	7	0	0	994.80	
1936	7	18	13	0	0	993.40	
1936	7	18	18	0	0	993.60	
1936	7	19	7	0	0	998.30	
1936	7	19	13	0	0	1000.30	
1936	7	19	18	0	0	1000.70	
1936	7	20	7	0	0	1004.80	
1936	7	20	13	0	0	1007.30	
1936	7	20	18	0	0	1008.90	
1936	7	21	7	0	0	1010.70	
1936	7	21	13	0	0	1011.60	
1936	7	21	18	0	0	1011.50	
1936	7	22	7	0	0	1012.10	
1936	7	22	13	0	0	1011.40	
1936	7	22	18	0	0	1009.70	
1936	7	23	7	0	0	995.50	
1936	7	23	13	0	0	989.20	
1936	7	23	18	0	0	987.10	
1936	7	24	7	0	0	986.20	
1936	7	24	13	0	0	990.70	
1936	7	24	18	0	0	994.40	
1936	7	25	7	0	0	999.60	
1936	7	25	13	0	0	1001.10	
1936	7	25	18	0	0	1004.00	
1936	7	26	7	0	0	1009.50	
1936	7	26	13	0	0	1010.70	
1936	7	26	18	0	0	1011.10	
1936	7	27	7	0	0	1011.80	
1936	7	27	13	0	0	1011.60	
1936	7	27	18	0	0	1012.00	
1936	7	28	7	0	0	1014.10	
1936	7	28	13	0	0	1014.40	
1936	7	28	18	0	0	1015.50	
1936	7	29	7	0	0	1019.10	
1936	7	29	13	0	0	1021.60	
1936	7	29	18	0	0	1023.50	
1936	7	30	7	0	0	1024.70	
1936	7	30	13	0	0	1022.20	
1936	7	30	18	0	0	1019.40	
1936	7	31	7	0	0	1010.70	
1936	7	31	13	0	0	1010.50	
1936	7	31	18	0	0	1010.60	
1936	8	1	7	0	0	1009.20	
1936	8	1	13	0	0	1008.70	
1936	8	1	18	0	0	1007.70	
1936	8	2	7	0	0	995.10	
1936	8	2	13	0	0	997.10	
1936	8	2	18	0	0	1000.90	
1936	8	3	7	0	0	1006.30	
1936	8	3	13	0	0	1008.40	
1936	8	3	18	0	0	1010.60	
1936	8	4	7	0	0	1016.30	
1936	8	4	13	0	0	1016.00	
1936	8	4	18	0	0	1017.20	
1936	8	5	7	0	0	1018.70	
1936	8	5	13	0	0	1018.60	
1936	8	5	18	0	0	1017.40	
1936	8	6	7	0	0	1018.60	
1936	8	6	13	0	0	1016.70	
1936	8	6	18	0	0	1020.10	
1936	8	7	7	0	0	1025.70	
1936	8	7	13	0	0	1026.00	
1936	8	7	18	0	0	1025.00	
1936	8	8	7	0	0	1021.20	
1936	8	8	13	0	0	1019.70	
1936	8	8	18	0	0	1018.10	
1936	8	9	7	0	0	1017.80	
1936	8	9	13	0	0	1017.60	
1936	8	9	18	0	0	1016.40	
1936	8	10	7	0	0	1014.40	
1936	8	10	13	0	0	1013.80	
1936	8	10	18	0	0	1013.40	
1936	8	11	7	0	0	1014.40	
1936	8	11	13	0	0	1013.30	
1936	8	11	18	0	0	1011.00	
1936	8	12	7	0	0	1011.50	
1936	8	12	13	0	0	1013.60	
1936	8	12	18	0	0	1014.00	
1936	8	13	7	0	0	1013.30	
1936	8	13	13	0	0	1011.80	
1936	8	13	18	0	0	1009.30	
1936	8	14	7	0	0	1006.90	
1936	8	14	13	0	0	1007.80	
1936	8	14	18	0	0	1008.80	
1936	8	15	7	0	0	1011.00	
1936	8	15	18	0	0	1012.50	
1936	8	16	7	0	0	1016.60	
1936	8	16	13	0	0	1015.70	
1936	8	16	18	0	0	1015.10	
1936	8	17	7	0	0	1011.70	
1936	8	17	13	0	0	1010.90	
1936	8	17	18	0	0	1013.50	
1936	8	18	7	0	0	1017.20	
1936	8	18	13	0	0	1016.20	
1936	8	18	18	0	0	1015.50	
1936	8	19	7	0	0	1007.90	
1936	8	19	13	0	0	1005.60	
1936	8	19	18	0	0	1007.50	
1936	8	20	7	0	0	1011.80	
1936	8	20	13	0	0	1012.40	
1936	8	20	18	0	0	1013.00	
1936	8	21	7	0	0	1016.50	
1936	8	21	13	0	0	1018.00	
1936	8	21	18	0	0	1019.80	
1936	8	22	7	0	0	1025.90	
1936	8	22	13	0	0	1027.10	
1936	8	22	18	0	0	1026.70	
1936	8	23	7	0	0	1024.90	
1936	8	23	13	0	0	1024.40	
1936	8	23	18	0	0	1024.00	
1936	8	24	7	0	0	1025.60	
1936	8	24	13	0	0	1027.40	
1936	8	24	18	0	0	1027.60	
1936	8	25	7	0	0	1028.70	
1936	8	25	13	0	0	1029.40	
1936	8	25	18	0	0	1029.60	
1936	8	26	7	0	0	1029.60	
1936	8	26	13	0	0	1028.60	
1936	8	26	18	0	0	1027.60	
1936	8	27	7	0	0	1027.30	
1936	8	27	13	0	0	1026.60	
1936	8	27	18	0	0	1026.20	
1936	8	28	7	0	0	1026.40	
1936	8	28	13	0	0	1026.10	
1936	8	28	18	0	0	1025.30	
1936	8	29	7	0	0	1026.90	
1936	8	29	13	0	0	1025.90	
1936	8	29	18	0	0	1024.40	
1936	8	30	7	0	0	1023.80	
1936	8	30	13	0	0	1023.80	
1936	8	30	18	0	0	1023.60	
1936	8	31	7	0	0	1021.30	
1936	8	31	13	0	0	1022.40	
1936	8	31	18	0	0	1022.30	
1936	9	1	7	0	0	1020.60	
1936	9	1	13	0	0	1018.80	
1936	9	1	18	0	0	1014.90	
1936	9	2	7	0	0	1008.30	
1936	9	2	13	0	0	1008.40	
1936	9	2	18	0	0	1007.00	
1936	9	3	7	0	0	1000.30	
1936	9	3	13	0	0	998.80	
1936	9	3	18	0	0	998.30	
1936	9	4	7	0	0	998.00	
1936	9	4	13	0	0	996.70	
1936	9	4	18	0	0	995.60	
1936	9	5	7	0	0	995.20	
1936	9	5	13	0	0	997.40	
1936	9	5	18	0	0	999.70	
1936	9	6	7	0	0	1004.60	
1936	9	6	13	0	0	1002.90	
1936	9	6	18	0	0	995.60	
1936	9	7	7	0	0	989.30	
1936	9	7	13	0	0	989.20	
1936	9	7	18	0	0	990.50	
1936	9	8	7	0	0	999.40	
1936	9	8	13	0	0	1005.80	
1936	9	8	18	0	0	1008.80	
1936	9	9	7	0	0	1010.20	
1936	9	9	13	0	0	1010.00	
1936	9	9	18	0	0	1009.70	
1936	9	10	7	0	0	1013.00	
1936	9	10	13	0	0	1013.10	
1936	9	10	18	0	0	1013.30	
1936	9	11	7	0	0	1012.90	
1936	9	11	13	0	0	1011.20	
1936	9	11	18	0	0	1009.70	
1936	9	12	7	0	0	1007.90	
1936	9	12	13	0	0	1010.30	
1936	9	12	18	0	0	1011.30	
1936	9	13	7	0	0	1016.30	
1936	9	13	13	0	0	1016.20	
1936	9	13	18	0	0	1016.50	
1936	9	14	7	0	0	1017.50	
1936	9	14	13	0	0	1019.50	
1936	9	14	18	0	0	1021.50	
1936	9	15	7	0	0	1026.40	
1936	9	15	13	0	0	1028.00	
1936	9	15	18	0	0	1028.40	
1936	9	16	7	0	0	1030.10	
1936	9	16	13	0	0	1030.20	
1936	9	16	18	0	0	1029.90	
1936	9	17	7	0	0	1030.60	
1936	9	17	13	0	0	1028.20	
1936	9	17	18	0	0	1027.50	
1936	9	18	7	0	0	1024.40	
1936	9	18	13	0	0	1022.90	
1936	9	18	18	0	0	1022.20	
1936	9	19	7	0	0	1024.90	
1936	9	19	13	0	0	1026.00	
1936	9	19	18	0	0	1025.80	
1936	9	20	7	0	0	1026.00	
1936	9	20	13	0	0	1025.00	
1936	9	20	18	0	0	1022.80	
1936	9	21	7	0	0	1021.70	
1936	9	21	13	0	0	1023.00	
1936	9	21	18	0	0	1024.10	
1936	9	22	7	0	0	1028.00	
1936	9	22	13	0	0	1028.80	
1936	9	22	18	0	0	1028.50	
1936	9	23	7	0	0	1026.90	
1936	9	23	13	0	0	1024.20	
1936	9	23	18	0	0	1021.10	
1936	9	24	7	0	0	1013.20	
1936	9	24	13	0	0	1010.00	
1936	9	24	18	0	0	1006.90	
1936	9	25	7	0	0	1008.10	
1936	9	25	13	0	0	1013.40	
1936	9	25	18	0	0	1016.90	
1936	9	26	7	0	0	1023.60	
1936	9	26	13	0	0	1024.60	
1936	9	26	18	0	0	1023.00	
1936	9	27	7	0	0	1014.00	
1936	9	27	13	0	0	1014.70	
1936	9	27	18	0	0	1016.70	
1936	9	28	7	0	0	1024.40	
1936	9	28	13	0	0	1026.50	
1936	9	28	18	0	0	1027.30	
1936	9	29	7	0	0	1029.20	
1936	9	29	13	0	0	1028.90	
1936	9	29	18	0	0	1028.30	
1936	9	30	7	0	0	1027.60	
1936	9	30	13	0	0	1027.40	
1936	9	30	18	0	0	1026.80	
1936	10	1	7	0	0	1025.40	
1936	10	1	13	0	0	1028.10	
1936	10	1	18	0	0	1023.90	
1936	10	2	7	0	0	1023.70	
1936	10	2	13	0	0	1023.40	
1936	10	2	18	0	0	1023.10	
1936	10	3	7	0	0	1022.50	
1936	10	3	13	0	0	1021.40	
1936	10	3	18	0	0	1020.20	
1936	10	4	7	0	0	1017.90	
1936	10	4	13	0	0	1016.30	
1936	10	4	18	0	0	1015.90	
1936	10	5	7	0	0	1017.90	
1936	10	5	13	0	0	1018.80	
1936	10	5	18	0	0	1020.00	
1936	10	6	7	0	0	1025.00	
1936	10	6	13	0	0	1026.60	
1936	10	6	18	0	0	1027.20	
1936	10	7	7	0	0	1028.20	
1936	10	7	13	0	0	1026.90	
1936	10	7	18	0	0	1026.10	
1936	10	8	7	0	0	1024.50	
1936	10	8	13	0	0	1023.20	
1936	10	8	18	0	0	1023.20	
1936	10	9	7	0	0	1026.60	
1936	10	9	13	0	0	1026.60	
1936	10	9	18	0	0	1027.10	
1936	10	10	7	0	0	1028.20	
1936	10	10	13	0	0	1027.80	
1936	10	10	18	0	0	1028.00	
1936	10	11	7	0	0	1028.20	
1936	10	11	13	0	0	1028.40	
1936	10	11	18	0	0	1029.00	
1936	10	12	7	0	0	1028.10	
1936	10	12	13	0	0	1025.70	
1936	10	12	18	0	0	1023.10	
1936	10	13	7	0	0	1021.20	
1936	10	13	13	0	0	1020.70	
1936	10	13	18	0	0	1018.90	
1936	10	14	7	0	0	1009.50	
1936	10	14	13	0	0	1012.10	
1936	10	14	18	0	0	1013.40	
1936	10	15	7	0	0	1014.20	
1936	10	15	13	0	0	1014.90	
1936	10	15	18	0	0	1015.90	
1936	10	16	7	0	0	1017.80	
1936	10	16	13	0	0	1017.90	
1936	10	16	18	0	0	1016.50	
1936	10	17	7	0	0	1005.10	
1936	10	17	13	0	0	1005.50	
1936	10	17	18	0	0	1004.00	
1936	10	18	7	0	0	1014.60	
1936	10	18	13	0	0	1018.20	
1936	10	18	18	0	0	1017.10	
1936	10	19	7	0	0	1004.80	
1936	10	19	13	0	0	1013.70	
1936	10	19	18	0	0	1019.20	
1936	10	20	7	0	0	1023.70	
1936	10	20	13	0	0	1023.90	
1936	10	20	18	0	0	1023.70	
1936	10	21	7	0	0	1022.00	
1936	10	21	13	0	0	1021.90	
1936	10	21	18	0	0	1021.70	
1936	10	22	7	0	0	1021.80	
1936	10	22	13	0	0	1020.10	
1936	10	22	18	0	0	1017.80	
1936	10	23	7	0	0	1011.20	
1936	10	23	13	0	0	1012.20	
1936	10	23	18	0	0	1013.40	
1936	10	24	7	0	0	1010.90	
1936	10	24	13	0	0	1001.60	
1936	10	24	18	0	0	996.00	
1936	10	25	7	0	0	993.90	
1936	10	25	13	0	0	996.80	
1936	10	25	18	0	0	999.80	
1936	10	26	7	0	0	994.80	
1936	10	26	13	0	0	984.80	
1936	10	26	18	0	0	985.50	
1936	10	27	7	0	0	998.60	
1936	10	27	13	0	0	1000.50	
1936	10	27	18	0	0	1003.50	
1936	10	28	7	0	0	1016.30	
1936	10	28	13	0	0	1020.90	
1936	10	28	18	0	0	1022.40	
1936	10	29	7	0	0	1017.90	
1936	10	29	13	0	0	1017.70	
1936	10	29	18	0	0	1017.80	
1936	10	30	7	0	0	1020.00	
1936	10	30	13	0	0	1019.50	
1936	10	30	18	0	0	1019.80	
1936	10	31	7	0	0	1024.60	
1936	10	31	13	0	0	1026.20	
1936	10	31	18	0	0	1026.50	
1936	11	1	7	0	0	1022.50	
1936	11	1	13	0	0	1014.20	
1936	11	1	18	0	0	1013.80	
1936	11	2	7	0	0	1019.30	
1936	11	2	13	0	0	1018.50	
1936	11	2	18	0	0	1015.60	
1936	11	3	7	0	0	1014.00	
1936	11	3	13	0	0	1012.70	
1936	11	3	18	0	0	1012.50	
1936	11	4	7	0	0	1009.00	
1936	11	4	13	0	0	1007.80	
1936	11	4	18	0	0	1004.70	
1936	11	5	7	0	0	996.90	
1936	11	5	13	0	0	994.20	
1936	11	5	18	0	0	994.50	
1936	11	6	7	0	0	983.40	
1936	11	6	13	0	0	976.70	
1936	11	6	18	0	0	975.30	
1936	11	7	7	0	0	969.60	
1936	11	7	13	0	0	966.20	
1936	11	7	18	0	0	966.90	
1936	11	8	7	0	0	969.20	
1936	11	8	13	0	0	971.50	
1936	11	8	18	0	0	973.20	
1936	11	9	7	0	0	975.30	
1936	11	9	13	0	0	982.10	
1936	11	9	18	0	0	985.40	
1936	11	10	7	0	0	992.60	
1936	11	10	13	0	0	995.70	
1936	11	10	18	0	0	997.40	
1936	11	11	7	0	0	996.70	
1936	11	11	13	0	0	990.50	
1936	11	11	18	0	0	982.70	
1936	11	12	7	0	0	987.90	
1936	11	12	13	0	0	997.30	
1936	11	12	18	0	0	1004.80	
1936	11	13	7	0	0	1014.70	
1936	11	13	13	0	0	1016.00	
1936	11	13	18	0	0	1014.80	
1936	11	14	7	0	0	1010.00	
1936	11	14	13	0	0	1013.60	
1936	11	14	18	0	0	1017.40	
1936	11	15	7	0	0	1011.00	
1936	11	15	13	0	0	1009.70	
1936	11	15	18	0	0	1009.20	
1936	11	16	7	0	0	1010.90	
1936	11	16	13	0	0	1010.30	
1936	11	16	18	0	0	1006.30	
1936	11	17	7	0	0	1004.60	
1936	11	17	13	0	0	1009.80	
1936	11	17	18	0	0	1015.90	
1936	11	18	7	0	0	1024.80	
1936	11	18	13	0	0	1025.10	
1936	11	18	18	0	0	1026.20	
1936	11	19	7	0	0	1025.60	
1936	11	19	13	0	0	1027.50	
1936	11	19	18	0	0	1029.30	
1936	11	20	7	0	0	1035.10	
1936	11	20	13	0	0	1036.10	
1936	11	20	18	0	0	1036.00	
1936	11	21	7	0	0	1034.40	
1936	11	21	13	0	0	1033.20	
1936	11	21	18	0	0	1031.90	
1936	11	22	7	0	0	1029.30	
1936	11	22	13	0	0	1028.10	
1936	11	22	18	0	0	1025.50	
1936	11	23	7	0	0	1022.10	
1936	11	23	13	0	0	1019.30	
1936	11	23	18	0	0	1016.20	
1936	11	24	7	0	0	1013.40	
1936	11	24	13	0	0	1015.60	
1936	11	24	18	0	0	1018.70	
1936	11	25	7	0	0	1023.20	
1936	11	25	13	0	0	1023.50	
1936	11	25	18	0	0	1023.00	
1936	11	26	7	0	0	1020.30	
1936	11	26	13	0	0	1018.80	
1936	11	26	18	0	0	1018.70	
1936	11	27	7	0	0	1021.00	
1936	11	27	13	0	0	1021.10	
1936	11	27	18	0	0	1021.10	
1936	11	28	7	0	0	1026.40	
1936	11	28	13	0	0	1028.20	
1936	11	28	18	0	0	1026.50	
1936	11	29	7	0	0	1016.00	
1936	11	29	13	0	0	1015.10	
1936	11	29	18	0	0	1015.90	
1936	11	30	7	0	0	1013.30	
1936	11	30	13	0	0	1012.80	
1936	11	30	18	0	0	1014.00	
1936	12	1	7	0	0	1019.60	
1936	12	1	13	0	0	1018.60	
1936	12	1	18	0	0	1016.90	
1936	12	2	7	0	0	1007.20	
1936	12	2	13	0	0	1007.80	
1936	12	2	18	0	0	1008.40	
1936	12	3	7	0	0	1007.80	
1936	12	3	13	0	0	1005.90	
1936	12	3	18	0	0	1001.20	
1936	12	4	7	0	0	1006.00	
1936	12	4	13	0	0	1012.80	
1936	12	4	18	0	0	1011.30	
1936	12	5	7	0	0	1002.70	
1936	12	5	13	0	0	1003.30	
1936	12	5	18	0	0	1003.70	
1936	12	6	7	0	0	1012.80	
1936	12	6	13	0	0	1019.40	
1936	12	6	18	0	0	1025.90	
1936	12	7	7	0	0	1030.00	
1936	12	7	13	0	0	1028.80	
1936	12	7	18	0	0	1026.60	
1936	12	8	7	0	0	1021.50	
1936	12	8	13	0	0	1024.50	
1936	12	8	18	0	0	1026.30	
1936	12	9	7	0	0	1029.80	
1936	12	9	13	0	0	1029.50	
1936	12	9	18	0	0	1028.80	
1936	12	10	7	0	0	1024.80	
1936	12	10	13	0	0	1022.40	
1936	12	10	18	0	0	1019.10	
1936	12	11	7	0	0	1008.80	
1936	12	11	13	0	0	1005.30	
1936	12	11	18	0	0	1006.70	
1936	12	12	7	0	0	1007.90	
1936	12	12	13	0	0	1008.40	
1936	12	12	18	0	0	1007.60	
1936	12	13	7	0	0	1003.30	
1936	12	13	13	0	0	993.30	
1936	12	13	18	0	0	977.30	
1936	12	14	7	0	0	969.20	
1936	12	14	13	0	0	974.40	
1936	12	14	18	0	0	979.40	
1936	12	15	7	0	0	995.30	
1936	12	15	13	0	0	996.50	
1936	12	15	18	0	0	987.80	
1936	12	16	7	0	0	980.00	
1936	12	16	13	0	0	987.00	
1936	12	16	18	0	0	992.80	
1936	12	17	7	0	0	993.20	
1936	12	17	13	0	0	984.60	
1936	12	17	18	0	0	984.70	
1936	12	18	7	0	0	991.90	
1936	12	18	13	0	0	997.90	
1936	12	18	18	0	0	1006.00	
1936	12	19	7	0	0	1016.30	
1936	12	19	13	0	0	1016.40	
1936	12	19	18	0	0	1012.10	
1936	12	20	7	0	0	1008.30	
1936	12	20	13	0	0	1007.60	
1936	12	20	18	0	0	1007.60	
1936	12	21	7	0	0	1010.40	
1936	12	21	13	0	0	1011.20	
1936	12	21	18	0	0	1010.20	
1936	12	22	7	0	0	1018.20	
1936	12	22	13	0	0	1022.60	
1936	12	22	18	0	0	1026.20	
1936	12	23	7	0	0	1036.00	
1936	12	23	13	0	0	1037.40	
1936	12	23	18	0	0	1036.50	
1936	12	24	7	0	0	1033.40	
1936	12	24	13	0	0	1033.10	
1936	12	24	18	0	0	1033.20	
1936	12	25	7	0	0	1034.50	
1936	12	25	13	0	0	1035.80	
1936	12	25	18	0	0	1035.40	
1936	12	26	7	0	0	1034.20	
1936	12	26	13	0	0	1033.60	
1936	12	26	18	0	0	1032.50	
1936	12	27	7	0	0	1027.40	
1936	12	27	13	0	0	1025.50	
1936	12	27	18	0	0	1022.90	
1936	12	28	7	0	0	1017.50	
1936	12	28	13	0	0	1015.20	
1936	12	28	18	0	0	1012.10	
1936	12	29	7	0	0	1004.10	
1936	12	29	13	0	0	1007.00	
1936	12	29	18	0	0	1012.60	
1936	12	30	7	0	0	1015.10	
1936	12	30	13	0	0	1014.00	
1936	12	30	18	0	0	1012.50	
1936	12	31	7	0	0	1008.50	
1936	12	31	13	0	0	1009.40	
1936	12	31	18	0	0	1008.00	
1937	1	1	7	0	0	1007.40	
1937	1	1	13	0	0	1006.20	
1937	1	1	18	0	0	1007.70	
1937	1	2	7	0	0	1008.60	
1937	1	2	13	0	0	1007.90	
1937	1	2	18	0	0	1010.80	
1937	1	3	7	0	0	1017.50	
1937	1	3	13	0	0	1018.40	
1937	1	3	18	0	0	1017.30	
1937	1	4	7	0	0	1006.90	
1937	1	4	13	0	0	1003.60	
1937	1	4	18	0	0	1004.70	
1937	1	5	7	0	0	1012.90	
1937	1	5	13	0	0	1013.50	
1937	1	5	18	0	0	1005.90	
1937	1	6	7	0	0	996.50	
1937	1	6	13	0	0	999.30	
1937	1	6	18	0	0	1000.50	
1937	1	7	7	0	0	1007.90	
1937	1	7	13	0	0	1016.70	
1937	1	7	18	0	0	1023.50	
1937	1	8	7	0	0	1027.50	
1937	1	8	13	0	0	1025.40	
1937	1	8	18	0	0	1022.90	
1937	1	9	7	0	0	1020.20	
1937	1	9	13	0	0	1020.50	
1937	1	9	18	0	0	1019.80	
1937	1	10	7	0	0	1017.10	
1937	1	10	13	0	0	1017.50	
1937	1	10	18	0	0	1017.30	
1937	1	11	7	0	0	1015.30	
1937	1	11	13	0	0	1012.30	
1937	1	11	18	0	0	1009.40	
1937	1	12	7	0	0	1001.80	
1937	1	12	13	0	0	1002.90	
1937	1	12	18	0	0	1005.20	
1937	1	13	7	0	0	1010.20	
1937	1	13	13	0	0	1017.60	
1937	1	13	18	0	0	1020.60	
1937	1	14	7	0	0	1022.70	
1937	1	14	13	0	0	1020.40	
1937	1	14	18	0	0	1018.60	
1937	1	15	7	0	0	1008.30	
1937	1	15	13	0	0	1002.50	
1937	1	15	18	0	0	998.30	
1937	1	16	7	0	0	997.80	
1937	1	16	13	0	0	1001.40	
1937	1	16	18	0	0	1003.10	
1937	1	17	7	0	0	994.40	
1937	1	17	13	0	0	983.30	
1937	1	17	18	0	0	984.70	
1937	1	18	7	0	0	983.40	
1937	1	18	13	0	0	986.10	
1937	1	18	18	0	0	991.00	
1937	1	19	7	0	0	993.00	
1937	1	19	13	0	0	992.20	
1937	1	19	18	0	0	993.70	
1937	1	20	7	0	0	997.30	
1937	1	20	13	0	0	988.60	
1937	1	20	18	0	0	979.90	
1937	1	21	7	0	0	985.30	
1937	1	21	13	0	0	988.50	
1937	1	21	18	0	0	987.60	
1937	1	22	7	0	0	980.20	
1937	1	22	13	0	0	984.80	
1937	1	22	18	0	0	993.70	
1937	1	23	7	0	0	1005.40	
1937	1	23	13	0	0	1003.20	
1937	1	23	18	0	0	996.20	
1937	1	24	7	0	0	982.50	
1937	1	24	13	0	0	974.90	
1937	1	24	18	0	0	976.60	
1937	1	25	7	0	0	985.80	
1937	1	25	13	0	0	988.90	
1937	1	25	18	0	0	992.70	
1937	1	26	7	0	0	998.00	
1937	1	26	18	0	0	999.40	
1937	1	27	7	0	0	995.90	
1937	1	27	13	0	0	993.50	
1937	1	27	18	0	0	991.20	
1937	1	28	7	0	0	990.00	
1937	1	28	13	0	0	992.70	
1937	1	28	18	0	0	993.10	
1937	1	29	7	0	0	996.00	
1937	1	29	13	0	0	996.90	
1937	1	29	18	0	0	995.70	
1937	1	30	7	0	0	992.70	
1937	1	30	13	0	0	991.50	
1937	1	30	18	0	0	988.90	
1937	1	31	7	0	0	985.50	
1937	1	31	13	0	0	987.00	
1937	1	31	18	0	0	988.20	
1937	2	1	7	0	0	990.00	
1937	2	1	13	0	0	991.70	
1937	2	1	18	0	0	994.50	
1937	2	2	7	0	0	998.70	
1937	2	2	13	0	0	993.50	
1937	2	2	18	0	0	989.40	
1937	2	3	7	0	0	992.70	
1937	2	3	13	0	0	990.30	
1937	2	3	18	0	0	990.10	
1937	2	4	7	0	0	984.50	
1937	2	4	13	0	0	982.90	
1937	2	4	18	0	0	984.80	
1937	2	5	7	0	0	985.50	
1937	2	5	13	0	0	988.90	
1937	2	5	18	0	0	992.90	
1937	2	6	7	0	0	1001.90	
1937	2	6	13	0	0	1005.60	
1937	2	6	18	0	0	1006.40	
1937	2	7	7	0	0	1002.10	
1937	2	7	13	0	0	998.50	
1937	2	7	18	0	0	994.30	
1937	2	8	7	0	0	989.20	
1937	2	8	13	0	0	990.70	
1937	2	8	18	0	0	993.80	
1937	2	9	7	0	0	996.90	
1937	2	9	13	0	0	999.10	
1937	2	10	7	0	0	1003.20	
1937	2	10	13	0	0	1004.40	
1937	2	10	18	0	0	1003.20	
1937	2	11	7	0	0	1006.40	
1937	2	11	13	0	0	1009.30	
1937	2	11	18	0	0	1011.50	
1937	2	12	7	0	0	1010.70	
1937	2	12	13	0	0	1003.90	
1937	2	12	18	0	0	999.40	
1937	2	13	7	0	0	1005.20	
1937	2	13	13	0	0	1004.10	
1937	2	13	18	0	0	1004.00	
1937	2	14	7	0	0	1010.00	
1937	2	14	13	0	0	1012.80	
1937	2	14	18	0	0	1013.70	
1937	2	15	7	0	0	1015.00	
1937	2	15	13	0	0	1012.30	
1937	2	15	18	0	0	1001.20	
1937	2	16	7	0	0	995.20	
1937	2	16	13	0	0	994.80	
1937	2	16	18	0	0	994.00	
1937	2	17	7	0	0	1002.00	
1937	2	17	13	0	0	1008.80	
1937	2	17	18	0	0	1012.50	
1937	2	18	7	0	0	1007.50	
1937	2	18	13	0	0	1006.10	
1937	2	18	18	0	0	1005.70	
1937	2	19	7	0	0	1001.60	
1937	2	19	13	0	0	998.10	
1937	2	19	18	0	0	1000.90	
1937	2	20	7	0	0	1005.80	
1937	2	20	13	0	0	1008.40	
1937	2	20	18	0	0	1008.50	
1937	2	21	7	0	0	1009.00	
1937	2	21	13	0	0	1007.10	
1937	2	21	18	0	0	1004.00	
1937	2	22	7	0	0	997.20	
1937	2	22	13	0	0	999.90	
1937	2	22	18	0	0	1002.10	
1937	2	23	7	0	0	1005.50	
1937	2	23	13	0	0	1006.30	
1937	2	23	18	0	0	1004.00	
1937	2	24	7	0	0	995.40	
1937	2	24	13	0	0	993.50	
1937	2	24	18	0	0	992.80	
1937	2	25	7	0	0	990.00	
1937	2	25	13	0	0	986.30	
1937	2	25	18	0	0	985.50	
1937	2	26	7	0	0	990.60	
1937	2	26	13	0	0	983.90	
1937	2	26	18	0	0	979.70	
1937	2	27	7	0	0	979.10	
1937	2	27	13	0	0	983.50	
1937	2	27	18	0	0	984.20	
1937	2	28	7	0	0	992.80	
1937	2	28	13	0	0	999.10	
1937	2	28	18	0	0	1000.80	
1937	3	1	7	0	0	1002.80	
1937	3	1	13	0	0	1002.50	
1937	3	1	18	0	0	1003.50	
1937	3	2	7	0	0	1000.20	
1937	3	2	13	0	0	997.40	
1937	3	2	18	0	0	996.00	
1937	3	3	7	0	0	995.40	
1937	3	3	13	0	0	996.50	
1937	3	3	18	0	0	997.20	
1937	3	4	7	0	0	1001.50	
1937	3	4	13	0	0	1002.60	
1937	3	4	18	0	0	1003.10	
1937	3	5	7	0	0	1004.20	
1937	3	5	13	0	0	1005.10	
1937	3	5	18	0	0	1006.60	
1937	3	6	7	0	0	1008.70	
1937	3	6	13	0	0	1009.40	
1937	3	6	18	0	0	1008.80	
1937	3	7	7	0	0	1008.10	
1937	3	7	13	0	0	1010.20	
1937	3	7	18	0	0	1011.10	
1937	3	8	7	0	0	1012.60	
1937	3	8	13	0	0	1011.20	
1937	3	8	18	0	0	1009.50	
1937	3	9	7	0	0	1005.50	
1937	3	9	13	0	0	1003.40	
1937	3	9	18	0	0	1002.60	
1937	3	10	7	0	0	1000.50	
1937	3	10	13	0	0	1000.30	
1937	3	11	7	0	0	990.70	
1937	3	11	13	0	0	987.40	
1937	3	11	18	0	0	985.10	
1937	3	12	7	0	0	982.20	
1937	3	12	13	0	0	982.40	
1937	3	12	18	0	0	982.90	
1937	3	13	7	0	0	984.50	
1937	3	13	13	0	0	986.40	
1937	3	13	18	0	0	987.50	
1937	3	14	7	0	0	989.30	
1937	3	14	13	0	0	992.50	
1937	3	14	18	0	0	995.50	
1937	3	15	7	0	0	1006.40	
1937	3	15	13	0	0	1011.00	
1937	3	15	18	0	0	1013.50	
1937	3	16	7	0	0	1007.90	
1937	3	16	13	0	0	998.60	
1937	3	16	18	0	0	991.70	
1937	3	17	7	0	0	991.90	
1937	3	17	13	0	0	992.30	
1937	3	17	18	0	0	991.70	
1937	3	18	7	0	0	990.60	
1937	3	18	13	0	0	990.90	
1937	3	18	18	0	0	988.80	
1937	3	19	7	0	0	994.70	
1937	3	19	13	0	0	996.70	
1937	3	19	18	0	0	998.00	
1937	3	20	7	0	0	1000.20	
1937	3	20	13	0	0	1002.70	
1937	3	20	18	0	0	1004.00	
1937	3	21	7	0	0	1009.20	
1937	3	21	13	0	0	1011.00	
1937	3	21	18	0	0	1009.90	
1937	3	22	7	0	0	1009.90	
1937	3	22	13	0	0	1008.00	
1937	3	22	18	0	0	1007.40	
1937	3	23	7	0	0	1011.10	
1937	3	23	13	0	0	1012.70	
1937	3	23	18	0	0	1014.50	
1937	3	24	7	0	0	1013.20	
1937	3	24	13	0	0	1012.40	
1937	3	24	18	0	0	1012.60	
1937	3	25	7	0	0	1014.40	
1937	3	25	13	0	0	1013.80	
1937	3	25	18	0	0	1012.30	
1937	3	26	7	0	0	1011.10	
1937	3	26	13	0	0	1011.00	
1937	3	26	18	0	0	1011.00	
1937	3	27	7	0	0	1015.00	
1937	3	27	13	0	0	1016.20	
1937	3	27	18	0	0	1016.40	
1937	3	28	7	0	0	1019.60	
1937	3	28	13	0	0	1021.20	
1937	3	28	18	0	0	1022.40	
1937	3	29	7	0	0	1025.80	
1937	3	29	13	0	0	1026.40	
1937	3	29	18	0	0	1026.30	
1937	3	30	7	0	0	1025.80	
1937	3	30	13	0	0	1022.20	
1937	3	30	18	0	0	1019.10	
1937	3	31	7	0	0	1013.40	
1937	3	31	13	0	0	1012.20	
1937	3	31	18	0	0	1010.90	
1937	4	1	7	0	0	1010.40	
1937	4	1	13	0	0	1008.40	
1937	4	1	18	0	0	1005.70	
1937	4	2	7	0	0	998.30	
1937	4	2	13	0	0	996.20	
1937	4	2	18	0	0	996.00	
1937	4	3	7	0	0	998.20	
1937	4	3	13	0	0	1000.20	
1937	4	3	18	0	0	1002.00	
1937	4	4	7	0	0	1007.90	
1937	4	4	13	0	0	1008.90	
1937	4	4	18	0	0	1008.60	
1937	4	5	7	0	0	1006.80	
1937	4	5	13	0	0	1007.20	
1937	4	5	18	0	0	1006.40	
1937	4	6	7	0	0	1007.00	
1937	4	6	13	0	0	1007.60	
1937	4	6	18	0	0	1006.90	
1937	4	7	7	0	0	1003.10	
1937	4	7	13	0	0	1000.10	
1937	4	7	18	0	0	999.60	
1937	4	8	7	0	0	1001.80	
1937	4	8	13	0	0	1004.40	
1937	4	8	18	0	0	1006.10	
1937	4	9	7	0	0	1002.70	
1937	4	9	13	0	0	998.70	
1937	4	9	18	0	0	993.60	
1937	4	10	7	0	0	985.60	
1937	4	10	13	0	0	993.00	
1937	4	10	18	0	0	995.80	
1937	4	11	7	0	0	1000.80	
1937	4	11	13	0	0	1002.60	
1937	4	11	18	0	0	1003.70	
1937	4	12	7	0	0	1007.50	
1937	4	12	13	0	0	1008.00	
1937	4	12	18	0	0	1008.10	
1937	4	13	7	0	0	1004.90	
1937	4	13	13	0	0	1000.90	
1937	4	13	18	0	0	999.20	
1937	4	14	7	0	0	1002.20	
1937	4	14	13	0	0	1004.50	
1937	4	14	18	0	0	1006.10	
1937	4	15	7	0	0	1008.10	
1937	4	15	13	0	0	1003.30	
1937	4	15	18	0	0	996.80	
1937	4	16	7	0	0	989.20	
1937	4	16	13	0	0	993.80	
1937	4	16	18	0	0	998.90	
1937	4	17	7	0	0	1007.00	
1937	4	17	13	0	0	1009.50	
1937	4	17	18	0	0	1010.40	
1937	4	18	7	0	0	1011.00	
1937	4	18	13	0	0	1010.80	
1937	4	18	18	0	0	1010.40	
1937	4	19	7	0	0	1007.80	
1937	4	19	13	0	0	1002.70	
1937	4	19	18	0	0	1001.00	
1937	4	20	7	0	0	999.00	
1937	4	20	13	0	0	998.00	
1937	4	20	18	0	0	1001.00	
1937	4	21	7	0	0	1009.50	
1937	4	21	13	0	0	1011.80	
1937	4	21	18	0	0	1011.40	
1937	4	22	7	0	0	1010.90	
1937	4	22	13	0	0	1012.30	
1937	4	22	18	0	0	1015.00	
1937	4	23	7	0	0	1021.00	
1937	4	23	13	0	0	1022.70	
1937	4	23	18	0	0	1023.40	
1937	4	24	7	0	0	1024.00	
1937	4	24	13	0	0	1023.30	
1937	4	24	18	0	0	1021.80	
1937	4	25	7	0	0	1022.60	
1937	4	25	13	0	0	1023.30	
1937	4	25	18	0	0	1023.00	
1937	4	26	7	0	0	1023.70	
1937	4	26	13	0	0	1022.00	
1937	4	26	18	0	0	1021.30	
1937	4	27	7	0	0	1018.90	
1937	4	27	13	0	0	1018.60	
1937	4	27	18	0	0	1019.90	
1937	4	28	7	0	0	1025.30	
1937	4	28	13	0	0	1027.20	
1937	4	28	18	0	0	1028.70	
1937	4	29	7	0	0	1031.20	
1937	4	29	13	0	0	1031.60	
1937	4	29	18	0	0	1031.00	
1937	4	30	7	0	0	1030.60	
1937	4	30	13	0	0	1029.90	
1937	4	30	18	0	0	1029.10	
1937	5	1	7	0	0	1030.20	
1937	5	1	13	0	0	1029.40	
1937	5	1	18	0	0	1026.50	
1937	5	2	7	0	0	1022.50	
1937	5	2	13	0	0	1019.00	
1937	5	2	18	0	0	1015.40	
1937	5	3	7	0	0	1010.40	
1937	5	3	13	0	0	1008.70	
1937	5	3	18	0	0	1008.40	
1937	5	4	7	0	0	1013.30	
1937	5	4	13	0	0	1013.50	
1937	5	4	18	0	0	1011.90	
1937	5	5	7	0	0	1018.40	
1937	5	5	13	0	0	1022.60	
1937	5	5	18	0	0	1024.20	
1937	5	6	7	0	0	1022.00	
1937	5	6	13	0	0	1020.10	
1937	5	6	18	0	0	1018.80	
1937	5	7	7	0	0	1024.00	
1937	5	7	13	0	0	1025.10	
1937	5	7	18	0	0	1024.10	
1937	5	8	7	0	0	1021.60	
1937	5	8	13	0	0	1018.90	
1937	5	8	18	0	0	1016.40	
1937	5	9	7	0	0	1011.20	
1937	5	9	13	0	0	1009.80	
1937	5	9	18	0	0	1007.90	
1937	5	10	7	0	0	1007.20	
1937	5	10	13	0	0	1009.70	
1937	5	11	7	0	0	1013.00	
1937	5	11	13	0	0	1012.40	
1937	5	11	18	0	0	1012.10	
1937	5	12	7	0	0	1012.30	
1937	5	12	13	0	0	1011.40	
1937	5	12	18	0	0	1011.10	
1937	5	13	7	0	0	1011.00	
1937	5	13	13	0	0	1010.50	
1937	5	13	18	0	0	1009.50	
1937	5	14	7	0	0	1011.60	
1937	5	14	13	0	0	1011.60	
1937	5	14	18	0	0	1012.70	
1937	5	15	7	0	0	1016.90	
1937	5	15	13	0	0	1016.50	
1937	5	15	18	0	0	1017.50	
1937	5	16	7	0	0	1018.90	
1937	5	16	13	0	0	1016.80	
1937	5	16	18	0	0	1015.20	
1937	5	17	7	0	0	1015.10	
1937	5	17	13	0	0	1015.60	
1937	5	17	18	0	0	1017.00	
1937	5	18	7	0	0	1018.20	
1937	5	18	13	0	0	1015.50	
1937	5	18	18	0	0	1012.40	
1937	5	19	7	0	0	1004.00	
1937	5	19	13	0	0	1002.40	
1937	5	19	18	0	0	1001.90	
1937	5	20	7	0	0	1003.80	
1937	5	20	13	0	0	1004.30	
1937	5	20	18	0	0	1004.90	
1937	5	21	7	0	0	1003.20	
1937	5	21	13	0	0	1000.90	
1937	5	21	18	0	0	1000.60	
1937	5	22	7	0	0	1008.20	
1937	5	22	13	0	0	1008.20	
1937	5	22	18	0	0	1006.00	
1937	5	23	7	0	0	1009.30	
1937	5	23	13	0	0	1013.10	
1937	5	23	18	0	0	1012.60	
1937	5	24	7	0	0	1010.80	
1937	5	24	13	0	0	1009.90	
1937	5	24	18	0	0	1009.60	
1937	5	25	7	0	0	1009.90	
1937	5	25	13	0	0	1011.00	
1937	5	25	18	0	0	1012.90	
1937	5	26	7	0	0	1017.50	
1937	5	26	13	0	0	1016.40	
1937	5	26	18	0	0	1014.80	
1937	5	27	7	0	0	1018.80	
1937	5	27	13	0	0	1021.90	
1937	5	27	18	0	0	1022.00	
1937	5	28	7	0	0	1022.50	
1937	5	28	13	0	0	1022.60	
1937	5	28	18	0	0	1020.70	
1937	5	29	7	0	0	1018.00	
1937	5	29	13	0	0	1018.90	
1937	5	29	18	0	0	1019.90	
1937	5	30	7	0	0	1020.00	
1937	5	30	13	0	0	1018.80	
1937	5	30	18	0	0	1018.50	
1937	5	31	7	0	0	1018.10	
1937	5	31	13	0	0	1017.20	
1937	5	31	18	0	0	1017.40	
1937	6	1	7	0	0	1017.30	
1937	6	1	13	0	0	1017.90	
1937	6	1	18	0	0	1018.80	
1937	6	2	7	0	0	1022.40	
1937	6	2	13	0	0	1021.70	
1937	6	2	18	0	0	1019.60	
1937	6	3	7	0	0	1011.30	
1937	6	3	13	0	0	1008.90	
1937	6	3	18	0	0	1008.80	
1937	6	4	7	0	0	1009.90	
1937	6	4	13	0	0	1009.80	
1937	6	4	18	0	0	1009.10	
1937	6	5	7	0	0	1008.60	
1937	6	5	13	0	0	1009.70	
1937	6	5	18	0	0	1009.80	
1937	6	6	7	0	0	1012.00	
1937	6	6	13	0	0	1011.20	
1937	6	6	18	0	0	1010.70	
1937	6	7	7	0	0	1010.00	
1937	6	7	13	0	0	1008.90	
1937	6	7	18	0	0	1008.70	
1937	6	8	7	0	0	1008.50	
1937	6	8	13	0	0	1008.60	
1937	6	8	18	0	0	1009.40	
1937	6	9	7	0	0	1013.80	
1937	6	9	13	0	0	1014.60	
1937	6	9	18	0	0	1014.40	
1937	6	10	7	0	0	1015.50	
1937	6	10	13	0	0	1015.90	
1937	6	10	18	0	0	1014.70	
1937	6	11	7	0	0	1014.50	
1937	6	11	13	0	0	1014.50	
1937	6	11	18	0	0	1015.80	
1937	6	12	7	0	0	1019.40	
1937	6	12	13	0	0	1019.30	
1937	6	12	18	0	0	1019.80	
1937	6	13	7	0	0	1020.10	
1937	6	13	13	0	0	1020.90	
1937	6	13	18	0	0	1020.70	
1937	6	14	7	0	0	1025.00	
1937	6	14	13	0	0	1026.40	
1937	6	14	18	0	0	1026.90	
1937	6	15	7	0	0	1028.90	
1937	6	15	13	0	0	1029.90	
1937	6	15	18	0	0	1029.90	
1937	6	16	7	0	0	1027.20	
1937	6	16	13	0	0	1027.00	
1937	6	16	18	0	0	1027.00	
1937	6	17	7	0	0	1027.40	
1937	6	17	13	0	0	1026.90	
1937	6	17	18	0	0	1025.80	
1937	6	18	7	0	0	1022.60	
1937	6	18	13	0	0	1019.60	
1937	6	18	18	0	0	1015.40	
1937	6	19	7	0	0	1015.40	
1937	6	19	13	0	0	1015.70	
1937	6	19	18	0	0	1015.80	
1937	6	20	7	0	0	1017.00	
1937	6	20	13	0	0	1018.80	
1937	6	20	18	0	0	1019.20	
1937	6	21	7	0	0	1021.30	
1937	6	21	13	0	0	1020.80	
1937	6	21	18	0	0	1019.40	
1937	6	22	7	0	0	1018.10	
1937	6	22	13	0	0	1017.60	
1937	6	22	18	0	0	1017.00	
1937	6	23	7	0	0	1017.20	
1937	6	23	13	0	0	1018.60	
1937	6	23	18	0	0	1018.40	
1937	6	24	7	0	0	1017.90	
1937	6	24	13	0	0	1018.60	
1937	6	24	18	0	0	1018.70	
1937	6	25	7	0	0	1019.30	
1937	6	25	13	0	0	1020.10	
1937	6	25	18	0	0	1020.40	
1937	6	26	7	0	0	1021.50	
1937	6	26	13	0	0	1021.40	
1937	6	26	18	0	0	1020.50	
1937	6	27	7	0	0	1019.30	
1937	6	27	13	0	0	1018.30	
1937	6	27	18	0	0	1016.90	
1937	6	28	7	0	0	1006.60	
1937	6	28	13	0	0	1003.90	
1937	6	28	18	0	0	1003.80	
1937	6	29	7	0	0	1007.50	
1937	6	29	13	0	0	1012.30	
1937	6	29	18	0	0	1014.30	
1937	6	30	7	0	0	1009.00	
1937	6	30	13	0	0	1010.40	
1937	6	30	18	0	0	1011.80	
1937	7	1	7	0	0	1011.10	
1937	7	1	13	0	0	1013.30	
1937	7	1	18	0	0	1013.40	
1937	7	2	7	0	0	1011.40	
1937	7	2	13	0	0	1010.30	
1937	7	2	18	0	0	1009.30	
1937	7	3	7	0	0	1010.00	
1937	7	3	13	0	0	1011.20	
1937	7	3	18	0	0	1012.60	
1937	7	4	7	0	0	1014.70	
1937	7	4	13	0	0	1017.10	
1937	7	4	18	0	0	1017.90	
1937	7	5	7	0	0	1015.20	
1937	7	5	13	0	0	1011.30	
1937	7	5	18	0	0	1008.10	
1937	7	6	7	0	0	1008.60	
1937	7	6	13	0	0	1008.80	
1937	7	6	18	0	0	1009.30	
1937	7	7	7	0	0	1013.50	
1937	7	7	13	0	0	1016.20	
1937	7	7	18	0	0	1017.60	
1937	7	8	7	0	0	1019.40	
1937	7	8	13	0	0	1018.80	
1937	7	8	18	0	0	1016.90	
1937	7	9	7	0	0	1011.30	
1937	7	9	13	0	0	1011.80	
1937	7	9	18	0	0	1011.50	
1937	7	10	7	0	0	1013.30	
1937	7	10	13	0	0	1016.90	
1937	7	10	18	0	0	1018.40	
1937	7	11	7	0	0	1015.50	
1937	7	11	13	0	0	1014.30	
1937	7	11	18	0	0	1013.50	
1937	7	12	7	0	0	1012.90	
1937	7	12	13	0	0	1012.20	
1937	7	12	18	0	0	1010.70	
1937	7	13	7	0	0	1013.20	
1937	7	13	13	0	0	1013.50	
1937	7	13	18	0	0	1011.70	
1937	7	14	7	0	0	1010.10	
1937	7	14	13	0	0	1009.00	
1937	7	14	18	0	0	1007.20	
1937	7	15	7	0	0	1009.30	
1937	7	15	13	0	0	1009.90	
1937	7	15	18	0	0	1010.20	
1937	7	16	7	0	0	1014.70	
1937	7	16	13	0	0	1016.10	
1937	7	16	18	0	0	1015.80	
1937	7	17	7	0	0	1018.90	
1937	7	17	13	0	0	1020.30	
1937	7	17	18	0	0	1020.80	
1937	7	18	7	0	0	1018.80	
1937	7	18	13	0	0	1018.80	
1937	7	18	18	0	0	1019.50	
1937	7	19	7	0	0	1020.70	
1937	7	19	13	0	0	1020.50	
1937	7	19	18	0	0	1021.20	
1937	7	20	7	0	0	1021.50	
1937	7	20	13	0	0	1019.30	
1937	7	20	18	0	0	1016.10	
1937	7	21	7	0	0	1003.80	
1937	7	21	13	0	0	1003.80	
1937	7	21	18	0	0	1003.30	
1937	7	22	7	0	0	1006.10	
1937	7	22	13	0	0	1007.90	
1937	7	22	18	0	0	1008.40	
1937	7	23	7	0	0	1004.50	
1937	7	23	13	0	0	1005.30	
1937	7	23	18	0	0	1006.10	
1937	7	24	7	0	0	1006.70	
1937	7	24	13	0	0	1007.10	
1937	7	24	18	0	0	1008.10	
1937	7	25	7	0	0	1011.20	
1937	7	25	13	0	0	1013.60	
1937	7	25	18	0	0	1015.20	
1937	7	26	7	0	0	1018.00	
1937	7	26	13	0	0	1018.90	
1937	7	26	18	0	0	1018.80	
1937	7	27	7	0	0	1018.00	
1937	7	27	13	0	0	1017.70	
1937	7	27	18	0	0	1017.40	
1937	7	28	7	0	0	1017.80	
1937	7	28	13	0	0	1017.30	
1937	7	28	18	0	0	1016.20	
1937	7	29	7	0	0	1016.50	
1937	7	29	13	0	0	1015.60	
1937	7	29	18	0	0	1015.30	
1937	7	30	7	0	0	1015.70	
1937	7	30	13	0	0	1015.80	
1937	7	30	18	0	0	1015.30	
1937	7	31	7	0	0	1018.30	
1937	7	31	13	0	0	1019.60	
1937	7	31	18	0	0	1020.20	
1937	8	1	7	0	0	1023.90	
1937	8	1	13	0	0	1024.00	
1937	8	1	18	0	0	1023.20	
1937	8	2	7	0	0	1022.00	
1937	8	2	13	0	0	1021.40	
1937	8	2	18	0	0	1020.60	
1937	8	3	7	0	0	1021.60	
1937	8	3	13	0	0	1020.20	
1937	8	3	18	0	0	1018.80	
1937	8	4	7	0	0	1016.30	
1937	8	4	13	0	0	1015.40	
1937	8	4	18	0	0	1014.80	
1937	8	5	7	0	0	1018.00	
1937	8	5	13	0	0	1017.90	
1937	8	5	18	0	0	1017.50	
1937	8	6	7	0	0	1015.10	
1937	8	6	13	0	0	1012.50	
1937	8	6	18	0	0	1009.70	
1937	8	7	7	0	0	1015.70	
1937	8	7	13	0	0	1016.10	
1937	8	7	18	0	0	1016.30	
1937	8	8	7	0	0	1017.40	
1937	8	8	13	0	0	1018.90	
1937	8	8	18	0	0	1019.60	
1937	8	9	7	0	0	1017.00	
1937	8	9	13	0	0	1016.00	
1937	8	9	18	0	0	1015.90	
1937	8	10	7	0	0	1018.00	
1937	8	10	13	0	0	1017.40	
1937	8	10	18	0	0	1015.60	
1937	8	11	7	0	0	1012.70	
1937	8	11	13	0	0	1011.80	
1937	8	11	18	0	0	1011.40	
1937	8	12	7	0	0	1011.80	
1937	8	12	13	0	0	1011.80	
1937	8	12	18	0	0	1010.70	
1937	8	13	7	0	0	1009.20	
1937	8	13	13	0	0	1008.40	
1937	8	13	18	0	0	1007.00	
1937	8	14	7	0	0	1010.90	
1937	8	14	13	0	0	1012.20	
1937	8	14	18	0	0	1013.00	
1937	8	15	7	0	0	1013.80	
1937	8	15	13	0	0	1012.60	
1937	8	15	18	0	0	1012.00	
1937	8	16	7	0	0	1008.70	
1937	8	16	13	0	0	1001.00	
1937	8	16	18	0	0	995.40	
1937	8	17	7	0	0	999.00	
1937	8	17	13	0	0	1005.10	
1937	8	17	18	0	0	1009.20	
1937	8	18	7	0	0	1010.50	
1937	8	18	13	0	0	1008.70	
1937	8	18	18	0	0	1009.10	
1937	8	19	7	0	0	1015.20	
1937	8	19	13	0	0	1019.40	
1937	8	19	18	0	0	1022.50	
1937	8	20	7	0	0	1025.20	
1937	8	20	13	0	0	1026.00	
1937	8	20	18	0	0	1025.40	
1937	8	21	7	0	0	1023.80	
1937	8	21	13	0	0	1023.40	
1937	8	21	18	0	0	1021.80	
1937	8	22	7	0	0	1021.10	
1937	8	22	13	0	0	1020.90	
1937	8	22	18	0	0	1020.20	
1937	8	23	7	0	0	1021.20	
1937	8	23	13	0	0	1021.20	
1937	8	23	18	0	0	1019.80	
1937	8	24	7	0	0	1017.40	
1937	8	24	13	0	0	1015.60	
1937	8	24	18	0	0	1014.50	
1937	8	25	7	0	0	1020.90	
1937	8	25	13	0	0	1024.50	
1937	8	25	18	0	0	1026.50	
1937	8	26	7	0	0	1029.50	
1937	8	26	13	0	0	1029.60	
1937	8	26	18	0	0	1028.80	
1937	8	27	7	0	0	1027.60	
1937	8	27	13	0	0	1025.90	
1937	8	27	18	0	0	1023.60	
1937	8	28	7	0	0	1021.10	
1937	8	28	13	0	0	1020.50	
1937	8	28	18	0	0	1019.40	
1937	8	29	7	0	0	1021.50	
1937	8	29	13	0	0	1022.50	
1937	8	29	18	0	0	1022.20	
1937	8	30	7	0	0	1021.70	
1937	8	30	13	0	0	1021.30	
1937	8	30	18	0	0	1020.20	
1937	8	31	7	0	0	1014.80	
1937	8	31	13	0	0	1012.00	
1937	8	31	18	0	0	1009.70	
1937	9	1	7	0	0	1003.30	
1937	9	1	13	0	0	1005.90	
1937	9	1	18	0	0	1005.40	
1937	9	2	7	0	0	1004.90	
1937	9	2	13	0	0	1007.20	
1937	9	2	18	0	0	1008.20	
1937	9	3	7	0	0	1010.30	
1937	9	3	13	0	0	1012.50	
1937	9	3	18	0	0	1013.90	
1937	9	4	7	0	0	1017.90	
1937	9	4	13	0	0	1017.90	
1937	9	4	18	0	0	1015.10	
1937	9	5	7	0	0	1009.80	
1937	9	5	13	0	0	1010.90	
1937	9	5	18	0	0	1010.70	
1937	9	6	7	0	0	1009.10	
1937	9	6	13	0	0	1007.40	
1937	9	6	18	0	0	1007.20	
1937	9	7	7	0	0	1013.30	
1937	9	7	13	0	0	1011.20	
1937	9	7	18	0	0	1006.20	
1937	9	8	7	0	0	1020.50	
1937	9	8	13	0	0	1023.80	
1937	9	8	18	0	0	1025.20	
1937	9	9	7	0	0	1021.20	
1937	9	9	13	0	0	1020.20	
1937	9	9	18	0	0	1021.30	
1937	9	10	7	0	0	1026.20	
1937	9	10	13	0	0	1026.90	
1937	9	10	18	0	0	1027.10	
1937	9	11	7	0	0	1027.70	
1937	9	11	13	0	0	1027.70	
1937	9	11	18	0	0	1026.10	
1937	9	12	7	0	0	1019.70	
1937	9	12	13	0	0	1016.90	
1937	9	12	18	0	0	1013.80	
1937	9	13	7	0	0	1006.00	
1937	9	13	13	0	0	1006.30	
1937	9	13	18	0	0	1007.10	
1937	9	14	7	0	0	1004.00	
1937	9	14	13	0	0	999.90	
1937	9	14	18	0	0	994.00	
1937	9	15	7	0	0	985.40	
1937	9	15	13	0	0	984.90	
1937	9	15	18	0	0	984.50	
1937	9	16	7	0	0	985.90	
1937	9	16	13	0	0	988.20	
1937	9	16	18	0	0	989.50	
1937	9	17	7	0	0	989.60	
1937	9	17	13	0	0	990.10	
1937	9	17	18	0	0	991.70	
1937	9	18	7	0	0	998.20	
1937	9	18	13	0	0	998.70	
1937	9	18	18	0	0	999.50	
1937	9	19	7	0	0	1005.30	
1937	9	19	13	0	0	1006.60	
1937	9	19	18	0	0	1006.90	
1937	9	20	7	0	0	1012.10	
1937	9	20	13	0	0	1015.70	
1937	9	20	18	0	0	1016.70	
1937	9	21	7	0	0	1014.50	
1937	9	21	13	0	0	1010.60	
1937	9	21	18	0	0	1006.80	
1937	9	22	7	0	0	1006.00	
1937	9	22	13	0	0	1011.60	
1937	9	22	18	0	0	1014.70	
1937	9	23	7	0	0	1018.30	
1937	9	23	13	0	0	1018.80	
1937	9	23	18	0	0	1017.10	
1937	9	24	7	0	0	1013.20	
1937	9	24	13	0	0	1016.00	
1937	9	24	18	0	0	1017.20	
1937	9	25	7	0	0	1020.30	
1937	9	26	13	0	0	1012.00	
1937	9	26	18	0	0	1012.10	
1937	9	27	7	0	0	1011.60	
1937	9	27	13	0	0	1010.80	
1937	9	27	18	0	0	1010.90	
1937	9	28	7	0	0	1016.50	
1937	9	28	13	0	0	1019.00	
1937	9	28	18	0	0	1020.00	
1937	9	29	7	0	0	1019.30	
1937	9	29	13	0	0	1017.90	
1937	9	29	18	0	0	1016.80	
1937	9	30	7	0	0	1008.80	
1937	9	30	13	0	0	1007.00	
1937	9	30	18	0	0	1008.00	
1937	10	1	7	0	0	1013.80	
1937	10	1	13	0	0	1014.80	
1937	10	1	18	0	0	1014.70	
1937	10	2	7	0	0	1013.30	
1937	10	2	13	0	0	1013.50	
1937	10	2	18	0	0	1014.50	
1937	10	3	7	0	0	1019.70	
1937	10	3	13	0	0	1022.50	
1937	10	3	18	0	0	1024.60	
1937	10	4	7	0	0	1033.80	
1937	10	4	13	0	0	1035.60	
1937	10	4	18	0	0	1035.90	
1937	10	5	7	0	0	1035.80	
1937	10	5	13	0	0	1034.50	
1937	10	5	18	0	0	1033.90	
1937	10	6	7	0	0	1031.20	
1937	10	6	13	0	0	1028.60	
1937	10	6	18	0	0	1026.00	
1937	10	7	7	0	0	1023.40	
1937	10	7	13	0	0	1022.00	
1937	10	7	18	0	0	1020.90	
1937	10	8	7	0	0	1020.50	
1937	10	8	13	0	0	1021.90	
1937	10	8	18	0	0	1023.00	
1937	10	9	7	0	0	1028.20	
1937	10	9	13	0	0	1031.10	
1937	10	9	18	0	0	1032.00	
1937	10	10	7	0	0	1034.30	
1937	10	10	13	0	0	1033.50	
1937	10	10	18	0	0	1032.00	
1937	10	11	7	0	0	1030.70	
1937	10	11	13	0	0	1030.30	
1937	10	11	18	0	0	1029.80	
1937	10	12	7	0	0	1029.30	
1937	10	12	13	0	0	1029.00	
1937	10	12	18	0	0	1028.60	
1937	10	13	7	0	0	1027.20	
1937	10	13	13	0	0	1024.60	
1937	10	13	18	0	0	1022.20	
1937	10	14	7	0	0	1021.40	
1937	10	14	13	0	0	1021.60	
1937	10	14	18	0	0	1021.10	
1937	10	15	7	0	0	1024.90	
1937	10	15	13	0	0	1027.30	
1937	10	15	18	0	0	1028.90	
1937	10	16	7	0	0	1029.20	
1937	10	16	13	0	0	1029.00	
1937	10	16	18	0	0	1028.60	
1937	10	17	7	0	0	1029.80	
1937	10	17	13	0	0	1030.10	
1937	10	17	18	0	0	1030.50	
1937	10	18	7	0	0	1030.10	
1937	10	18	13	0	0	1028.90	
1937	10	18	18	0	0	1026.90	
1937	10	19	7	0	0	1022.10	
1937	10	19	13	0	0	1020.20	
1937	10	19	18	0	0	1018.30	
1937	10	20	7	0	0	1016.50	
1937	10	20	13	0	0	1016.50	
1937	10	20	18	0	0	1014.80	
1937	10	21	7	0	0	1011.10	
1937	10	21	13	0	0	1009.20	
1937	10	21	18	0	0	1006.30	
1937	10	22	7	0	0	994.70	
1937	10	22	13	0	0	987.80	
1937	10	22	18	0	0	983.10	
1937	10	23	7	0	0	981.40	
1937	10	23	13	0	0	981.80	
1937	10	23	18	0	0	982.00	
1937	10	24	7	0	0	984.30	
1937	10	24	13	0	0	984.60	
1937	10	24	18	0	0	984.90	
1937	10	25	7	0	0	981.60	
1937	10	25	13	0	0	977.30	
1937	10	25	18	0	0	977.30	
1937	10	26	7	0	0	981.40	
1937	10	26	13	0	0	991.20	
1937	10	26	18	0	0	999.60	
1937	10	27	7	0	0	1011.80	
1937	10	27	13	0	0	1012.70	
1937	10	27	18	0	0	1011.30	
1937	10	28	7	0	0	1004.20	
1937	10	28	13	0	0	1003.70	
1937	10	28	18	0	0	1004.60	
1937	10	29	7	0	0	1002.50	
1937	10	29	13	0	0	1001.10	
1937	10	29	18	0	0	999.20	
1937	10	30	7	0	0	993.60	
1937	10	30	13	0	0	994.80	
1937	10	30	18	0	0	999.30	
1937	10	31	7	0	0	1008.40	
1937	10	31	13	0	0	1007.80	
1937	10	31	18	0	0	1007.00	
1937	11	1	7	0	0	1004.40	
1937	11	1	13	0	0	1005.00	
1937	11	1	18	0	0	1007.20	
1937	11	2	7	0	0	1010.40	
1937	11	2	13	0	0	1011.50	
1937	11	2	18	0	0	1010.70	
1937	11	3	7	0	0	1009.70	
1937	11	3	13	0	0	1011.10	
1937	11	3	18	0	0	1011.80	
1937	11	4	7	0	0	1009.80	
1937	11	4	13	0	0	1009.80	
1937	11	4	18	0	0	1010.50	
1937	11	5	7	0	0	1020.70	
1937	11	5	13	0	0	1024.60	
1937	11	5	18	0	0	1025.70	
1937	11	6	7	0	0	1023.80	
1937	11	6	13	0	0	1022.20	
1937	11	6	18	0	0	1020.40	
1937	11	7	7	0	0	1017.90	
1937	11	7	13	0	0	1017.90	
1937	11	7	18	0	0	1017.70	
1937	11	8	7	0	0	1019.90	
1937	11	8	13	0	0	1021.40	
1937	11	8	18	0	0	1023.10	
1937	11	9	7	0	0	1027.80	
1937	11	9	13	0	0	1029.40	
1937	11	9	18	0	0	1029.80	
1937	11	10	7	0	0	1027.10	
1937	11	10	13	0	0	1026.20	
1937	11	10	18	0	0	1025.70	
1937	11	11	7	0	0	1026.70	
1937	11	11	13	0	0	1026.90	
1937	11	11	18	0	0	1026.60	
1937	11	12	7	0	0	1027.00	
1937	11	12	13	0	0	1027.10	
1937	11	12	18	0	0	1027.00	
1937	11	13	7	0	0	1026.70	
1937	11	13	13	0	0	1025.60	
1937	11	13	18	0	0	1024.20	
1937	11	14	7	0	0	1022.40	
1937	11	14	13	0	0	1021.10	
1937	11	14	18	0	0	1020.30	
1937	11	15	7	0	0	1020.50	
1937	11	15	13	0	0	1021.70	
1937	11	15	18	0	0	1021.30	
1937	11	16	7	0	0	1018.20	
1937	11	16	13	0	0	1015.00	
1937	11	16	18	0	0	1010.90	
1937	11	17	7	0	0	1003.10	
1937	11	17	13	0	0	999.70	
1937	11	17	18	0	0	998.80	
1937	11	18	7	0	0	995.60	
1937	11	18	13	0	0	993.40	
1937	11	18	18	0	0	990.30	
1937	11	19	7	0	0	986.60	
1937	11	19	13	0	0	989.90	
1937	11	19	18	0	0	994.30	
1937	11	20	7	0	0	1005.80	
1937	11	20	13	0	0	1007.60	
1937	11	20	18	0	0	1007.90	
1937	11	21	7	0	0	1007.00	
1937	11	21	13	0	0	1006.70	
1937	11	21	18	0	0	1006.10	
1937	11	22	7	0	0	1006.40	
1937	11	22	13	0	0	1008.50	
1937	11	22	18	0	0	1010.80	
1937	11	23	7	0	0	1015.80	
1937	11	23	13	0	0	1018.10	
1937	11	23	18	0	0	1020.50	
1937	11	24	7	0	0	1023.30	
1937	11	24	13	0	0	1023.50	
1937	11	24	18	0	0	1024.30	
1937	11	25	7	0	0	1025.90	
1937	11	25	13	0	0	1026.60	
1937	11	25	18	0	0	1026.80	
1937	11	26	7	0	0	1026.30	
1937	11	26	13	0	0	1025.80	
1937	11	26	18	0	0	1024.20	
1937	11	27	7	0	0	1023.80	
1937	11	27	13	0	0	1026.70	
1937	11	27	18	0	0	1028.90	
1937	11	28	7	0	0	1030.40	
1937	11	28	13	0	0	1029.10	
1937	11	28	18	0	0	1026.90	
1937	11	29	7	0	0	1020.80	
1937	11	29	13	0	0	1018.90	
1937	11	29	18	0	0	1017.20	
1937	11	30	7	0	0	1011.10	
1937	11	30	13	0	0	1006.70	
1937	11	30	18	0	0	1006.70	
1937	12	1	7	0	0	1003.70	
1937	12	1	13	0	0	999.50	
1937	12	1	18	0	0	997.30	
1937	12	2	7	0	0	997.20	
1937	12	2	13	0	0	999.30	
1937	12	2	18	0	0	1003.00	
1937	12	3	7	0	0	1009.10	
1937	12	3	13	0	0	1012.00	
1937	12	3	18	0	0	1013.70	
1937	12	4	7	0	0	1003.20	
1937	12	4	13	0	0	999.70	
1937	12	4	18	0	0	994.80	
1937	12	5	7	0	0	992.50	
1937	12	5	13	0	0	993.30	
1937	12	5	18	0	0	993.50	
1937	12	6	7	0	0	994.00	
1937	12	6	13	0	0	994.30	
1937	12	6	18	0	0	994.90	
1937	12	7	7	0	0	1001.50	
1937	12	7	13	0	0	1002.80	
1937	12	7	18	0	0	1003.40	
1937	12	8	7	0	0	1004.60	
1937	12	8	13	0	0	1005.70	
1937	12	8	18	0	0	1006.20	
1937	12	9	7	0	0	1008.70	
1937	12	9	13	0	0	1011.10	
1937	12	9	18	0	0	1012.40	
1937	12	10	7	0	0	1003.40	
1937	12	10	13	0	0	992.50	
1937	12	10	18	0	0	990.00	
1937	12	11	7	0	0	990.60	
1937	12	11	13	0	0	997.80	
1937	12	11	18	0	0	1002.00	
1937	12	12	7	0	0	1004.60	
1937	12	12	13	0	0	1002.10	
1937	12	12	18	0	0	998.40	
1937	12	13	7	0	0	981.80	
1937	12	13	13	0	0	980.40	
1937	12	13	18	0	0	980.10	
1937	12	14	7	0	0	983.60	
1937	12	14	13	0	0	988.20	
1937	12	14	18	0	0	992.00	
1937	12	15	7	0	0	999.50	
1937	12	15	13	0	0	999.60	
1937	12	15	18	0	0	1002.70	
1937	12	16	7	0	0	1015.70	
1937	12	16	13	0	0	1020.30	
1937	12	16	18	0	0	1022.00	
1937	12	17	7	0	0	1026.80	
1937	12	17	13	0	0	1027.50	
1937	12	17	18	0	0	1026.60	
1937	12	18	7	0	0	1021.00	
1937	12	18	13	0	0	1018.30	
1937	12	18	18	0	0	1016.60	
1937	12	19	7	0	0	1016.20	
1937	12	19	13	0	0	1017.00	
1937	12	19	18	0	0	1017.70	
1937	12	20	7	0	0	1013.20	
1937	12	20	13	0	0	1009.60	
1937	12	20	18	0	0	1006.50	
1937	12	21	7	0	0	997.70	
1937	12	21	13	0	0	999.20	
1937	12	21	18	0	0	1001.30	
1937	12	22	7	0	0	1003.30	
1937	12	22	13	0	0	1001.00	
1937	12	22	18	0	0	1004.20	
1937	12	23	7	0	0	1016.80	
1937	12	23	13	0	0	1020.30	
1937	12	23	18	0	0	1019.70	
1937	12	24	7	0	0	1014.20	
1937	12	24	13	0	0	1014.00	
1937	12	24	18	0	0	1022.50	
1937	12	25	7	0	0	1031.50	
1937	12	25	13	0	0	1031.90	
1937	12	25	18	0	0	1032.20	
1937	12	26	7	0	0	1035.30	
1937	12	26	13	0	0	1036.20	
1937	12	26	18	0	0	1036.90	
1937	12	27	7	0	0	1038.30	
1937	12	27	13	0	0	1039.00	
1937	12	27	18	0	0	1039.20	
1937	12	28	7	0	0	1038.00	
1937	12	28	13	0	0	1039.00	
1937	12	28	18	0	0	1039.00	
1937	12	29	7	0	0	1039.30	
1937	12	29	13	0	0	1038.90	
1937	12	29	18	0	0	1038.20	
1937	12	30	7	0	0	1037.70	
1937	12	30	13	0	0	1037.60	
1937	12	30	18	0	0	1037.60	
1937	12	31	7	0	0	1037.40	
1937	12	31	13	0	0	1037.20	
1937	12	31	18	0	0	1036.50	
1938	1	1	7	0	0	1035.80	
1938	1	1	13	0	0	1036.20	
1938	1	1	18	0	0	1035.90	
1938	1	2	7	0	0	1036.80	
1938	1	2	13	0	0	1037.10	
1938	1	2	18	0	0	1037.70	
1938	1	3	7	0	0	1037.40	
1938	1	3	13	0	0	1037.50	
1938	1	3	18	0	0	1037.10	
1938	1	4	7	0	0	1035.00	
1938	1	4	13	0	0	1034.20	
1938	1	4	18	0	0	1033.80	
1938	1	5	7	0	0	1031.50	
1938	1	5	13	0	0	1029.90	
1938	1	5	18	0	0	1027.90	
1938	1	6	7	0	0	1020.40	
1938	1	6	13	0	0	1012.40	
1938	1	6	18	0	0	1005.00	
1938	1	7	7	0	0	991.80	
1938	1	7	13	0	0	994.70	
1938	1	7	18	0	0	996.10	
1938	1	8	7	0	0	993.90	
1938	1	8	13	0	0	989.70	
1938	1	8	18	0	0	985.10	
1938	1	9	7	0	0	970.90	
1938	1	9	13	0	0	971.90	
1938	1	9	18	0	0	971.70	
1938	1	10	7	0	0	974.20	
1938	1	10	13	0	0	980.00	
1938	1	10	18	0	0	985.30	
1938	1	11	7	0	0	989.40	
1938	1	11	13	0	0	992.40	
1938	1	11	18	0	0	995.80	
1938	1	12	7	0	0	996.50	
1938	1	12	13	0	0	1000.50	
1938	1	12	18	0	0	998.20	
1938	1	13	7	0	0	993.20	
1938	1	13	13	0	0	997.00	
1938	1	13	18	0	0	998.80	
1938	1	14	7	0	0	1005.20	
1938	1	14	13	0	0	1000.50	
1938	1	14	18	0	0	984.50	
1938	1	15	7	0	0	960.30	
1938	1	15	13	0	0	980.20	
1938	1	15	18	0	0	994.60	
1938	1	16	7	0	0	987.50	
1938	1	16	13	0	0	984.70	
1938	1	16	18	0	0	990.20	
1938	1	17	7	0	0	1006.80	
1938	1	17	13	0	0	1012.50	
1938	1	17	18	0	0	1014.30	
1938	1	18	7	0	0	1005.00	
1938	1	18	13	0	0	996.60	
1938	1	18	18	0	0	991.50	
1938	1	19	7	0	0	1000.70	
1938	1	19	13	0	0	1007.40	
1938	1	19	18	0	0	1009.70	
1938	1	20	7	0	0	1010.90	
1938	1	20	13	0	0	1010.50	
1938	1	20	18	0	0	1007.70	
1938	1	21	7	0	0	1013.00	
1938	1	21	13	0	0	1019.60	
1938	1	21	18	0	0	1022.50	
1938	1	22	7	0	0	1021.00	
1938	1	22	13	0	0	1018.90	
1938	1	22	18	0	0	1017.40	
1938	1	23	7	0	0	1025.90	
1938	1	23	13	0	0	1025.70	
1938	1	23	18	0	0	1021.40	
1938	1	24	7	0	0	1018.40	
1938	1	24	13	0	0	1022.80	
1938	1	24	18	0	0	1020.00	
1938	1	25	7	0	0	1004.90	
1938	1	25	13	0	0	1015.60	
1938	1	25	18	0	0	1019.30	
1938	1	26	7	0	0	1010.30	
1938	1	26	13	0	0	1006.50	
1938	1	26	18	0	0	1005.40	
1938	1	27	7	0	0	1010.10	
1938	1	27	13	0	0	1013.60	
1938	1	27	18	0	0	1013.00	
1938	1	28	7	0	0	999.40	
1938	1	28	13	0	0	993.90	
1938	1	28	18	0	0	988.00	
1938	1	29	7	0	0	987.80	
1938	1	29	13	0	0	996.30	
1938	1	29	18	0	0	996.70	
1938	1	31	7	0	0	996.40	
1938	1	31	13	0	0	989.40	
1938	1	31	18	0	0	982.10	
1938	2	1	7	0	0	980.60	
1938	2	1	13	0	0	986.90	
1938	2	1	18	0	0	994.30	
1938	2	2	7	0	0	1006.70	
1938	2	2	13	0	0	1011.40	
1938	2	2	18	0	0	1013.10	
1938	2	3	7	0	0	1018.40	
1938	2	3	13	0	0	1019.60	
1938	2	3	18	0	0	1019.40	
1938	2	4	7	0	0	1017.30	
1938	2	4	13	0	0	1017.80	
1938	2	4	18	0	0	1016.50	
1938	2	5	7	0	0	1012.20	
1938	2	5	13	0	0	1015.40	
1938	2	5	18	0	0	1019.50	
1938	2	6	13	0	0	1030.50	
1938	2	6	18	0	0	1031.20	
1938	2	7	7	0	0	1026.90	
1938	2	7	13	0	0	1026.30	
1938	2	7	18	0	0	1023.90	
1938	2	8	7	0	0	1018.30	
1938	2	8	13	0	0	1018.30	
1938	2	8	18	0	0	1020.90	
1938	2	9	7	0	0	1012.30	
1938	2	9	13	0	0	1013.80	
1938	2	9	18	0	0	1015.40	
1938	2	10	7	0	0	1014.50	
1938	2	10	13	0	0	1018.80	
1938	2	10	18	0	0	1027.20	
1938	2	11	7	0	0	1038.90	
1938	2	11	13	0	0	1038.10	
1938	2	11	18	0	0	1034.90	
1938	2	12	7	0	0	1027.40	
1938	2	12	13	0	0	1028.40	
1938	2	12	18	0	0	1030.50	
1938	2	13	7	0	0	1035.10	
1938	2	13	13	0	0	1035.10	
1938	2	13	18	0	0	1034.10	
1938	2	14	7	0	0	1034.10	
1938	2	14	13	0	0	1034.00	
1938	2	14	18	0	0	1033.60	
1938	2	15	7	0	0	1034.90	
1938	2	15	13	0	0	1035.10	
1938	2	15	18	0	0	1034.70	
1938	2	16	7	0	0	1034.00	
1938	2	16	13	0	0	1034.30	
1938	2	16	18	0	0	1033.20	
1938	2	17	7	0	0	1034.40	
1938	2	17	13	0	0	1033.10	
1938	2	17	18	0	0	1031.20	
1938	2	18	7	0	0	1036.30	
1938	2	18	13	0	0	1036.80	
1938	2	18	18	0	0	1036.10	
1938	2	19	7	0	0	1036.60	
1938	2	19	13	0	0	1037.20	
1938	2	19	18	0	0	1037.40	
1938	2	20	7	0	0	1038.60	
1938	2	20	13	0	0	1039.00	
1938	2	20	18	0	0	1037.90	
1938	2	21	7	0	0	1035.60	
1938	2	21	13	0	0	1034.40	
1938	2	21	18	0	0	1033.10	
1938	2	22	7	0	0	1030.20	
1938	2	22	13	0	0	1028.70	
1938	2	22	18	0	0	1028.80	
1938	2	23	7	0	0	1027.70	
1938	2	23	13	0	0	1027.50	
1938	2	23	18	0	0	1026.20	
1938	2	24	7	0	0	1023.00	
1938	2	24	13	0	0	1022.10	
1938	2	24	18	0	0	1019.90	
1938	2	25	7	0	0	1010.50	
1938	2	25	13	0	0	1008.90	
1938	2	25	18	0	0	1007.60	
1938	2	26	7	0	0	1005.20	
1938	2	26	13	0	0	1001.30	
1938	2	26	18	0	0	1002.70	
1938	2	27	7	0	0	1021.00	
1938	2	27	13	0	0	1018.80	
1938	2	27	18	0	0	1013.90	
1938	2	28	7	0	0	1011.20	
1938	2	28	13	0	0	1006.80	
1938	2	28	18	0	0	1003.80	
1938	3	1	7	0	0	1016.40	
1938	3	1	13	0	0	1023.50	
1938	3	1	18	0	0	1028.30	
1938	3	2	7	0	0	1031.00	
1938	3	2	13	0	0	1031.80	
1938	3	2	18	0	0	1032.40	
1938	3	3	7	0	0	1031.00	
1938	3	3	13	0	0	1030.20	
1938	3	3	18	0	0	1029.50	
1938	3	4	7	0	0	1035.60	
1938	3	4	13	0	0	1037.40	
1938	3	4	18	0	0	1037.40	
1938	3	5	7	0	0	1033.10	
1938	3	5	13	0	0	1033.10	
1938	3	5	18	0	0	1032.70	
1938	3	6	7	0	0	1032.20	
1938	3	6	13	0	0	1032.20	
1938	3	6	18	0	0	1031.30	
1938	3	7	7	0	0	1031.30	
1938	3	7	13	0	0	1030.10	
1938	3	7	18	0	0	1027.50	
1938	3	8	7	0	0	1022.70	
1938	3	8	13	0	0	1020.80	
1938	3	8	18	0	0	1019.20	
1938	3	9	7	0	0	1015.90	
1938	3	9	13	0	0	1016.30	
1938	3	9	18	0	0	1016.50	
1938	3	10	7	0	0	1020.80	
1938	3	10	13	0	0	1023.70	
1938	3	10	18	0	0	1025.60	
1938	3	11	7	0	0	1030.10	
1938	3	11	13	0	0	1031.40	
1938	3	11	18	0	0	1031.40	
1938	3	12	7	0	0	1033.40	
1938	3	12	13	0	0	1033.90	
1938	3	12	18	0	0	1033.60	
1938	3	13	7	0	0	1032.20	
1938	3	13	13	0	0	1029.00	
1938	3	13	18	0	0	1026.10	
1938	3	14	7	0	0	1017.80	
1938	3	14	13	0	0	1013.70	
1938	3	14	18	0	0	1013.60	
1938	3	15	7	0	0	1012.30	
1938	3	15	13	0	0	1011.00	
1938	3	15	18	0	0	1008.70	
1938	3	16	7	0	0	1003.30	
1938	3	16	13	0	0	1009.60	
1938	3	16	18	0	0	1014.10	
1938	3	17	7	0	0	1015.80	
1938	3	17	13	0	0	1016.10	
1938	3	17	18	0	0	1014.70	
1938	3	18	7	0	0	1013.30	
1938	3	18	13	0	0	1012.20	
1938	3	18	18	0	0	1008.80	
1938	3	19	7	0	0	1005.30	
1938	3	19	13	0	0	1004.70	
1938	3	19	18	0	0	1008.00	
1938	3	20	7	0	0	999.20	
1938	3	20	13	0	0	1004.80	
1938	3	20	18	0	0	1003.20	
1938	3	21	7	0	0	1003.00	
1938	3	21	13	0	0	1006.80	
1938	3	21	18	0	0	1010.10	
1938	3	22	7	0	0	1015.40	
1938	3	22	13	0	0	1015.80	
1938	3	22	18	0	0	1015.40	
1938	3	23	7	0	0	1016.30	
1938	3	23	13	0	0	1016.60	
1938	3	23	18	0	0	1016.10	
1938	3	24	7	0	0	1012.10	
1938	3	24	13	0	0	1008.40	
1938	3	24	18	0	0	1008.80	
1938	3	25	7	0	0	1010.10	
1938	3	25	13	0	0	1010.90	
1938	3	25	18	0	0	1010.90	
1938	3	26	7	0	0	1016.60	
1938	3	26	13	0	0	1016.00	
1938	3	26	18	0	0	1011.10	
1938	3	27	7	0	0	1013.10	
1938	3	27	13	0	0	1016.20	
1938	3	27	18	0	0	1018.30	
1938	3	28	7	0	0	1021.70	
1938	3	28	13	0	0	1020.60	
1938	3	28	18	0	0	1018.70	
1938	3	29	7	0	0	1018.40	
1938	3	29	13	0	0	1019.10	
1938	3	29	18	0	0	1019.20	
1938	3	30	7	0	0	1019.40	
1938	3	30	13	0	0	1021.10	
1938	3	30	18	0	0	1020.40	
1938	3	31	7	0	0	1020.70	
1938	3	31	13	0	0	1021.70	
1938	3	31	18	0	0	1021.10	
1938	4	1	7	0	0	1023.70	
1938	4	1	13	0	0	1024.20	
1938	4	1	18	0	0	1022.20	
1938	4	2	7	0	0	1012.80	
1938	4	2	13	0	0	1007.90	
1938	4	2	18	0	0	1009.60	
1938	4	3	7	0	0	1020.50	
1938	4	3	13	0	0	1027.80	
1938	4	3	18	0	0	1030.90	
1938	4	4	7	0	0	1030.80	
1938	4	4	13	0	0	1028.50	
1938	4	4	18	0	0	1026.00	
1938	4	5	7	0	0	1020.40	
1938	4	5	13	0	0	1023.20	
1938	4	5	18	0	0	1024.00	
1938	4	6	7	0	0	1026.40	
1938	4	6	13	0	0	1026.70	
1938	4	6	18	0	0	1026.40	
1938	4	7	7	0	0	1027.70	
1938	4	7	13	0	0	1028.40	
1938	4	7	18	0	0	1028.60	
1938	4	8	7	0	0	1030.30	
1938	4	8	13	0	0	1029.70	
1938	4	8	18	0	0	1028.90	
1938	4	9	7	0	0	1031.60	
1938	4	9	13	0	0	1033.30	
1938	4	9	18	0	0	1034.20	
1938	4	10	7	0	0	1038.30	
1938	4	10	13	0	0	1039.60	
1938	4	10	18	0	0	1040.20	
1938	4	11	7	0	0	1042.70	
1938	4	11	13	0	0	1042.20	
1938	4	11	18	0	0	1041.00	
1938	4	12	7	0	0	1040.70	
1938	4	12	13	0	0	1039.40	
1938	4	12	18	0	0	1037.20	
1938	4	13	7	0	0	1034.50	
1938	4	13	13	0	0	1032.60	
1938	4	13	18	0	0	1031.50	
1938	4	14	7	0	0	1029.80	
1938	4	14	13	0	0	1029.20	
1938	4	14	18	0	0	1028.90	
1938	4	15	7	0	0	1028.50	
1938	4	15	13	0	0	1027.80	
1938	4	15	18	0	0	1026.30	
1938	4	16	7	0	0	1027.70	
1938	4	16	13	0	0	1029.90	
1938	4	16	18	0	0	1031.00	
1938	4	17	7	0	0	1034.90	
1938	4	17	13	0	0	1035.40	
1938	4	17	18	0	0	1034.70	
1938	4	18	7	0	0	1036.10	
1938	4	18	13	0	0	1034.80	
1938	4	18	18	0	0	1033.10	
1938	4	19	7	0	0	1031.40	
1938	4	19	13	0	0	1030.30	
1938	4	19	18	0	0	1029.40	
1938	4	20	7	0	0	1031.50	
1938	4	20	13	0	0	1031.50	
1938	4	20	18	0	0	1031.50	
1938	4	21	7	0	0	1032.30	
1938	4	21	13	0	0	1031.50	
1938	4	21	18	0	0	1030.20	
1938	4	22	7	0	0	1027.60	
1938	4	22	13	0	0	1026.00	
1938	4	22	18	0	0	1024.80	
1938	4	23	7	0	0	1024.00	
1938	4	23	13	0	0	1023.60	
1938	4	23	18	0	0	1023.90	
1938	4	24	7	0	0	1026.10	
1938	4	24	13	0	0	1025.00	
1938	4	24	18	0	0	1025.70	
1938	4	25	7	0	0	1026.90	
1938	4	25	13	0	0	1026.50	
1938	4	25	18	0	0	1025.10	
1938	4	26	7	0	0	1024.60	
1938	4	26	13	0	0	1023.70	
1938	4	26	18	0	0	1022.30	
1938	4	27	7	0	0	1022.20	
1938	4	27	13	0	0	1022.50	
1938	4	27	18	0	0	1022.50	
1938	4	28	7	0	0	1025.00	
1938	4	28	13	0	0	1025.70	
1938	4	28	18	0	0	1025.60	
1938	4	29	13	0	0	1024.50	
1938	4	29	18	0	0	1023.60	
1938	4	30	13	0	0	1023.10	
1938	4	30	18	0	0	1021.90	
1938	5	1	7	0	0	1022.60	
1938	5	1	13	0	0	1021.60	
1938	5	1	18	0	0	1020.10	
1938	5	2	7	0	0	1021.70	
1938	5	2	13	0	0	1020.40	
1938	5	2	18	0	0	1019.80	
1938	5	3	7	0	0	1023.90	
1938	5	3	13	0	0	1023.30	
1938	5	3	18	0	0	1022.30	
1938	5	4	7	0	0	1024.20	
1938	5	4	13	0	0	1024.20	
1938	5	4	18	0	0	1022.70	
1938	5	5	7	0	0	1024.90	
1938	5	5	13	0	0	1024.60	
1938	5	5	18	0	0	1023.00	
1938	5	6	7	0	0	1022.90	
1938	5	6	13	0	0	1021.80	
1938	5	6	18	0	0	1020.40	
1938	5	7	7	0	0	1022.70	
1938	5	7	13	0	0	1024.10	
1938	5	7	18	0	0	1024.30	
1938	5	8	7	0	0	1023.90	
1938	5	8	13	0	0	1021.40	
1938	5	8	18	0	0	1019.00	
1938	5	9	7	0	0	1015.00	
1938	5	9	13	0	0	1014.80	
1938	5	9	18	0	0	1015.90	
1938	5	10	7	0	0	1019.50	
1938	5	10	13	0	0	1019.40	
1938	5	10	18	0	0	1018.60	
1938	5	11	7	0	0	1017.60	
1938	5	11	13	0	0	1015.40	
1938	5	11	18	0	0	1013.60	
1938	5	12	7	0	0	1009.80	
1938	5	12	13	0	0	1008.90	
1938	5	12	18	0	0	1007.20	
1938	5	13	7	0	0	1007.10	
1938	5	13	13	0	0	1007.00	
1938	5	13	18	0	0	1005.00	
1938	5	14	7	0	0	1001.90	
1938	5	14	13	0	0	1001.10	
1938	5	14	18	0	0	1000.20	
1938	5	15	7	0	0	1000.30	
1938	5	15	13	0	0	1001.80	
1938	5	15	18	0	0	1004.00	
1938	5	16	7	0	0	1011.20	
1938	5	16	13	0	0	1012.50	
1938	5	16	18	0	0	1013.00	
1938	5	17	7	0	0	1012.80	
1938	5	17	13	0	0	1011.90	
1938	5	17	18	0	0	1010.20	
1938	5	18	7	0	0	1009.30	
1938	5	18	13	0	0	1012.80	
1938	5	18	18	0	0	1014.40	
1938	5	19	7	0	0	1018.30	
1938	5	19	13	0	0	1018.50	
1938	5	19	18	0	0	1017.80	
1938	5	20	7	0	0	1020.30	
1938	5	20	13	0	0	1020.50	
1938	5	20	18	0	0	1020.50	
1938	5	21	7	0	0	1021.20	
1938	5	21	13	0	0	1021.70	
1938	5	21	18	0	0	1021.50	
1938	5	22	7	0	0	1027.30	
1938	5	22	13	0	0	1027.00	
1938	5	22	18	0	0	1025.00	
1938	5	23	7	0	0	1015.20	
1938	5	23	13	0	0	1017.50	
1938	5	23	18	0	0	1016.50	
1938	5	24	7	0	0	1016.20	
1938	5	24	13	0	0	1017.80	
1938	5	24	18	0	0	1017.30	
1938	5	25	7	0	0	1013.00	
1938	5	25	13	0	0	1011.40	
1938	5	25	18	0	0	1008.30	
1938	5	26	7	0	0	999.90	
1938	5	26	13	0	0	997.60	
1938	5	26	18	0	0	996.60	
1938	5	27	7	0	0	998.10	
1938	5	27	13	0	0	1000.50	
1938	5	27	18	0	0	1001.70	
1938	5	28	7	0	0	1001.70	
1938	5	28	13	0	0	1000.70	
1938	5	28	18	0	0	1000.50	
1938	5	29	7	0	0	1000.20	
1938	5	29	13	0	0	998.10	
1938	5	29	18	0	0	994.90	
1938	5	30	7	0	0	995.20	
1938	5	30	13	0	0	1001.50	
1938	5	30	18	0	0	1005.80	
1938	5	31	7	0	0	1006.50	
1938	5	31	13	0	0	1000.30	
1938	5	31	18	0	0	998.80	
1938	6	1	7	0	0	1002.30	
1938	6	1	13	0	0	1003.10	
1938	6	1	18	0	0	1002.70	
1938	6	2	7	0	0	1006.20	
1938	6	2	13	0	0	1010.40	
1938	6	2	18	0	0	1012.80	
1938	6	3	7	0	0	1014.90	
1938	6	3	13	0	0	1013.00	
1938	6	3	18	0	0	1011.50	
1938	6	4	7	0	0	1006.60	
1938	6	4	13	0	0	1004.40	
1938	6	4	18	0	0	1002.40	
1938	6	5	7	0	0	1005.80	
1938	6	5	13	0	0	1004.80	
1938	6	5	18	0	0	1004.50	
1938	6	6	7	0	0	1001.00	
1938	6	6	13	0	0	999.70	
1938	6	6	18	0	0	999.50	
1938	6	7	7	0	0	1003.80	
1938	6	7	13	0	0	1006.50	
1938	6	7	18	0	0	1008.10	
1938	6	8	7	0	0	1011.70	
1938	6	8	13	0	0	1012.30	
1938	6	8	18	0	0	1013.10	
1938	6	9	7	0	0	1016.60	
1938	6	9	13	0	0	1016.50	
1938	6	9	18	0	0	1016.00	
1938	6	10	7	0	0	1020.10	
1938	6	10	13	0	0	1021.10	
1938	6	10	18	0	0	1022.30	
1938	6	11	7	0	0	1025.50	
1938	6	11	13	0	0	1025.10	
1938	6	11	18	0	0	1021.40	
1938	6	12	7	0	0	1024.20	
1938	6	12	13	0	0	1026.00	
1938	6	12	18	0	0	1027.60	
1938	6	13	7	0	0	1029.80	
1938	6	13	13	0	0	1031.10	
1938	6	13	18	0	0	1030.60	
1938	6	14	7	0	0	1029.90	
1938	6	14	13	0	0	1029.40	
1938	6	14	18	0	0	1028.40	
1938	6	15	7	0	0	1028.00	
1938	6	15	13	0	0	1028.40	
1938	6	15	18	0	0	1028.80	
1938	6	16	7	0	0	1029.60	
1938	6	16	13	0	0	1030.30	
1938	6	16	18	0	0	1029.10	
1938	6	17	7	0	0	1026.20	
1938	6	17	13	0	0	1023.70	
1938	6	17	18	0	0	1020.20	
1938	6	18	7	0	0	1014.50	
1938	6	18	13	0	0	1011.30	
1938	6	18	18	0	0	1008.70	
1938	6	19	7	0	0	1010.70	
1938	6	19	13	0	0	1013.90	
1938	6	19	18	0	0	1016.60	
1938	6	20	7	0	0	1020.50	
1938	6	20	13	0	0	1022.10	
1938	6	20	18	0	0	1020.80	
1938	6	21	7	0	0	1016.10	
1938	6	21	13	0	0	1015.40	
1938	6	21	18	0	0	1017.20	
1938	6	22	7	0	0	1019.90	
1938	6	22	13	0	0	1018.70	
1938	6	22	18	0	0	1018.20	
1938	6	23	7	0	0	1017.50	
1938	6	23	13	0	0	1015.80	
1938	6	23	18	0	0	1014.30	
1938	6	24	7	0	0	1011.50	
1938	6	24	13	0	0	1010.90	
1938	6	24	18	0	0	1009.20	
1938	6	25	7	0	0	1002.70	
1938	6	25	13	0	0	1005.20	
1938	6	25	18	0	0	1007.40	
1938	6	26	7	0	0	1011.60	
1938	6	26	13	0	0	1011.10	
1938	6	26	18	0	0	1006.70	
1938	6	27	7	0	0	989.90	
1938	6	27	13	0	0	993.20	
1938	6	27	18	0	0	992.40	
1938	6	28	7	0	0	999.30	
1938	6	28	13	0	0	989.40	
1938	6	28	18	0	0	980.00	
1938	6	29	7	0	0	997.60	
1938	6	29	13	0	0	1002.10	
1938	6	29	18	0	0	1002.10	
1938	6	30	7	0	0	1002.20	
1938	6	30	13	0	0	1003.00	
1938	6	30	18	0	0	1003.20	
1938	7	1	7	0	0	1007.40	
1938	7	1	13	0	0	1008.70	
1938	7	1	18	0	0	1009.60	
1938	7	2	7	0	0	1013.30	
1938	7	2	13	0	0	1015.40	
1938	7	2	18	0	0	1015.90	
1938	7	3	7	0	0	1013.20	
1938	7	3	13	0	0	1012.50	
1938	7	3	18	0	0	1011.10	
1938	7	4	7	0	0	1005.20	
1938	7	4	13	0	0	1001.80	
1938	7	4	18	0	0	999.40	
1938	7	5	7	0	0	1001.20	
1938	7	5	13	0	0	1003.00	
1938	7	5	18	0	0	1004.40	
1938	7	6	7	0	0	1008.50	
1938	7	6	13	0	0	1010.50	
1938	7	6	18	0	0	1011.00	
1938	7	7	7	0	0	1009.90	
1938	7	7	13	0	0	1007.70	
1938	7	7	18	0	0	1004.30	
1938	7	8	7	0	0	998.40	
1938	7	8	13	0	0	1000.40	
1938	7	8	18	0	0	1003.30	
1938	7	9	7	0	0	1013.60	
1938	7	9	13	0	0	1016.20	
1938	7	9	18	0	0	1017.10	
1938	7	10	7	0	0	1012.90	
1938	7	10	13	0	0	1011.00	
1938	7	10	18	0	0	1009.70	
1938	7	11	7	0	0	1002.90	
1938	7	11	13	0	0	1004.10	
1938	7	11	18	0	0	1005.30	
1938	7	12	7	0	0	1006.60	
1938	7	12	13	0	0	1008.80	
1938	7	12	18	0	0	1010.10	
1938	7	13	7	0	0	1010.60	
1938	7	13	13	0	0	1010.70	
1938	7	13	18	0	0	1009.60	
1938	7	14	7	0	0	1009.20	
1938	7	14	13	0	0	1010.30	
1938	7	14	18	0	0	1011.30	
1938	7	15	7	0	0	1016.80	
1938	7	15	13	0	0	1017.90	
1938	7	15	18	0	0	1019.40	
1938	7	16	7	0	0	1021.20	
1938	7	16	13	0	0	1021.80	
1938	7	16	18	0	0	1021.50	
1938	7	17	7	0	0	1020.60	
1938	7	17	13	0	0	1019.20	
1938	7	17	18	0	0	1018.80	
1938	7	18	7	0	0	1022.20	
1938	7	18	13	0	0	1022.30	
1938	7	18	18	0	0	1021.20	
1938	7	19	7	0	0	1019.70	
1938	7	19	13	0	0	1018.40	
1938	7	19	18	0	0	1016.40	
1938	7	20	7	0	0	1016.80	
1938	7	20	13	0	0	1017.30	
1938	7	20	18	0	0	1018.50	
1938	7	21	7	0	0	1019.70	
1938	7	21	13	0	0	1018.10	
1938	7	21	18	0	0	1016.90	
1938	7	22	7	0	0	1015.10	
1938	7	22	13	0	0	1014.60	
1938	7	22	18	0	0	1014.50	
1938	7	23	7	0	0	1016.90	
1938	7	23	13	0	0	1016.60	
1938	7	23	18	0	0	1015.60	
1938	7	24	7	0	0	1011.10	
1938	7	24	13	0	0	1008.60	
1938	7	24	18	0	0	1007.30	
1938	7	25	7	0	0	1008.50	
1938	7	25	13	0	0	1008.90	
1938	7	25	18	0	0	1007.60	
1938	7	26	7	0	0	1006.10	
1938	7	26	13	0	0	1006.40	
1938	7	26	18	0	0	1007.50	
1938	7	27	7	0	0	1009.40	
1938	7	27	13	0	0	1008.10	
1938	7	27	18	0	0	1003.40	
1938	7	28	7	0	0	1006.50	
1938	7	28	13	0	0	1009.30	
1938	7	28	18	0	0	1009.50	
1938	7	29	7	0	0	1006.40	
1938	7	29	13	0	0	1004.20	
1938	7	29	18	0	0	1000.20	
1938	7	30	7	0	0	1000.70	
1938	7	30	13	0	0	1002.90	
1938	7	30	18	0	0	1004.40	
1938	7	31	7	0	0	1012.30	
1938	7	31	13	0	0	1017.00	
1938	7	31	18	0	0	1020.00	
1938	8	1	7	0	0	1027.70	
1938	8	1	13	0	0	1027.50	
1938	8	1	18	0	0	1027.00	
1938	8	2	7	0	0	1027.00	
1938	8	2	13	0	0	1026.50	
1938	8	2	18	0	0	1025.00	
1938	8	3	7	0	0	1025.00	
1938	8	3	13	0	0	1024.20	
1938	8	3	18	0	0	1022.40	
1938	8	4	7	0	0	1021.00	
1938	8	4	13	0	0	1020.30	
1938	8	4	18	0	0	1018.50	
1938	8	5	7	0	0	1018.00	
1938	8	5	13	0	0	1016.70	
1938	8	5	18	0	0	1014.40	
1938	8	6	7	0	0	1015.20	
1938	8	6	13	0	0	1015.80	
1938	8	6	18	0	0	1015.50	
1938	8	7	7	0	0	1016.80	
1938	8	7	13	0	0	1016.60	
1938	8	7	18	0	0	1015.10	
1938	8	8	7	0	0	1012.70	
1938	8	8	13	0	0	1012.50	
1938	8	8	18	0	0	1011.80	
1938	8	9	7	0	0	1013.70	
1938	8	9	13	0	0	1014.40	
1938	8	9	18	0	0	1014.50	
1938	8	10	7	0	0	1016.60	
1938	8	10	13	0	0	1016.90	
1938	8	10	18	0	0	1016.10	
1938	8	11	7	0	0	1015.70	
1938	8	11	13	0	0	1015.50	
1938	8	11	18	0	0	1014.60	
1938	8	12	7	0	0	1016.30	
1938	8	12	13	0	0	1016.60	
1938	8	12	18	0	0	1017.50	
1938	8	13	7	0	0	1016.30	
1938	8	13	13	0	0	1015.30	
1938	8	13	18	0	0	1015.10	
1938	8	14	7	0	0	1016.50	
1938	8	14	13	0	0	1015.90	
1938	8	14	18	0	0	1015.30	
1938	8	15	7	0	0	1013.70	
1938	8	15	13	0	0	1010.40	
1938	8	15	18	0	0	1006.00	
1938	8	16	7	0	0	1000.70	
1938	8	16	13	0	0	998.80	
1938	8	16	18	0	0	996.10	
1938	8	17	7	0	0	1007.80	
1938	8	17	13	0	0	1011.00	
1938	8	17	18	0	0	1011.80	
1938	8	18	7	0	0	1006.80	
1938	8	18	13	0	0	1004.60	
1938	8	18	18	0	0	997.80	
1938	8	19	7	0	0	994.00	
1938	8	19	13	0	0	992.30	
1938	8	19	18	0	0	991.50	
1938	8	20	7	0	0	996.20	
1938	8	20	13	0	0	1000.40	
1938	8	20	18	0	0	1004.60	
1938	8	21	7	0	0	1011.50	
1938	8	21	13	0	0	1012.90	
1938	8	21	18	0	0	1013.50	
1938	8	22	7	0	0	1014.90	
1938	8	22	13	0	0	1014.60	
1938	8	22	18	0	0	1015.40	
1938	8	23	7	0	0	1015.00	
1938	8	23	13	0	0	1014.50	
1938	8	23	18	0	0	1012.80	
1938	8	24	7	0	0	1013.50	
1938	8	24	13	0	0	1014.70	
1938	8	24	18	0	0	1016.20	
1938	8	25	7	0	0	1021.20	
1938	8	25	13	0	0	1022.40	
1938	8	25	18	0	0	1022.90	
1938	8	26	7	0	0	1024.00	
1938	8	26	13	0	0	1023.40	
1938	8	26	18	0	0	1022.10	
1938	8	27	7	0	0	1017.60	
1938	8	27	13	0	0	1015.50	
1938	8	27	18	0	0	1015.90	
1938	8	28	7	0	0	1016.90	
1938	8	28	13	0	0	1016.60	
1938	8	29	7	0	0	1016.50	
1938	8	29	13	0	0	1016.00	
1938	8	29	18	0	0	1016.00	
1938	8	30	7	0	0	1015.70	
1938	8	30	13	0	0	1016.10	
1938	8	30	18	0	0	1016.80	
1938	8	31	7	0	0	1017.50	
1938	8	31	13	0	0	1017.20	
1938	8	31	18	0	0	1017.00	
1938	9	1	7	0	0	1017.80	
1938	9	1	13	0	0	1018.40	
1938	9	1	18	0	0	1019.70	
1938	9	2	7	0	0	1021.60	
1938	9	2	13	0	0	1021.50	
1938	9	2	18	0	0	1021.50	
1938	9	3	7	0	0	1021.30	
1938	9	3	13	0	0	1020.40	
1938	9	3	18	0	0	1020.30	
1938	9	4	7	0	0	1024.10	
1938	9	4	13	0	0	1025.50	
1938	9	4	18	0	0	1026.00	
1938	9	5	7	0	0	1024.30	
1938	9	5	13	0	0	1022.00	
1938	9	5	18	0	0	1018.50	
1938	9	6	7	0	0	1013.10	
1938	9	6	13	0	0	1011.90	
1938	9	6	18	0	0	1010.10	
1938	9	7	7	0	0	1009.20	
1938	9	7	13	0	0	1013.80	
1938	9	7	18	0	0	1018.50	
1938	9	8	7	0	0	1026.20	
1938	9	8	13	0	0	1026.90	
1938	9	8	18	0	0	1027.10	
1938	9	9	7	0	0	1028.40	
1938	9	9	13	0	0	1028.10	
1938	9	9	18	0	0	1028.00	
1938	9	10	7	0	0	1028.70	
1938	9	10	13	0	0	1027.00	
1938	9	10	18	0	0	1025.70	
1938	9	11	7	0	0	1024.20	
1938	9	11	13	0	0	1023.20	
1938	9	11	18	0	0	1023.20	
1938	9	12	7	0	0	1023.30	
1938	9	12	13	0	0	1023.80	
1938	9	12	18	0	0	1022.50	
1938	9	13	7	0	0	1020.00	
1938	9	13	13	0	0	1017.90	
1938	9	13	18	0	0	1014.90	
1938	9	14	7	0	0	1015.80	
1938	9	14	13	0	0	1018.40	
1938	9	14	18	0	0	1019.30	
1938	9	15	7	0	0	1023.00	
1938	9	15	13	0	0	1023.40	
1938	9	15	18	0	0	1022.10	
1938	9	16	7	0	0	1014.90	
1938	9	16	13	0	0	1011.70	
1938	9	16	18	0	0	1008.70	
1938	9	17	7	0	0	1002.30	
1938	9	17	13	0	0	1000.40	
1938	9	17	18	0	0	1000.90	
1938	9	18	7	0	0	1004.90	
1938	9	18	13	0	0	1006.90	
1938	9	18	18	0	0	1007.80	
1938	9	19	7	0	0	1006.80	
1938	9	19	13	0	0	1004.30	
1938	9	19	18	0	0	1001.10	
1938	9	20	7	0	0	998.20	
1938	9	20	13	0	0	999.90	
1938	9	20	18	0	0	1000.50	
1938	9	21	7	0	0	999.70	
1938	9	21	13	0	0	999.50	
1938	9	21	18	0	0	999.80	
1938	9	22	7	0	0	1002.50	
1938	9	22	13	0	0	1004.50	
1938	9	22	18	0	0	1003.40	
1938	9	23	7	0	0	1001.20	
1938	9	23	13	0	0	1003.70	
1938	9	23	18	0	0	1004.90	
1938	9	24	7	0	0	1008.40	
1938	9	24	13	0	0	1009.00	
1938	9	24	18	0	0	1009.20	
1938	9	25	7	0	0	1009.50	
1938	9	25	13	0	0	1010.40	
1938	9	25	18	0	0	1010.80	
1938	9	26	7	0	0	1010.20	
1938	9	26	13	0	0	1011.50	
1938	9	26	18	0	0	1012.80	
1938	9	27	7	0	0	1016.90	
1938	9	27	13	0	0	1016.60	
1938	9	27	18	0	0	1015.80	
1938	9	28	7	0	0	1011.60	
1938	9	28	13	0	0	1008.40	
1938	9	28	18	0	0	1006.30	
1938	9	29	7	0	0	1003.90	
1938	9	29	13	0	0	1006.70	
1938	9	29	18	0	0	1007.30	
1938	9	30	7	0	0	1008.40	
1938	9	30	13	0	0	1008.10	
1938	9	30	18	0	0	1007.40	
1938	10	1	7	0	0	1013.10	
1938	10	1	13	0	0	1014.30	
1938	10	1	18	0	0	1012.40	
1938	10	2	7	0	0	995.40	
1938	10	2	13	0	0	986.80	
1938	10	2	18	0	0	990.20	
1938	10	3	7	0	0	996.70	
1938	10	3	18	0	0	996.80	qc_reject
1938	10	4	7	0	0	976.00	
1938	10	4	13	0	0	987.20	
1938	10	4	18	0	0	990.60	
1938	10	5	7	0	0	987.30	
1938	10	5	13	0	0	990.10	
1938	10	5	18	0	0	992.70	
1938	10	6	7	0	0	1001.30	
1938	10	6	13	0	0	1004.30	
1938	10	6	18	0	0	1003.00	
1938	10	7	7	0	0	991.40	
1938	10	7	13	0	0	992.50	
1938	10	7	18	0	0	993.10	
1938	10	8	7	0	0	1005.50	
1938	10	8	13	0	0	1006.40	
1938	10	8	18	0	0	998.30	
1938	10	9	7	0	0	991.20	
1938	10	9	13	0	0	993.20	
1938	10	9	18	0	0	997.70	
1938	10	10	13	0	0	1003.10	
1938	10	10	18	0	0	1006.00	
1938	10	11	7	0	0	1009.30	
1938	10	11	13	0	0	1012.30	
1938	10	11	18	0	0	1015.00	
1938	10	12	7	0	0	1008.10	
1938	10	12	13	0	0	1007.80	
1938	10	12	18	0	0	1007.60	
1938	10	13	7	0	0	1000.80	
1938	10	14	13	0	0	1015.00	
1938	10	14	18	0	0	1016.80	
1938	10	15	7	0	0	1015.70	
1938	10	15	13	0	0	1012.30	
1938	10	15	18	0	0	1008.20	
1938	10	16	7	0	0	1004.80	
1938	10	16	13	0	0	1003.50	
1938	10	16	18	0	0	1003.50	
1938	10	17	7	0	0	1001.80	
1938	10	17	13	0	0	1004.20	
1938	10	17	18	0	0	1004.40	
1938	10	18	7	0	0	1003.80	
1938	10	18	13	0	0	1004.40	
1938	10	18	18	0	0	1001.90	
1938	10	19	7	0	0	1023.40	qc_reject
1938	10	19	13	0	0	1018.50	
1938	10	19	18	0	0	1019.90	
1938	10	20	7	0	0	1019.90	
1938	10	20	13	0	0	1020.10	
1938	10	20	18	0	0	1018.30	
1938	10	21	7	0	0	1014.70	
1938	10	21	13	0	0	1013.80	
1938	10	21	18	0	0	1013.50	
1938	10	22	7	0	0	1008.20	
1938	10	22	13	0	0	1007.60	
1938	10	22	18	0	0	1008.70	
1938	10	23	7	0	0	1013.60	
1938	10	23	13	0	0	1014.70	
1938	10	23	18	0	0	1015.60	
1938	10	24	7	0	0	1015.00	
1938	10	24	13	0	0	1015.00	
1938	10	24	18	0	0	1014.70	
1938	10	25	7	0	0	1015.00	
1938	10	25	13	0	0	1015.90	
1938	10	25	18	0	0	1016.70	
1938	10	26	7	0	0	1012.20	
1938	10	26	13	0	0	1009.20	
1938	10	26	18	0	0	1009.00	
1938	10	27	7	0	0	1013.90	
1938	10	27	13	0	0	1016.30	
1938	10	27	18	0	0	1018.60	
1938	10	28	7	0	0	1016.10	
1938	10	28	13	0	0	1015.00	
1938	10	28	18	0	0	1017.10	
1938	10	29	7	0	0	1015.10	
1938	10	29	13	0	0	1009.70	
1938	10	29	18	0	0	1003.20	
1938	10	30	7	0	0	1006.30	
1938	10	30	13	0	0	1008.10	
1938	10	30	18	0	0	1008.50	
1938	10	31	7	0	0	1009.20	
1938	10	31	13	0	0	1007.50	
1938	10	31	18	0	0	1001.70	
1938	11	1	7	0	0	995.40	
1938	11	1	13	0	0	995.60	
1938	11	1	18	0	0	996.40	
1938	11	2	7	0	0	999.10	
1938	11	2	13	0	0	1000.60	
1938	11	2	18	0	0	1002.30	
1938	11	3	7	0	0	1007.00	
1938	11	3	13	0	0	1008.20	
1938	11	3	18	0	0	1005.90	
1938	11	4	7	0	0	1002.90	
1938	11	4	13	0	0	1007.80	
1938	11	4	18	0	0	1011.30	
1938	11	5	7	0	0	1015.10	
1938	11	5	13	0	0	1017.50	
1938	11	5	18	0	0	1018.20	
1938	11	6	7	0	0	1016.30	
1938	11	6	13	0	0	1015.80	
1938	11	6	18	0	0	1014.40	
1938	11	7	7	0	0	1009.70	
1938	11	7	13	0	0	1008.40	
1938	11	7	18	0	0	1007.60	
1938	11	8	7	0	0	1008.50	
1938	11	8	13	0	0	1010.60	
1938	11	8	18	0	0	1009.70	
1938	11	9	7	0	0	1008.70	
1938	11	9	13	0	0	1007.90	
1938	11	9	18	0	0	1007.70	
1938	11	10	7	0	0	1007.50	
1938	11	10	13	0	0	1006.70	
1938	11	10	18	0	0	1005.70	
1938	11	11	7	0	0	999.60	
1938	11	11	13	0	0	996.50	
1938	11	11	18	0	0	994.70	
1938	11	12	7	0	0	994.90	
1938	11	12	13	0	0	992.10	
1938	11	12	18	0	0	993.20	
1938	11	13	7	0	0	994.50	
1938	11	13	13	0	0	998.40	
1938	11	13	18	0	0	996.70	
1938	11	14	7	0	0	1013.70	
1938	11	14	13	0	0	1019.80	
1938	11	14	18	0	0	1021.70	
1938	11	15	7	0	0	1025.90	
1938	11	15	13	0	0	1025.70	
1938	11	15	18	0	0	1024.50	
1938	11	16	7	0	0	1019.30	
1938	11	16	13	0	0	1018.30	
1938	11	16	18	0	0	1017.60	
1938	11	17	7	0	0	1015.00	
1938	11	17	13	0	0	1017.40	
1938	11	17	18	0	0	1018.70	
1938	11	18	7	0	0	1016.90	
1938	11	18	13	0	0	1003.50	
1938	11	18	18	0	0	995.20	
1938	11	19	7	0	0	1001.80	
1938	11	19	13	0	0	1002.70	
1938	11	19	18	0	0	1003.40	
1938	11	20	7	0	0	999.80	
1938	11	20	13	0	0	995.60	
1938	11	20	18	0	0	993.00	
1938	11	21	7	0	0	988.80	
1938	11	21	13	0	0	986.90	
1938	11	21	18	0	0	986.20	
1938	11	22	7	0	0	990.30	
1938	11	22	13	0	0	992.00	
1938	11	22	18	0	0	991.10	
1938	11	23	7	0	0	961.60	
1938	11	23	13	0	0	971.90	
1938	11	23	18	0	0	983.30	
1938	11	24	7	0	0	995.50	
1938	11	24	13	0	0	1000.30	
1938	11	24	18	0	0	1002.60	
1938	11	25	7	0	0	993.00	
1938	11	25	13	0	0	994.30	
1938	11	25	18	0	0	992.60	
1938	11	26	7	0	0	993.40	
1938	11	26	13	0	0	998.90	
1938	11	26	18	0	0	1003.10	
1938	11	27	7	0	0	1005.70	
1938	11	27	13	0	0	995.00	
1938	11	27	18	0	0	992.70	
1938	11	28	7	0	0	994.30	
1938	11	28	13	0	0	992.90	
1938	11	28	18	0	0	990.80	
1938	11	29	7	0	0	1000.10	
1938	11	29	13	0	0	1002.40	
1938	11	29	18	0	0	1001.10	
1938	11	30	7	0	0	985.60	
1938	11	30	13	0	0	986.20	
1938	11	30	18	0	0	986.70	
1938	12	1	7	0	0	979.50	
1938	12	1	13	0	0	979.20	
1938	12	1	18	0	0	983.70	
1938	12	2	7	0	0	996.20	
1938	12	2	13	0	0	998.30	
1938	12	2	18	0	0	999.40	
1938	12	3	7	0	0	1009.30	
1938	12	3	13	0	0	1013.50	
1938	12	3	18	0	0	1015.10	
1938	12	4	7	0	0	1007.20	
1938	12	4	13	0	0	1001.50	
1938	12	4	18	0	0	1002.20	
1938	12	5	7	0	0	1002.10	
1938	12	5	13	0	0	1003.90	
1938	12	5	18	0	0	1004.30	
1938	12	6	7	0	0	1005.80	
1938	12	6	13	0	0	1004.20	
1938	12	6	18	0	0	1002.20	
1938	12	7	7	0	0	996.70	
1938	12	7	13	0	0	995.00	
1938	12	7	18	0	0	994.60	
1938	12	8	7	0	0	991.60	
1938	12	8	13	0	0	991.90	
1938	12	8	18	0	0	993.50	
1938	12	9	7	0	0	991.00	
1938	12	9	13	0	0	981.80	
1938	12	9	18	0	0	977.70	
1938	12	10	7	0	0	982.90	
1938	12	10	13	0	0	985.70	
1938	12	10	18	0	0	987.00	
1938	12	11	7	0	0	988.00	
1938	12	11	13	0	0	989.20	
1938	12	11	18	0	0	990.50	
1938	12	12	7	0	0	986.40	
1938	12	12	13	0	0	992.60	
1938	12	12	18	0	0	1000.30	
1938	12	13	7	0	0	999.80	
1938	12	13	13	0	0	997.40	
1938	12	13	18	0	0	997.10	
1938	12	14	7	0	0	1002.20	
1938	12	14	13	0	0	1006.60	
1938	12	14	18	0	0	1010.50	
1938	12	15	7	0	0	1003.90	
1938	12	15	13	0	0	998.40	
1938	12	15	18	0	0	996.30	
1938	12	16	7	0	0	1002.30	
1938	12	16	13	0	0	1009.30	
1938	12	16	18	0	0	1016.10	
1938	12	17	7	0	0	1023.00	
1938	12	17	13	0	0	1020.80	
1938	12	17	18	0	0	1018.90	
1938	12	18	7	0	0	1018.60	
1938	12	18	13	0	0	1020.90	
1938	12	18	18	0	0	1023.20	
1938	12	19	7	0	0	1025.00	
1938	12	19	13	0	0	1025.10	
1938	12	19	18	0	0	1024.60	
1938	12	20	7	0	0	1021.20	
1938	12	20	13	0	0	1019.40	
1938	12	20	18	0	0	1018.70	
1938	12	21	7	0	0	1018.90	
1938	12	21	13	0	0	1018.40	
1938	12	21	18	0	0	1019.30	
1938	12	22	7	0	0	1020.70	
1938	12	22	13	0	0	1020.80	
1938	12	22	18	0	0	1021.80	
1938	12	23	7	0	0	1021.30	
1938	12	23	13	0	0	1022.20	
1938	12	23	18	0	0	1023.70	
1938	12	24	7	0	0	1028.60	
1938	12	24	13	0	0	1029.90	
1938	12	24	18	0	0	1031.40	
1938	12	25	7	0	0	1030.80	
1938	12	25	13	0	0	1030.40	
1938	12	25	18	0	0	1029.20	
1938	12	26	7	0	0	1024.00	
1938	12	26	13	0	0	1021.50	
1938	12	26	18	0	0	1020.30	
1938	12	27	7	0	0	1020.80	
1938	12	27	13	0	0	1020.90	
1938	12	27	18	0	0	1020.90	
1938	12	28	7	0	0	1022.10	
1938	12	28	13	0	0	1020.30	
1938	12	28	18	0	0	1018.60	
1938	12	29	7	0	0	1009.80	
1938	12	29	13	0	0	1007.10	
1938	12	29	18	0	0	1006.00	
1938	12	30	7	0	0	1001.80	
1938	12	30	13	0	0	1003.00	
1938	12	30	18	0	0	1002.70	
1938	12	31	7	0	0	1002.50	
1938	12	31	13	0	0	1003.10	
1938	12	31	18	0	0	1000.90	
1939	1	1	7	0	0	986.00	
1939	1	1	13	0	0	986.00	
1939	1	1	18	0	0	989.70	
1939	1	2	7	0	0	1001.30	
1939	1	2	13	0	0	1003.20	
1939	1	2	18	0	0	1005.60	
1939	1	3	7	0	0	1009.10	
1939	1	3	13	0	0	1010.30	
1939	1	3	18	0	0	1008.30	
1939	1	4	7	0	0	1001.80	
1939	1	4	13	0	0	1003.50	
1939	1	4	18	0	0	1006.40	
1939	1	5	7	0	0	1011.90	
1939	1	5	13	0	0	1013.00	
1939	1	5	18	0	0	1014.30	
1939	1	6	7	0	0	1016.40	
1939	1	6	13	0	0	1015.10	
1939	1	6	18	0	0	1011.60	
1939	1	7	7	0	0	1004.10	
1939	1	7	13	0	0	1002.80	
1939	1	7	18	0	0	1000.40	
1939	1	8	7	0	0	1002.50	
1939	1	8	13	0	0	1002.20	
1939	1	8	18	0	0	1001.60	
1939	1	9	7	0	0	997.60	
1939	1	9	13	0	0	997.10	
1939	1	9	18	0	0	999.20	
1939	1	10	7	0	0	1010.30	
1939	1	10	13	0	0	1009.90	
1939	1	10	18	0	0	1008.40	
1939	1	11	7	0	0	1000.10	
1939	1	11	13	0	0	998.00	
1939	1	11	18	0	0	997.70	
1939	1	12	7	0	0	994.50	
1939	1	12	13	0	0	993.70	
1939	1	12	18	0	0	993.80	
1939	1	13	7	0	0	997.10	
1939	1	13	13	0	0	999.00	
1939	1	13	18	0	0	1000.80	
1939	1	14	7	0	0	998.60	
1939	1	14	13	0	0	993.90	
1939	1	14	18	0	0	987.60	
1939	1	15	7	0	0	970.30	
1939	1	15	13	0	0	974.80	
1939	1	15	18	0	0	968.00	
1939	1	16	7	0	0	966.60	
1939	1	16	13	0	0	969.90	
1939	1	16	18	0	0	971.10	
1939	1	17	7	0	0	977.00	
1939	1	17	13	0	0	981.40	
1939	1	17	18	0	0	981.10	
1939	1	18	7	0	0	985.10	
1939	1	18	13	0	0	990.20	
1939	1	18	18	0	0	994.80	
1939	1	19	7	0	0	1004.00	
1939	1	19	13	0	0	1004.40	
1939	1	19	18	0	0	1000.30	
1939	1	20	7	0	0	993.30	
1939	1	20	13	0	0	992.10	
1939	1	20	18	0	0	992.20	
1939	1	21	7	0	0	986.90	
1939	1	21	13	0	0	991.30	
1939	1	21	18	0	0	998.80	
1939	1	22	7	0	0	1000.60	
1939	1	22	13	0	0	987.00	
1939	1	22	18	0	0	979.50	
1939	1	23	7	0	0	996.80	
1939	1	23	13	0	0	1008.10	
1939	1	23	18	0	0	1014.80	
1939	1	24	7	0	0	1020.90	
1939	1	24	13	0	0	1019.20	
1939	1	24	18	0	0	1015.40	
1939	1	25	7	0	0	1001.40	
1939	1	25	13	0	0	997.70	
1939	1	25	18	0	0	999.10	
1939	1	26	7	0	0	1007.50	
1939	1	26	13	0	0	1009.10	
1939	1	26	18	0	0	1010.20	
1939	1	27	7	0	0	1014.50	
1939	1	27	13	0	0	1016.50	
1939	1	27	18	0	0	1016.90	
1939	1	28	7	0	0	1017.30	
1939	1	28	13	0	0	1018.80	
1939	1	28	18	0	0	1019.40	
1939	1	29	7	0	0	1021.90	
1939	1	29	13	0	0	1022.30	
1939	1	29	18	0	0	1021.80	
1939	1	30	7	0	0	1021.20	
1939	1	30	13	0	0	1021.30	
1939	1	30	18	0	0	1020.20	
1939	1	31	7	0	0	1019.50	
1939	1	31	13	0	0	1019.60	
1939	1	31	18	0	0	1016.90	
1939	2	1	7	0	0	1016.40	
1939	2	1	13	0	0	1018.10	
1939	2	1	18	0	0	1017.70	
1939	2	2	7	0	0	1018.50	
1939	2	2	13	0	0	1018.80	
1939	2	2	18	0	0	1019.10	
1939	2	3	7	0	0	1019.50	
1939	2	3	13	0	0	1019.70	
1939	2	3	18	0	0	1018.70	
1939	2	4	7	0	0	1018.30	
1939	2	4	13	0	0	1019.00	
1939	2	4	18	0	0	1018.50	
1939	2	5	7	0	0	1015.10	
1939	2	5	13	0	0	1014.30	
1939	2	5	18	0	0	1014.20	
1939	2	6	7	0	0	1014.00	
1939	2	6	13	0	0	1013.80	
1939	2	6	18	0	0	1010.70	
1939	2	7	7	0	0	1008.00	
1939	2	7	13	0	0	1009.40	
1939	2	7	18	0	0	1012.70	
1939	2	8	7	0	0	1015.80	
1939	2	8	13	0	0	1012.30	
1939	2	8	18	0	0	1008.30	
1939	2	9	7	0	0	1008.90	
1939	2	9	13	0	0	1011.70	
1939	2	9	18	0	0	1009.40	
1939	2	10	7	0	0	1018.10	
1939	2	10	13	0	0	1021.60	
1939	2	10	18	0	0	1022.50	
1939	2	11	7	0	0	1022.90	
1939	2	11	13	0	0	1018.10	
1939	2	11	18	0	0	1015.70	
1939	2	12	7	0	0	1011.10	
1939	2	12	13	0	0	1013.70	
1939	2	12	18	0	0	1014.70	
1939	2	13	7	0	0	1019.40	
1939	2	13	13	0	0	1025.20	
1939	2	13	18	0	0	1029.30	
1939	2	14	7	0	0	1032.80	
1939	2	14	13	0	0	1031.30	
1939	2	14	18	0	0	1030.30	
1939	2	15	7	0	0	1025.20	
1939	2	15	13	0	0	1021.40	
1939	2	15	18	0	0	1018.70	
1939	2	16	7	0	0	1020.10	
1939	2	16	13	0	0	1020.60	
1939	2	16	18	0	0	1019.90	
1939	2	17	7	0	0	1008.90	
1939	2	17	13	0	0	1003.40	
1939	2	17	18	0	0	1007.60	
1939	2	18	7	0	0	1015.40	
1939	2	18	13	0	0	1015.80	
1939	2	18	18	0	0	1014.60	
1939	2	19	7	0	0	1017.20	
1939	2	19	13	0	0	1020.20	
1939	2	19	18	0	0	1021.20	
1939	2	20	7	0	0	1024.20	
1939	2	20	13	0	0	1021.90	
1939	2	20	18	0	0	1017.80	
1939	2	21	7	0	0	1005.60	
1939	2	21	13	0	0	1000.20	
1939	2	21	18	0	0	997.70	
1939	2	22	7	0	0	996.30	
1939	2	22	13	0	0	991.20	
1939	2	22	18	0	0	985.80	
1939	2	23	7	0	0	979.70	
1939	2	23	13	0	0	982.50	
1939	2	23	18	0	0	986.40	
1939	2	24	7	0	0	1000.20	
1939	2	24	13	0	0	1005.50	
1939	2	24	18	0	0	1006.10	
1939	2	25	7	0	0	999.50	
1939	2	25	13	0	0	999.80	
1939	2	25	18	0	0	999.70	
1939	2	26	7	0	0	1001.30	
1939	2	26	13	0	0	1002.60	
1939	2	26	18	0	0	1004.10	
1939	2	27	7	0	0	1005.10	
1939	2	27	13	0	0	998.00	
1939	2	27	18	0	0	997.10	
1939	2	28	7	0	0	987.70	
1939	2	28	13	0	0	981.90	
1939	2	28	18	0	0	983.10	
1939	3	1	7	0	0	998.60	
1939	3	1	13	0	0	998.70	
1939	3	1	18	0	0	994.40	
1939	3	2	7	0	0	994.00	
1939	3	2	13	0	0	995.20	
1939	3	2	18	0	0	995.50	
1939	3	3	7	0	0	1003.30	
1939	3	3	13	0	0	1004.70	
1939	3	3	18	0	0	1001.50	
1939	3	4	7	0	0	995.50	
1939	3	4	13	0	0	999.20	
1939	3	4	18	0	0	998.90	
1939	3	5	7	0	0	996.30	
1939	3	5	13	0	0	1001.30	
1939	3	5	18	0	0	1004.70	
1939	3	6	7	0	0	1010.10	
1939	3	6	13	0	0	1012.40	
1939	3	6	18	0	0	1014.00	
1939	3	7	7	0	0	1017.90	
1939	3	7	13	0	0	1019.10	
1939	3	7	18	0	0	1018.90	
1939	3	8	7	0	0	1013.20	
1939	3	8	13	0	0	1014.30	
1939	3	8	18	0	0	1016.50	
1939	3	9	7	0	0	1019.50	
1939	3	9	13	0	0	1021.90	
1939	3	9	18	0	0	1023.60	
1939	3	10	7	0	0	1027.60	
1939	3	10	13	0	0	1028.40	
1939	3	10	18	0	0	1026.70	
1939	3	11	7	0	0	1021.50	
1939	3	11	13	0	0	1022.30	
1939	3	11	18	0	0	1027.10	
1939	3	12	7	0	0	1037.20	
1939	3	12	13	0	0	1038.30	
1939	3	12	18	0	0	1038.10	
1939	3	13	7	0	0	1037.90	
1939	3	13	13	0	0	1037.80	
1939	3	13	18	0	0	1037.20	
1939	3	14	7	0	0	1035.80	
1939	3	14	13	0	0	1035.10	
1939	3	14	18	0	0	1034.60	
1939	3	15	7	0	0	1035.30	
1939	3	15	13	0	0	1035.10	
1939	3	15	18	0	0	1033.70	
1939	3	16	7	0	0	1027.40	
1939	3	16	13	0	0	1024.70	
1939	3	16	18	0	0	1024.10	
1939	3	17	7	0	0	1024.70	
1939	3	17	13	0	0	1026.60	
1939	3	17	18	0	0	1028.00	
1939	3	18	7	0	0	1029.50	
1939	3	18	13	0	0	1026.70	
1939	3	18	18	0	0	1024.30	
1939	3	19	7	0	0	1026.40	
1939	3	19	13	0	0	1026.30	
1939	3	19	18	0	0	1025.30	
1939	3	20	7	0	0	1020.00	
1939	3	20	13	0	0	1018.20	
1939	3	20	18	0	0	1019.50	
1939	3	21	7	0	0	1017.00	
1939	3	21	13	0	0	1014.20	
1939	3	21	18	0	0	1008.80	
1939	3	22	7	0	0	999.20	
1939	3	22	13	0	0	996.10	
1939	3	22	18	0	0	994.20	
1939	3	23	7	0	0	999.30	
1939	3	23	18	0	0	999.70	
1939	3	24	7	0	0	1001.70	
1939	3	24	13	0	0	1002.40	
1939	3	24	18	0	0	1002.60	
1939	3	25	7	0	0	1010.80	
1939	3	25	13	0	0	1017.10	
1939	3	25	18	0	0	1021.70	
1939	3	26	7	0	0	1030.30	
1939	3	26	13	0	0	1030.50	
1939	3	26	18	0	0	1028.60	
1939	3	27	7	0	0	1023.60	
1939	3	27	13	0	0	1022.10	
1939	3	27	18	0	0	1019.50	
1939	3	28	7	0	0	1013.20	
1939	3	28	13	0	0	1012.30	
1939	3	28	18	0	0	1012.10	
1939	3	29	7	0	0	1008.70	
1939	3	29	13	0	0	1007.20	
1939	3	29	18	0	0	1006.70	
1939	3	30	7	0	0	1012.20	
1939	3	30	13	0	0	1013.90	
1939	3	30	18	0	0	1013.70	
1939	3	31	7	0	0	1014.90	
1939	3	31	13	0	0	1013.10	
1939	3	31	18	0	0	1011.90	
1939	4	1	7	0	0	1011.40	
1939	4	2	13	0	0	1002.10	
1939	4	2	18	0	0	999.40	
1939	4	3	7	0	0	994.80	
1939	4	3	13	0	0	991.80	
1939	4	3	18	0	0	989.40	
1939	4	4	7	0	0	986.40	
1939	4	4	13	0	0	987.70	
1939	4	4	18	0	0	989.20	
1939	4	5	7	0	0	996.40	
1939	4	5	13	0	0	998.40	
1939	4	5	18	0	0	1000.70	
1939	4	6	7	0	0	1009.60	
1939	4	6	13	0	0	1012.60	
1939	4	6	18	0	0	1014.70	
1939	4	7	7	0	0	1018.00	
1939	4	7	13	0	0	1016.80	
1939	4	7	18	0	0	1015.20	
1939	4	8	7	0	0	1010.50	
1939	4	8	13	0	0	1008.00	
1939	4	8	18	0	0	1008.90	
1939	4	9	7	0	0	1014.00	
1939	4	9	13	0	0	1013.30	
1939	4	9	18	0	0	1012.60	
1939	4	10	7	0	0	1002.20	qc_reject
1939	4	10	13	0	0	1012.10	
1939	4	10	18	0	0	1011.50	
1939	4	11	7	0	0	1010.80	
1939	4	11	13	0	0	1009.60	
1939	4	11	18	0	0	1008.40	
1939	4	12	7	0	0	1008.00	
1939	4	12	13	0	0	1008.10	
1939	4	12	18	0	0	1005.80	
1939	4	13	7	0	0	1002.80	
1939	4	13	13	0	0	1000.30	
1939	4	13	18	0	0	999.30	
1939	4	14	7	0	0	997.80	
1939	4	14	13	0	0	997.90	
1939	4	14	18	0	0	999.50	
1939	4	15	7	0	0	1006.90	
1939	4	15	13	0	0	1004.00	
1939	4	15	18	0	0	1004.40	
1939	4	16	7	0	0	1010.10	
1939	4	16	13	0	0	1013.30	
1939	4	16	18	0	0	1013.40	
1939	4	17	7	0	0	1012.10	
1939	4	17	13	0	0	1019.80	
1939	4	17	18	0	0	1026.10	
1939	4	18	7	0	0	1034.70	
1939	4	18	13	0	0	1035.60	
1939	4	18	18	0	0	1034.90	
1939	4	19	7	0	0	1036.30	
1939	4	19	13	0	0	1034.60	
1939	4	19	18	0	0	1033.10	
1939	4	20	7	0	0	1031.20	
1939	4	20	13	0	0	1029.30	
1939	4	20	18	0	0	1027.80	
1939	4	21	7	0	0	1024.50	
1939	4	21	13	0	0	1019.00	
1939	4	21	18	0	0	1012.30	
1939	4	22	7	0	0	1015.10	
1939	4	22	13	0	0	1015.70	
1939	4	22	18	0	0	1016.30	
1939	4	23	7	0	0	1009.10	
1939	4	23	13	0	0	1004.20	
1939	4	23	18	0	0	1002.60	
1939	4	24	7	0	0	995.90	
1939	4	24	13	0	0	994.40	
1939	4	24	18	0	0	994.80	
1939	4	25	7	0	0	1005.30	
1939	4	25	13	0	0	1010.10	
1939	4	25	18	0	0	1011.60	
1939	4	26	7	0	0	1016.00	
1939	4	26	13	0	0	1016.50	
1939	4	26	18	0	0	1017.90	
1939	4	27	7	0	0	1027.10	
1939	4	27	13	0	0	1028.70	
1939	4	27	18	0	0	1029.00	
1939	4	28	7	0	0	1028.00	
1939	4	28	13	0	0	1027.40	
1939	4	28	18	0	0	1027.10	
1939	4	29	7	0	0	1028.80	
1939	4	29	13	0	0	1028.80	
1939	4	29	18	0	0	1027.80	
1939	4	30	7	0	0	1027.50	
1939	4	30	13	0	0	1025.40	
1939	4	30	18	0	0	1023.60	
1939	5	1	7	0	0	1023.40	
1939	5	1	13	0	0	1022.50	
1939	5	1	18	0	0	1022.60	
1939	5	2	7	0	0	1023.00	
1939	5	2	13	0	0	1021.80	
1939	5	2	18	0	0	1019.50	
1939	5	3	7	0	0	1015.20	
1939	5	3	13	0	0	1013.10	
1939	5	3	18	0	0	1011.20	
1939	5	4	7	0	0	1005.60	
1939	5	5	13	0	0	993.00	
1939	5	5	18	0	0	993.00	
1939	5	6	7	0	0	997.50	
1939	5	6	13	0	0	999.50	
1939	5	6	18	0	0	1001.40	
1939	5	7	7	0	0	1006.80	
1939	5	7	13	0	0	1008.00	
1939	5	7	18	0	0	1009.50	
1939	5	8	7	0	0	1014.80	
1939	5	8	13	0	0	1015.30	
1939	5	8	18	0	0	1016.20	
1939	5	9	7	0	0	1020.70	
1939	5	9	13	0	0	1022.10	
1939	5	9	18	0	0	1023.40	
1939	5	10	7	0	0	1027.20	
1939	5	10	13	0	0	1027.60	
1939	5	10	18	0	0	1027.30	
1939	5	11	7	0	0	1029.50	
1939	5	11	13	0	0	1029.90	
1939	5	11	18	0	0	1029.30	
1939	5	12	7	0	0	1028.90	
1939	5	12	13	0	0	1028.50	
1939	5	12	18	0	0	1028.20	
1939	5	13	7	0	0	1028.00	
1939	5	13	13	0	0	1026.50	
1939	5	13	18	0	0	1024.90	
1939	5	14	7	0	0	1021.00	
1939	5	14	13	0	0	1017.50	
1939	5	14	18	0	0	1015.40	
1939	5	15	7	0	0	1013.70	
1939	5	15	13	0	0	1014.40	
1939	5	15	18	0	0	1014.80	
1939	5	16	7	0	0	1018.10	
1939	5	16	13	0	0	1018.80	
1939	5	16	18	0	0	1018.20	
1939	5	17	7	0	0	1015.60	
1939	5	17	13	0	0	1013.50	
1939	5	17	18	0	0	1012.10	
1939	5	18	7	0	0	1010.80	
1939	5	18	13	0	0	1011.00	
1939	5	18	18	0	0	1010.90	
1939	5	19	7	0	0	1010.50	
1939	5	19	13	0	0	1009.90	
1939	5	19	18	0	0	1009.60	
1939	5	20	7	0	0	1009.70	
1939	5	20	13	0	0	1009.80	
1939	5	20	18	0	0	1009.70	
1939	5	21	7	0	0	1011.10	
1939	5	21	13	0	0	1011.20	
1939	5	21	18	0	0	1011.10	
1939	5	22	7	0	0	1015.90	
1939	5	22	13	0	0	1019.60	
1939	5	22	18	0	0	1019.90	
1939	5	23	7	0	0	1022.60	
1939	5	23	13	0	0	1024.20	
1939	5	23	18	0	0	1024.10	
1939	5	24	7	0	0	1027.60	
1939	5	24	13	0	0	1031.30	
1939	5	24	18	0	0	1032.00	
1939	5	25	7	0	0	1034.50	
1939	5	25	13	0	0	1033.40	
1939	5	25	18	0	0	1032.40	
1939	5	26	7	0	0	1029.20	
1939	5	26	13	0	0	1027.20	
1939	5	26	18	0	0	1025.70	
1939	5	27	7	0	0	1026.50	
1939	5	27	13	0	0	1028.80	
1939	5	27	18	0	0	1029.30	
1939	5	28	7	0	0	1032.70	
1939	5	28	13	0	0	1033.50	
1939	5	28	18	0	0	1032.60	
1939	5	29	7	0	0	1033.30	
1939	5	29	13	0	0	1031.70	
1939	5	29	18	0	0	1030.00	
1939	5	30	7	0	0	1029.50	
1939	5	30	13	0	0	1029.20	
1939	5	30	18	0	0	1027.90	
1939	5	31	7	0	0	1029.70	
1939	5	31	13	0	0	1028.50	
1939	5	31	18	0	0	1027.50	
1939	6	1	7	0	0	1030.60	
1939	6	1	13	0	0	1030.70	
1939	6	1	18	0	0	1030.30	
1939	6	2	7	0	0	1031.80	
1939	6	2	13	0	0	1030.70	
1939	6	2	18	0	0	1029.30	
1939	6	3	7	0	0	1029.90	
1939	6	3	13	0	0	1028.30	
1939	6	3	18	0	0	1026.80	
1939	6	4	7	0	0	1026.20	
1939	6	4	13	0	0	1024.60	
1939	6	4	18	0	0	1023.80	
1939	6	5	7	0	0	1025.00	
1939	6	5	13	0	0	1024.20	
1939	6	5	18	0	0	1023.50	
1939	6	6	7	0	0	1022.50	
1939	6	6	13	0	0	1022.00	
1939	6	6	18	0	0	1021.50	
1939	6	7	7	0	0	1027.10	
1939	6	7	13	0	0	1027.00	
1939	6	7	18	0	0	1026.20	
1939	6	8	7	0	0	1027.90	
1939	6	8	13	0	0	1029.20	
1939	6	8	18	0	0	1029.60	
1939	6	9	7	0	0	1028.10	
1939	6	9	13	0	0	1025.10	
1939	6	9	18	0	0	1021.90	
1939	6	10	7	0	0	1014.70	
1939	6	10	13	0	0	1013.60	
1939	6	10	18	0	0	1011.80	
1939	6	11	7	0	0	1009.00	
1939	6	11	13	0	0	1010.00	
1939	6	11	18	0	0	1010.60	
1939	6	12	7	0	0	1015.10	
1939	6	12	13	0	0	1017.10	
1939	6	12	18	0	0	1018.20	
1939	6	13	7	0	0	1017.70	
1939	6	13	13	0	0	1015.20	
1939	6	13	18	0	0	1013.00	
1939	6	14	7	0	0	1007.60	
1939	6	14	13	0	0	1005.60	
1939	6	14	18	0	0	1004.50	
1939	6	15	7	0	0	996.90	
1939	6	15	13	0	0	999.30	
1939	6	15	18	0	0	1001.00	
1939	6	16	7	0	0	1004.00	
1939	6	16	13	0	0	1003.50	
1939	6	16	18	0	0	1004.80	
1939	6	17	7	0	0	1006.90	
1939	6	17	13	0	0	1004.20	
1939	6	17	18	0	0	1000.70	
1939	6	18	7	0	0	1004.50	
1939	6	18	13	0	0	1006.30	
1939	6	18	18	0	0	1012.40	
1939	6	19	7	0	0	1019.50	
1939	6	19	13	0	0	1020.90	
1939	6	19	18	0	0	1021.20	
1939	6	20	7	0	0	1020.80	
1939	6	20	13	0	0	1021.80	
1939	6	20	18	0	0	1022.50	
1939	6	21	7	0	0	1027.20	
1939	6	21	13	0	0	1027.20	
1939	6	21	18	0	0	1025.00	
1939	6	23	7	0	0	1018.70	
1939	6	23	13	0	0	1014.70	
1939	6	23	18	0	0	1010.80	
1939	6	24	7	0	0	1010.60	
1939	6	24	13	0	0	1010.80	
1939	6	24	18	0	0	1009.90	
1939	6	25	7	0	0	1009.60	
1939	6	25	13	0	0	1009.80	
1939	6	25	18	0	0	1009.90	
1939	6	26	7	0	0	1012.90	
1939	6	26	13	0	0	1014.80	
1939	6	26	18	0	0	1015.10	
1939	6	27	7	0	0	1017.60	
1939	6	27	13	0	0	1016.30	
1939	6	27	18	0	0	1012.70	
1939	6	28	7	0	0	1000.70	
1939	6	28	13	0	0	997.10	
1939	6	28	18	0	0	997.60	
1939	6	29	7	0	0	1004.70	
1939	6	29	13	0	0	1006.80	
1939	6	29	18	0	0	1007.70	
1939	6	30	7	0	0	1007.70	
1939	6	30	13	0	0	1008.00	
1939	6	30	18	0	0	1009.50	
1939	7	1	7	0	0	1015.10	
1939	7	1	13	0	0	1015.80	
1939	7	1	18	0	0	1015.90	
1939	7	2	7	0	0	1010.60	
1939	7	2	13	0	0	1010.80	
1939	7	2	18	0	0	1011.90	
1939	7	3	7	0	0	1014.30	
1939	7	3	13	0	0	1014.30	
1939	7	3	18	0	0	1012.40	
1939	7	4	7	0	0	1006.50	
1939	7	4	13	0	0	1004.90	
1939	7	4	18	0	0	1003.20	
1939	7	5	7	0	0	1000.60	
1939	7	5	13	0	0	1000.50	
1939	7	5	18	0	0	1000.40	
1939	7	6	7	0	0	1004.20	
1939	7	6	13	0	0	1004.90	
1939	7	6	18	0	0	1002.60	
1939	7	7	7	0	0	1000.80	
1939	7	7	13	0	0	1002.90	
1939	7	7	18	0	0	1003.00	
1939	7	8	7	0	0	1006.00	
1939	7	8	13	0	0	1003.90	
1939	7	8	18	0	0	1004.40	
1939	7	9	7	0	0	1008.40	
1939	7	9	13	0	0	1012.00	
1939	7	9	18	0	0	1015.30	
1939	7	10	7	0	0	1021.50	
1939	7	10	13	0	0	1024.30	
1939	7	10	18	0	0	1025.20	
1939	7	11	7	0	0	1024.00	
1939	7	11	13	0	0	1023.60	
1939	7	11	18	0	0	1022.70	
1939	7	12	7	0	0	1018.60	
1939	7	12	13	0	0	1014.80	
1939	7	12	18	0	0	1011.70	
1939	7	13	7	0	0	1003.90	
1939	7	13	13	0	0	1001.70	
1939	7	13	18	0	0	1000.10	
1939	7	14	7	0	0	997.70	
1939	7	14	13	0	0	996.80	
1939	7	14	18	0	0	997.30	
1939	7	15	7	0	0	1001.00	
1939	7	15	13	0	0	1001.90	
1939	7	15	18	0	0	1002.30	
1939	7	16	7	0	0	1002.70	
1939	7	16	13	0	0	1001.30	
1939	7	16	18	0	0	999.50	
1939	7	17	13	0	0	1001.80	
1939	7	17	18	0	0	1003.00	
1939	7	18	7	0	0	1006.10	
1939	7	18	13	0	0	1006.60	
1939	7	18	18	0	0	1005.80	
1939	7	19	7	0	0	1004.70	
1939	7	19	13	0	0	1005.20	
1939	7	19	18	0	0	1005.60	
1939	7	20	7	0	0	1008.90	
1939	7	20	13	0	0	1011.00	
1939	7	20	18	0	0	1012.10	
1939	7	21	7	0	0	1014.30	
1939	7	21	13	0	0	1014.10	
1939	7	21	18	0	0	1012.90	
1939	7	22	7	0	0	1007.80	
1939	7	22	13	0	0	1008.20	
1939	7	22	18	0	0	1009.00	
1939	7	23	7	0	0	1004.40	
1939	7	23	13	0	0	1002.90	
1939	7	23	18	0	0	1001.20	
1939	7	24	7	0	0	1004.50	
1939	7	24	13	0	0	1007.40	
1939	7	24	18	0	0	1009.50	
1939	7	25	7	0	0	1011.80	
1939	7	25	13	0	0	1013.10	
1939	7	25	18	0	0	1013.40	
1939	7	26	7	0	0	1016.60	
1939	7	26	13	0	0	1016.60	
1939	7	26	18	0	0	1016.60	
1939	7	27	7	0	0	1015.00	
1939	7	27	13	0	0	1013.20	
1939	7	27	18	0	0	1011.20	
1939	7	28	7	0	0	1006.50	
1939	7	28	13	0	0	1002.40	
1939	7	28	18	0	0	999.90	
1939	7	29	7	0	0	1003.30	
1939	7	29	13	0	0	1002.90	
1939	7	29	18	0	0	1001.10	
1939	7	30	7	0	0	998.90	
1939	7	30	13	0	0	998.70	
1939	7	30	18	0	0	999.10	
1939	7	31	7	0	0	1000.10	
1939	7	31	13	0	0	1005.10	
1939	7	31	18	0	0	1009.40	
1939	8	1	7	0	0	1014.20	
1939	8	1	13	0	0	1014.70	
1939	8	1	18	0	0	1017.10	
1939	8	2	7	0	0	1015.10	
1939	8	2	13	0	0	1012.70	
1939	8	2	18	0	0	1010.60	
1939	8	3	7	0	0	1011.00	
1939	8	3	13	0	0	1012.90	
1939	8	3	18	0	0	1015.30	
1939	8	4	7	0	0	1021.90	
1939	8	4	13	0	0	1022.70	
1939	8	4	18	0	0	1022.20	
1939	8	5	7	0	0	1020.80	
1939	8	5	13	0	0	1018.50	
1939	8	5	18	0	0	1016.20	
1939	8	6	7	0	0	1011.80	
1939	8	6	13	0	0	1010.00	
1939	8	6	18	0	0	1009.50	
1939	8	7	7	0	0	1007.00	
1939	8	7	13	0	0	1006.10	
1939	8	7	18	0	0	1005.10	
1939	8	8	1	0	0	1005.30	
1939	8	8	7	0	0	1005.10	
1939	8	8	13	0	0	1007.60	
1939	8	8	18	0	0	1008.90	
1939	8	9	7	0	0	1008.30	
1939	8	9	13	0	0	1003.90	
1939	8	9	18	0	0	1000.40	
1939	8	10	7	0	0	1003.20	
1939	8	10	13	0	0	1005.60	
1939	8	10	18	0	0	1007.80	
1939	8	11	7	0	0	1011.10	
1939	8	11	13	0	0	1012.30	
1939	8	11	18	0	0	1015.50	
1939	8	12	7	0	0	1020.00	
1939	8	12	13	0	0	1022.00	
1939	8	12	18	0	0	1022.20	
1939	8	13	7	0	0	1023.60	
1939	8	13	13	0	0	1023.50	
1939	8	13	18	0	0	1023.20	
1939	8	14	7	0	0	1024.50	
1939	8	14	13	0	0	1024.20	
1939	8	14	18	0	0	1024.40	
1939	8	15	7	0	0	1027.30	
1939	8	15	13	0	0	1027.10	
1939	8	15	18	0	0	1026.10	
1939	8	16	7	0	0	1027.00	
1939	8	16	13	0	0	1026.70	
1939	8	16	18	0	0	1025.40	
1939	8	17	7	0	0	1025.10	
1939	8	17	13	0	0	1023.70	
1939	8	17	18	0	0	1021.70	
1939	8	18	7	0	0	1021.40	
1939	8	18	13	0	0	1020.50	
1939	8	18	18	0	0	1019.70	
1939	8	19	7	0	0	1020.20	
1939	8	19	13	0	0	1019.90	
1939	8	19	18	0	0	1018.10	
1939	8	20	7	0	0	1016.20	
1939	8	20	13	0	0	1015.40	
1939	8	20	18	0	0	1015.00	
1939	8	21	7	0	0	1013.80	
1939	8	21	13	0	0	1013.10	
1939	8	21	18	0	0	1012.50	
1939	8	22	7	0	0	1013.80	
1939	8	22	13	0	0	1014.80	
1939	8	22	18	0	0	1015.70	
1939	8	23	7	0	0	1019.30	
1939	8	23	13	0	0	1019.30	
1939	8	23	18	0	0	1018.80	
1939	8	24	7	0	0	1018.80	
1939	8	24	13	0	0	1017.70	
1939	8	24	18	0	0	1016.60	
1939	8	25	7	0	0	1016.10	
1939	8	25	13	0	0	1014.90	
1939	8	25	18	0	0	1013.80	
1939	8	26	7	0	0	1012.40	
1939	8	26	13	0	0	1012.00	
1939	8	27	7	0	0	1013.10	
1939	8	27	13	0	0	1014.10	
1939	8	27	18	0	0	1015.40	
1939	8	28	7	0	0	1016.50	
1939	8	28	13	0	0	1017.20	
1939	8	28	18	0	0	1010.70	
1939	8	29	7	0	0	1018.20	
1939	8	29	13	0	0	1017.80	
1939	8	29	18	0	0	1016.30	
1939	8	30	7	0	0	1015.90	
1939	8	30	13	0	0	1015.40	
1939	8	30	18	0	0	1013.70	
1939	8	31	7	0	0	1012.00	
1939	8	31	13	0	0	1011.20	
1939	8	31	18	0	0	1009.10	
1939	9	1	7	0	0	1009.10	
1939	9	1	13	0	0	1010.70	
1939	9	1	18	0	0	1011.20	
1939	9	2	13	0	0	1011.00	
1939	9	2	18	0	0	1009.20	
1939	9	3	7	0	0	1001.90	
1939	9	3	13	0	0	1000.40	
1939	9	3	18	0	0	1003.70	
1939	9	4	13	0	0	1014.90	
1939	9	4	18	0	0	1015.30	
1939	9	5	7	0	0	1015.80	
1939	9	5	13	0	0	1015.30	
1939	9	5	18	0	0	1014.70	
1939	9	6	7	0	0	1017.10	
1939	9	6	13	0	0	1018.20	
1939	9	6	18	0	0	1018.20	
1939	9	7	7	0	0	1018.60	
1939	9	7	13	0	0	1018.30	
1939	9	7	18	0	0	1016.30	
1939	9	8	13	0	0	1016.30	
1939	9	8	18	0	0	1017.20	
1939	9	9	13	0	0	1019.50	
1939	9	9	18	0	0	1018.20	
1939	9	10	7	0	0	1011.90	
1939	9	10	13	0	0	1008.00	
1939	9	10	18	0	0	1008.70	
1939	9	11	7	0	0	1013.90	
1939	9	11	13	0	0	1017.10	
1939	9	11	18	0	0	1019.20	
1939	9	12	7	0	0	1021.40	
1939	9	12	13	0	0	1020.50	
1939	9	12	18	0	0	1017.50	
1939	9	13	7	0	0	1012.20	
1939	9	13	13	0	0	1011.00	
1939	9	13	18	0	0	1010.50	
1939	9	14	7	0	0	1012.60	
1939	9	14	13	0	0	1015.10	
1939	9	14	18	0	0	1016.90	
1939	9	15	7	0	0	1019.30	
1939	9	15	13	0	0	1020.30	
1939	9	15	18	0	0	1021.50	
1939	9	16	7	0	0	1025.60	
1939	9	16	13	0	0	1027.30	
1939	9	16	18	0	0	1027.70	
1939	9	17	7	0	0	1030.60	
1939	9	17	13	0	0	1031.50	
1939	9	17	18	0	0	1031.80	
1939	9	18	7	0	0	1034.30	
1939	9	18	13	0	0	1035.10	
1939	9	18	18	0	0	1034.60	
1939	9	19	7	0	0	1035.00	
1939	9	19	13	0	0	1034.40	
1939	9	19	18	0	0	1033.00	
1939	9	20	7	0	0	1032.00	
1939	9	20	13	0	0	1030.70	
1939	9	20	18	0	0	1029.40	
1939	9	21	7	0	0	1029.00	
1939	9	21	13	0	0	1029.10	
1939	9	21	18	0	0	1028.50	
1939	9	22	7	0	0	1028.00	
1939	9	22	13	0	0	1027.50	
1939	9	22	18	0	0	1027.00	
1939	9	23	7	0	0	1027.60	
1939	9	23	13	0	0	1029.20	
1939	9	23	18	0	0	1029.50	
1939	9	24	7	0	0	1032.90	
1939	9	24	13	0	0	1032.80	
1939	9	24	18	0	0	1032.50	
1939	9	25	7	0	0	1031.90	
1939	9	25	13	0	0	1030.80	
1939	9	25	18	0	0	1029.00	
1939	9	26	7	0	0	1026.70	
1939	9	26	13	0	0	1026.70	
1939	9	26	18	0	0	1026.70	
1939	9	27	7	0	0	1030.00	
1939	9	27	13	0	0	1031.10	
1939	9	27	18	0	0	1030.40	
1939	9	28	7	0	0	1029.20	
1939	9	28	13	0	0	1026.20	
1939	9	28	18	0	0	1023.40	
1939	9	29	7	0	0	1019.30	
1939	9	29	13	0	0	1017.70	
1939	9	29	18	0	0	1015.80	
1939	9	30	7	0	0	1012.00	
